cake 0.9388168 0.53299236 0.04419289 0.8245134 0.15379298
cake 0.89706355 0.5033061 0.63632727 0.6084128 0.69516504
cake 0.77399516 0.53389627 0.28484625 0.8119517 0.39924085
couch 0.6082815 0.45575792 0.06377791 0.5111188 0.105243504
fork 0.6020018 0.4920625 0.2509078 0.5037314 0.26240894
clock 0.5732767 0.48261267 0.07206536 0.5111473 0.09117658
spoon 0.5709177 0.5596875 0.2545997 0.5851409 0.28666192
cake 0.5391048 0.5152849 0.59034824 0.5984355 0.6305648
fork 0.50730807 0.47864014 0.25567436 0.49282616 0.26519525
cake 0.47740656 0.50187635 0.6603343 0.52155644 0.69395477
microwave 0.46034503 0.5143471 0.28648004 0.5415582 0.38736358
cake 0.4344962 0.49660596 0.64325744 0.5115647 0.6584843
cake 0.4065321 0.49786797 0.5975564 0.5107669 0.6254745
cell phone 0.39741647 0.40861714 0.43058994 0.45845112 0.46473637
cake 0.37147737 0.5096862 0.69260395 0.5645076 0.7176049
cake 0.3667107 0.507321 0.69137484 0.59711695 0.71911305
tennis racket 0.33560136 0.48842752 0.17594118 0.5383261 0.18404616
cake 0.3112311 0.48758152 0.6573733 0.5175245 0.66886234
microwave 0.30226132 0.51467305 0.28937286 0.5390585 0.42633992
