sink 0.96084726 0.3605878 0.12565085 0.89552927 0.28363854
cake 0.85721874 0.68931377 0.6317551 0.93788576 0.7147014
cake 0.83470124 0.6282362 0.6950791 0.7935656 0.76243436
microwave 0.7858687 0.4011824 0.66157955 0.5459041 0.74943584
cell phone 0.76781875 0.39630032 0.6076307 0.445989 0.66085804
cake 0.7549148 0.65878534 0.66227186 0.8589044 0.7403097
toaster 0.6584326 0.52980214 0.36884522 0.5558 0.44824755
toaster 0.6350112 0.5352436 0.30519086 0.568096 0.3866788
cell phone 0.55120564 0.5001642 0.27922288 0.5679176 0.30921552
wine glass 0.53055423 0.33654037 0.82547003 0.35551077 0.84425753
wine glass 0.5265727 0.35588264 0.29462612 0.37802652 0.30543518
clock 0.45065904 0.22993892 0.73142976 0.257668 0.7509355
tennis racket 0.4226102 0.40867597 0.29872662 0.45158687 0.30957592
wine glass 0.39896938 0.33627132 0.85542065 0.353475 0.86998945
clock 0.39530158 0.4851301 0.53789157 0.5147395 0.55399936
clock 0.30792642 0.2209445 0.6737889 0.26489112 0.6987165
