cake 0.94982153 0.80760187 0.51623905 0.9258699 0.7831503
cake 0.8292916 0.8017633 0.19082382 0.9189744 0.46181384
clock 0.8068689 0.543612 0.32641196 0.6260817 0.35078955
banana 0.72178435 0.6148419 0.4193501 0.658413 0.6010447
microwave 0.6904804 0.60656005 0.0806187 0.91584426 0.15052116
couch 0.6651249 0.50607735 0.695775 0.5664842 0.72855145
couch 0.635206 0.48623115 0.66085684 0.5641901 0.693377
couch 0.56429374 0.51730895 0.63198715 0.56574744 0.66006714
banana 0.5590058 0.57363516 0.26736027 0.5976371 0.30551744
spoon 0.51557463 0.59292674 0.2636158 0.6261646 0.31334555
couch 0.505738 0.43410438 0.308242 0.6281501 0.3833702
banana 0.46166876 0.57382315 0.287456 0.5929516 0.30033305
banana 0.39788023 0.63469905 0.42254135 0.6548971 0.44238397
banana 0.37815875 0.5845827 0.2954032 0.5973593 0.31039068
banana 0.35295856 0.5780268 0.26574466 0.59893155 0.27828118
banana 0.30456442 0.63182676 0.4427432 0.6543496 0.4663929
