cake 0.93978024 0.6841637 0.47781527 0.99749607 0.59689784
cake 0.9289248 0.65181565 0.6555389 0.9938338 0.80261374
sink 0.9081375 0.3648524 0.72725886 0.73161596 0.80856997
microwave 0.82698923 0.53835607 0.3179631 0.73421216 0.44440982
spoon 0.7711294 0.5919602 0.49549985 0.6223968 0.5308939
spoon 0.7624968 0.5766445 0.675753 0.6024253 0.71111345
tennis racket 0.70330095 0.5084167 0.5166704 0.5982518 0.5355719
microwave 0.70174056 0.48172107 0.09573762 0.76502544 0.16642986
tennis racket 0.601654 0.49974528 0.53397375 0.58448994 0.5493085
clock 0.53618634 0.51630896 0.44777605 0.54129225 0.46350202
sandwich 0.53071326 0.5337355 0.2227669 0.54942477 0.23438168
banana 0.5234073 0.53198564 0.2103352 0.55094665 0.22113425
spoon 0.51883847 0.5553966 0.4525288 0.5756787 0.48222998
spoon 0.47330335 0.50427073 0.3281087 0.53600687 0.37203065
sandwich 0.4638715 0.53198564 0.2103352 0.55094665 0.22113425
knife 0.43056676 0.6089472 0.5597491 0.63005656 0.577767
sandwich 0.41770893 0.58751994 0.5820179 0.6058793 0.5925609
sandwich 0.38982594 0.5782058 0.5923018 0.58885294 0.60083264
knife 0.38768196 0.56985253 0.4914221 0.58682203 0.50605005
clock 0.37153488 0.2586658 0.26040995 0.28488463 0.28070986
wine glass 0.3674593 0.53223485 0.5776505 0.56652755 0.59241575
sandwich 0.36010468 0.59099835 0.5712607 0.60677725 0.582423
banana 0.33790004 0.5317013 0.19209763 0.5447441 0.20346576
wine glass 0.33578882 0.29800728 0.25788015 0.32778952 0.26848608
banana 0.33300608 0.5337355 0.2227669 0.54942477 0.23438168
bowl 0.31728777 0.51507217 0.18442883 0.5458654 0.19304465
sandwich 0.31721 0.562362 0.58901936 0.58109295 0.6007976
banana 0.3001253 0.5345168 0.17713544 0.5443084 0.18439692
