cake 0.94962066 0.62855947 0.46495822 0.9452344 0.70295787
cake 0.9448724 0.6506343 0.1985264 0.97072613 0.4124923
couch 0.9155627 0.3753495 0.035113618 0.49411282 0.22866194
spoon 0.8102611 0.5212234 0.059153415 0.5624132 0.19584128
banana 0.67488736 0.49615896 0.09274404 0.52392805 0.13038051
cake 0.6424087 0.64893085 0.0012353648 0.9878978 0.14397952
banana 0.5253619 0.49463633 0.13019325 0.5236422 0.16682805
banana 0.45548078 0.51905036 0.08307039 0.5329515 0.12167299
sink 0.41792136 0.20500383 0.8161466 0.8848374 0.96726257
spoon 0.41169584 0.45640066 0.58829165 0.4871333 0.6304662
wine glass 0.40489647 0.44478226 0.6721371 0.48651826 0.7151632
wine glass 0.3973902 0.4493755 0.6313702 0.48671925 0.67192525
sandwich 0.37366897 0.49615896 0.09274404 0.52392805 0.13038051
banana 0.36020005 0.5481832 0.19070873 0.55947053 0.21368755
banana 0.35821435 0.53821635 0.16909489 0.5595484 0.19621336
microwave 0.34826386 0.5023115 0.3307068 0.67299885 0.55885637
banana 0.32943526 0.5169253 0.15070182 0.5303666 0.1822802
