cake 0.9033449 0.6720365 0.51981235 0.8853022 0.6759366
cake 0.8579276 0.6558239 0.6560493 0.8481799 0.77419746
cake 0.84460604 0.64226353 0.7511056 0.81642365 0.8470321
sink 0.6542304 0.36328226 0.0 0.7812379 0.21056816
couch 0.5594483 0.54245096 0.9246979 0.58657295 0.9716881
sandwich 0.5495419 0.5952341 0.69130754 0.60658807 0.7067344
toaster 0.54657733 0.6056258 0.47426784 0.62629956 0.6146815
sandwich 0.53399515 0.59441423 0.70488656 0.60697794 0.72594523
toaster 0.5117445 0.5720211 0.33602008 0.58856535 0.41957864
wine glass 0.4829825 0.55675954 0.30398908 0.57750946 0.32399616
banana 0.3772344 0.59747446 0.74236965 0.60776865 0.757707
banana 0.36400136 0.5952341 0.69130754 0.60658807 0.7067344
banana 0.35255915 0.5806028 0.7389846 0.59248406 0.7516524
sandwich 0.35163197 0.59252053 0.6959184 0.60731465 0.7548034
banana 0.32935482 0.5950851 0.7274018 0.6067757 0.7435862
clock 0.32529518 0.555783 0.73723584 0.5678931 0.7505874
sandwich 0.31815845 0.5805555 0.72353154 0.5900925 0.73811203
