couch 0.8417415 0.3753121 0.56669456 0.5540518 0.6873676
spoon 0.7967453 0.5171066 0.6084323 0.5869522 0.7765207
wine glass 0.7341228 0.49393445 0.90211624 0.5295028 0.9204071
sandwich 0.68842 0.5196257 0.68340296 0.5444139 0.7018059
cake 0.6864823 0.7493445 0.04474453 0.99940586 0.19949785
banana 0.53166324 0.5750327 0.3764315 0.5979004 0.3959746
wine glass 0.5303976 0.50262445 0.9195244 0.5305123 0.93503135
sandwich 0.52968705 0.5056742 0.6331825 0.5472629 0.66773784
toaster 0.52861345 0.56811225 0.43918082 0.5892289 0.4945821
sandwich 0.5170526 0.536959 0.68125594 0.55062467 0.69742846
sandwich 0.5068677 0.5275093 0.65995723 0.54346246 0.673382
sandwich 0.49599126 0.46016762 0.93332624 0.47591767 0.9535184
banana 0.47467965 0.5275093 0.65995723 0.54346246 0.673382
clock 0.46129343 0.48643777 0.59551764 0.5619951 0.6277808
banana 0.43486407 0.51085645 0.7229017 0.543501 0.7478497
sandwich 0.42152962 0.5379561 0.66614723 0.5497129 0.6819351
banana 0.41130167 0.5056742 0.6331825 0.5472629 0.66773784
sandwich 0.39339113 0.51540995 0.7202796 0.54350066 0.7345996
banana 0.37892595 0.5379561 0.66614723 0.5497129 0.6819351
toaster 0.36766616 0.51791036 0.7811284 0.53712934 0.9019711
wine glass 0.3645061 0.52447367 0.40265378 0.5934157 0.4539725
toaster 0.3240836 0.51968676 0.8286793 0.5378322 0.9011555
banana 0.3240765 0.5757534 0.39741936 0.59872234 0.4162332
sandwich 0.31618077 0.5363148 0.64910436 0.54960996 0.6659925
bowl 0.30619934 0.49613783 0.67711025 0.5370588 0.718618
