cake 0.92575717 0.55176216 0.33337706 1.0 0.5002196
cake 0.8754621 0.5394158 0.28095824 0.8972451 0.35519946
microwave 0.83447963 0.3227935 0.71786296 0.727663 0.8580328
cake 0.76071024 0.5250294 0.2395275 0.81758255 0.29603633
couch 0.59903866 0.38192016 0.6667552 0.5002421 0.70423245
banana 0.5733548 0.4990938 0.58454233 0.5280352 0.6053433
cake 0.5344933 0.537143 0.14518459 0.57872957 0.1897813
spoon 0.52822703 0.48007363 0.626507 0.4984351 0.6588498
toaster 0.44069296 0.5201396 0.4647544 0.5411383 0.52551013
sandwich 0.43415457 0.4990938 0.58454233 0.5280352 0.6053433
couch 0.43414828 0.44783607 0.6651235 0.49603766 0.68407804
sandwich 0.3808484 0.5132529 0.5379443 0.53466904 0.5528488
sandwich 0.36888158 0.52053493 0.55247194 0.5594107 0.56766933
tennis racket 0.3459469 0.44075873 0.5252306 0.49282938 0.53607255
bowl 0.3436959 0.51688105 0.551577 0.55836844 0.5679401
chair 0.33768725 0.547348 0.01536632 0.6516604 0.057726074
spoon 0.33580717 0.5260296 0.5268496 0.58046705 0.61696684
banana 0.3296789 0.4943012 0.55563956 0.50945276 0.570715
sandwich 0.32215583 0.5079262 0.55680317 0.527501 0.57305604
cake 0.302668 0.5216942 0.07605673 0.5755427 0.13166274
