wine glass 0.86687833 0.75735587 0.53835815 0.89031625 0.580777
spoon 0.86384696 0.7965945 0.42801112 0.86814964 0.5081772
spoon 0.80137235 0.7038866 0.3149246 0.7466106 0.37441468
couch 0.78553987 0.48707992 0.4817279 0.5753576 0.5312708
toaster 0.74930066 0.76484805 0.57700914 0.82828194 0.7012562
spoon 0.7186834 0.32749754 0.48683035 0.3436546 0.5101672
wine glass 0.7098 0.6723119 0.39496797 0.7609306 0.42304158
spoon 0.70012254 0.64967686 0.25698 0.68030465 0.30338
banana 0.6404805 0.64466965 0.40654293 0.67095214 0.42672548
clock 0.59077984 0.5401787 0.5847701 0.58385223 0.5985534
spoon 0.58945394 0.31643173 0.5160002 0.34468824 0.53747183
wine glass 0.56570345 0.6223039 0.30824277 0.6898576 0.33323917
couch 0.55350584 0.45652673 0.56236356 0.5833213 0.6205724
cake 0.5246628 0.8451631 0.18209514 1.0 0.32141992
microwave 0.5025548 0.56827396 0.25200045 0.61100024 0.41617048
banana 0.48924795 0.6420547 0.35789523 0.70151097 0.4745535
spoon 0.4765197 0.4342828 0.48466927 0.45328888 0.5146167
banana 0.46991676 0.6532868 0.3926506 0.67043036 0.4076919
banana 0.4512578 0.65215224 0.4343861 0.6818591 0.4521483
banana 0.43502837 0.6614468 0.41214386 0.69001645 0.43603083
cake 0.40958136 0.95741665 0.24032882 1.0 0.38835588
spoon 0.3951235 0.6483478 0.3598218 0.70433474 0.4792847
banana 0.32778957 0.65345657 0.43725088 0.6843962 0.46587208
spoon 0.3180711 0.3759414 0.48551062 0.40355363 0.51910883
spoon 0.316801 0.38189426 0.52344316 0.40207955 0.5380431
clock 0.30526525 0.5401963 0.49425212 0.5724418 0.5197687
