spoon 0.81855834 0.4899256 0.18384215 0.52941936 0.23659232
cake 0.7561811 0.56262994 0.3988176 0.9915688 0.47202337
wine glass 0.65896475 0.5059958 0.14186582 0.5389896 0.16035569
couch 0.63515407 0.47800007 0.49495578 0.5520174 0.53066635
toaster 0.6008406 0.5452219 0.13497882 0.5690716 0.19703679
wine glass 0.57248515 0.5114755 0.15826023 0.5394976 0.1756216
sandwich 0.5683739 0.52391106 0.55261546 0.54040796 0.56232554
sandwich 0.56376696 0.53734475 0.5497778 0.55685997 0.5627652
cake 0.52029574 0.5737491 0.67436403 0.610753 0.7223397
spoon 0.5200451 0.5109252 0.810778 0.54913795 0.8467562
tennis racket 0.5123621 0.5061464 0.90940636 0.55766934 0.9236762
cake 0.51011056 0.55414397 0.62447405 0.5810697 0.65522504
tennis racket 0.48856658 0.4999026 0.9276902 0.558131 0.9405238
wine glass 0.48192954 0.4041192 0.96192056 0.43187457 0.98107606
sandwich 0.47872603 0.52007455 0.52760917 0.5433563 0.540759
sandwich 0.4781073 0.51209515 0.5406136 0.5385067 0.5548088
sandwich 0.44927093 0.50502914 0.52742934 0.521885 0.54059553
wine glass 0.42540392 0.40835094 0.9486067 0.42539996 0.964005
sandwich 0.405317 0.5367035 0.5345816 0.5571352 0.54953355
sandwich 0.33947903 0.5370619 0.5222438 0.55584574 0.53430206
wine glass 0.3217681 0.41313297 0.9796597 0.43228775 0.9915314
toaster 0.31518945 0.51115906 0.060951274 0.6143816 0.14721361
clock 0.30461386 0.5112404 0.4994408 0.55235547 0.52190423
