sink 0.96399 0.33824632 0.40714446 0.70627373 0.5570652
clock 0.8077272 0.46136194 0.77036417 0.5501025 0.8136983
couch 0.78536284 0.33274823 0.7247935 0.5509405 0.86402017
spoon 0.75904375 0.5156351 0.79791427 0.5558909 0.86951244
microwave 0.64072895 0.5608255 0.6657161 0.98266304 0.7518621
toaster 0.63017154 0.5367459 0.21480238 0.56391585 0.36861128
cake 0.5880403 0.5731967 0.5566531 0.7507174 0.6493966
tennis racket 0.58294946 0.49283707 0.9688167 0.5909065 0.9885619
cake 0.5828861 0.8157481 0.0 0.9359537 0.21645997
spoon 0.5738068 0.18243705 0.07667467 0.21403429 0.11531392
spoon 0.5546783 0.1265161 0.066781916 0.15855506 0.118956484
spoon 0.5298768 0.16187929 0.076832585 0.18440923 0.114349924
spoon 0.5112781 0.14413247 0.073787466 0.1808495 0.11608906
banana 0.4283334 0.4956787 0.82695454 0.51909906 0.85125226
banana 0.38718283 0.49869528 0.17314035 0.5217048 0.19623888
spoon 0.38331044 0.52030456 0.15283982 0.56351995 0.23192884
couch 0.377803 0.3728775 0.9363837 0.47944376 0.99759424
banana 0.33705616 0.50022924 0.81827 0.5158886 0.8316148
banana 0.32218665 0.5048639 0.84448045 0.5188444 0.86199814
tennis racket 0.31192258 0.45547444 0.98218286 0.59852743 1.0
