cake 0.9151998 0.47551927 0.7009464 0.7487944 0.78830165
cake 0.8997825 0.46899498 0.6172129 0.7193674 0.69796395
couch 0.7626945 0.59393764 0.22084364 0.7245435 0.28219917
couch 0.74180645 0.4452147 0.2215635 0.48687625 0.24178444
cake 0.7279923 0.53599584 0.31044966 0.61920124 0.3872726
couch 0.69309187 0.45005992 0.24365522 0.49099585 0.25964457
parking meter 0.6831884 0.7526 0.28328526 0.9970718 0.64261615
couch 0.5855862 0.5729334 0.32448766 0.67317545 0.38231018
bowl 0.5537806 0.40573284 0.93430144 0.44533333 0.9507398
couch 0.53404665 0.45268318 0.26399383 0.4939636 0.28654656
couch 0.53355163 0.60150075 0.2740549 0.70485723 0.33153918
sandwich 0.5319503 0.44618705 0.69155884 0.4645792 0.7032509
cake 0.5253784 0.5244507 0.5085436 0.79165226 0.6130115
clock 0.5088267 0.4748855 0.25533137 0.5059238 0.269236
cake 0.50433785 0.4649334 0.54584193 0.61879754 0.6205517
clock 0.49720162 0.61750257 0.37910575 0.65329266 0.41603053
wine glass 0.48360798 0.3259778 0.95685214 0.34849456 0.97081894
wine glass 0.4732407 0.3122882 0.9891466 0.3490703 1.0
wine glass 0.44777912 0.32785207 0.9396261 0.34793222 0.952544
knife 0.43346038 0.38734242 0.6575279 0.40804523 0.6661395
cake 0.4262909 0.6206541 0.0013145953 0.79106396 0.14439029
clock 0.42285246 0.63293934 0.34229535 0.6703847 0.37977248
wine glass 0.41608897 0.32843038 0.9756257 0.34755751 0.98698467
couch 0.40898883 0.45144966 0.2538901 0.50163513 0.271747
couch 0.38148764 0.56828606 0.3709005 0.65546286 0.43075716
wine glass 0.36550024 0.226111 0.9761508 0.26076743 0.9970475
fork 0.3626562 0.37812936 0.5541207 0.39177892 0.5584268
clock 0.3549031 0.6606382 0.2837831 0.7009717 0.32821563
toaster 0.343675 0.42618898 0.49658594 0.44478825 0.55249393
wine glass 0.31630564 0.22857031 0.9946138 0.258081 1.0
spoon 0.31530204 0.31894094 0.58823794 0.3409046 0.6026897
toaster 0.314152 0.43531653 0.44446373 0.45135635 0.50642335
sandwich 0.31253386 0.45260188 0.6831513 0.4635377 0.6936886
clock 0.31090695 0.4772527 0.2666537 0.4970089 0.27948686
