microwave 0.8525904 0.5753998 0.39500377 0.80846715 0.64839613
spoon 0.73879695 0.19786738 0.30707735 0.23491354 0.36606628
spoon 0.68770385 0.59391314 0.7779894 0.65553355 0.9220303
bowl 0.65718025 0.55246043 0.7954675 0.60515934 0.8495276
spoon 0.63793033 0.20651937 0.24849907 0.23439772 0.29711434
knife 0.6291666 0.49146008 0.65043837 0.51661646 0.66535825
knife 0.62423015 0.48458856 0.67279625 0.51612794 0.6888391
wine glass 0.59469604 0.30515403 0.7583781 0.33207375 0.78291816
wine glass 0.5454075 0.4056893 0.7251683 0.43167612 0.74161583
knife 0.51923865 0.48493972 0.66170865 0.51551515 0.6785727
bowl 0.51856613 0.5774489 0.8469402 0.60863435 0.8831876
wine glass 0.4941559 0.40557536 0.69853896 0.43192855 0.71945757
wine glass 0.4874959 0.30066112 0.27234703 0.33285466 0.28581452
toaster 0.46461695 0.62891036 0.22313556 0.6490515 0.32718274
wine glass 0.46370992 0.29794934 0.25307167 0.33282954 0.27236533
wine glass 0.46130797 0.3012923 0.3522892 0.33398864 0.3719179
wine glass 0.45642164 0.40547955 0.6730592 0.43196437 0.69175696
spoon 0.45522788 0.6318441 0.90398276 0.67142826 0.97561324
wine glass 0.43352795 0.54088 0.24009508 0.56445116 0.25519362
wine glass 0.4289386 0.3131423 0.7813281 0.33193952 0.80072534
wine glass 0.40970308 0.30291116 0.33941495 0.33258855 0.35278356
spoon 0.39177355 0.21761058 0.7110745 0.23575811 0.7639725
sandwich 0.3874768 0.55412424 0.31308526 0.5704678 0.32597297
sandwich 0.38151658 0.55188835 0.30400863 0.56934476 0.31545362
wine glass 0.368185 0.30308482 0.30717343 0.33227685 0.32246834
bowl 0.3529443 0.55500126 0.84443593 0.61023575 0.9007236
banana 0.34485698 0.5774489 0.8469402 0.60863435 0.8831876
wine glass 0.3384356 0.3011443 0.29219067 0.33224428 0.30403405
wine glass 0.3341276 0.30324155 0.31446698 0.3317894 0.32966456
bowl 0.30059937 0.5741461 0.81892556 0.60596716 0.85110873
