couch 0.81098413 0.54687005 0.26414427 0.60940945 0.31811962
spoon 0.7544992 0.5813977 0.5904336 0.6060129 0.61842513
spoon 0.7482175 0.5637713 0.62348396 0.6080171 0.6724183
cake 0.71770513 0.8454191 0.7578094 0.9971059 0.96369493
knife 0.637631 0.47161582 0.34324667 0.54293495 0.35552827
spoon 0.60341495 0.57250446 0.042648982 0.6096567 0.12227821
spoon 0.57377446 0.58567566 0.6637293 0.6119689 0.700029
knife 0.5577699 0.4702179 0.3238167 0.54302424 0.3367066
knife 0.53542155 0.45861387 0.29049668 0.5161218 0.30455706
knife 0.5249656 0.47198045 0.36151397 0.544395 0.37396032
knife 0.49898663 0.46878895 0.25691935 0.52210665 0.27061537
oven 0.39622822 0.5703437 0.49609616 0.61188954 0.53715676
