cake 0.93842405 0.6479052 0.64583427 0.7817053 0.76360196
cake 0.8123694 0.79368204 0.61442465 0.99812376 0.8497217
microwave 0.73096186 0.48662296 0.16561832 0.69191027 0.33185565
couch 0.7187347 0.32856977 0.5133304 0.5066449 0.6162284
cake 0.6722225 0.6146284 0.8185192 0.7269827 0.9057688
wine glass 0.5918113 0.73220044 0.9298401 0.8071137 0.9659741
spoon 0.5621008 0.4897941 0.82077706 0.5317369 0.86784494
clock 0.55724365 0.42061165 0.5582905 0.5022903 0.58023715
clock 0.5550677 0.40350312 0.5353412 0.5102538 0.5612511
spoon 0.5510549 0.2710198 0.42029452 0.28785777 0.43471682
spoon 0.5210944 0.27315086 0.00045590848 0.30207425 0.03276269
knife 0.48965386 0.4508262 0.3445488 0.47272852 0.35706392
spoon 0.4321188 0.2701779 0.45761514 0.29152858 0.468988
spoon 0.422372 0.21846718 0.001337342 0.2455802 0.034999084
knife 0.4218756 0.44944337 0.3234992 0.4722446 0.33755875
toaster 0.38135043 0.50808454 0.5913602 0.52596194 0.69375885
wine glass 0.3548251 0.49091256 0.6899558 0.5211767 0.7054009
toaster 0.34028938 0.5147242 0.0006153174 0.525283 0.04990834
wine glass 0.31458575 0.72095245 0.9535395 0.79772574 0.98976314
spoon 0.31455788 0.2180095 0.12384976 0.24274689 0.14336112
knife 0.30580065 0.45259315 0.33587962 0.4721659 0.34553218
clock 0.30415162 0.4858899 0.36847642 0.55718744 0.41583094
