cake 0.9517787 0.6446234 0.40786156 0.99102944 0.53507197
cake 0.8480732 0.6203372 0.52743435 0.9066866 0.6018313
tennis racket 0.70973223 0.5276274 0.52956367 0.5892814 0.54192984
tennis racket 0.6888932 0.5416925 0.18687926 0.586079 0.19836871
tennis racket 0.6779313 0.55404866 0.175197 0.5876682 0.18870005
couch 0.6622019 0.5321082 0.08803487 0.59966207 0.15184312
tennis racket 0.6589221 0.5491011 0.15578665 0.5911278 0.16714092
couch 0.61942774 0.54311526 0.8097337 0.5746454 0.84095293
cake 0.5885675 0.5848759 0.64800423 0.7241445 0.7140052
tennis racket 0.57248616 0.5544385 0.16620596 0.58782846 0.1727661
cake 0.5582716 0.599787 0.6309471 0.7993021 0.6697936
cake 0.5531863 0.60878026 0.59340936 0.8498843 0.6372257
chair 0.5038819 0.54615927 0.6148523 0.6304045 0.7705772
chair 0.39324433 0.54346114 0.6168709 0.6812952 0.7703732
spoon 0.38589987 0.6077179 0.8496539 0.63571864 0.87435895
cake 0.3510192 0.60148066 0.5974083 0.799304 0.6706698
tennis racket 0.35054493 0.5678758 0.011111135 0.6104046 0.026888067
cake 0.3502884 0.5328538 0.41150913 0.5642957 0.45867345
clock 0.30868444 0.56733435 0.10575161 0.59864825 0.1316688
