cake 0.9390767 0.73841244 0.32795814 0.9953592 0.51270485
cake 0.9250322 0.6257549 0.5087313 0.8581445 0.58246034
cake 0.9201388 0.63327533 0.032392263 0.7606301 0.16687134
cake 0.91241384 0.6500132 0.29986668 0.7524637 0.36762607
cake 0.8957037 0.6655751 0.37066618 0.78427476 0.44786528
cake 0.8656601 0.6166088 0.43176317 0.7535927 0.51080513
spoon 0.67505133 0.7267944 0.18733041 0.8057605 0.2842174
toaster 0.6561523 0.63763887 0.8306446 0.65998745 0.89989734
sandwich 0.64006424 0.72743315 0.21649633 0.7594944 0.25829262
couch 0.586745 0.5645249 0.27946538 0.607955 0.30108285
sandwich 0.555538 0.7354213 0.1923453 0.76467735 0.22338568
couch 0.5248687 0.5639412 0.30603167 0.6071227 0.32380632
sink 0.51820993 0.49306613 0.14944169 0.7118686 0.24293086
couch 0.50249165 0.5711341 0.32749802 0.60123104 0.34608227
sink 0.486148 0.45590645 0.42027104 0.6673108 0.47247005
sandwich 0.4629626 0.75289094 0.21622914 0.76809365 0.2382161
clock 0.44674882 0.5883724 0.55292904 0.61437076 0.5622535
banana 0.42270336 0.6672493 0.8438546 0.6997071 0.9232001
cell phone 0.41123566 0.5501602 0.37376416 0.6054605 0.4190688
sandwich 0.4083755 0.7250988 0.25648183 0.7513988 0.28065348
clock 0.39440033 0.5925884 0.2853485 0.6085203 0.2960613
sandwich 0.38332853 0.7163294 0.2321489 0.74666786 0.25858068
microwave 0.36296603 0.5501602 0.37376416 0.6054605 0.4190688
clock 0.34193623 0.5855068 0.3092802 0.6081078 0.32137224
chair 0.32413715 0.63327533 0.032392263 0.7606301 0.16687134
