cake 0.8668992 0.72383416 0.25364953 0.86772346 0.40489674
spoon 0.8046063 0.38256478 0.43298745 0.41589075 0.48761502
spoon 0.7631806 0.3200091 0.21012698 0.34772062 0.26175728
spoon 0.71884716 0.2352247 0.45197192 0.2781463 0.5327993
spoon 0.65294707 0.40097445 0.22233458 0.41673547 0.2616406
spoon 0.6357653 0.40098017 0.3300437 0.41651666 0.36774525
spoon 0.60962886 0.40855327 0.6228477 0.4153184 0.67331177
wine glass 0.5333086 0.25081694 0.5375644 0.27775985 0.5771726
spoon 0.5086548 0.39579007 0.29308084 0.415691 0.32819736
wine glass 0.50344545 0.4043291 0.7094392 0.41516057 0.73022056
spoon 0.5027238 0.39966717 0.26733467 0.41698107 0.3007207
wine glass 0.491627 0.38256478 0.43298745 0.41589075 0.48761502
spoon 0.4617324 0.39391106 0.62302077 0.40156 0.6703189
wine glass 0.4318987 0.44968393 0.20616792 0.48251835 0.24467067
wine glass 0.40029734 0.39536148 0.7541265 0.40516663 0.7742796
spoon 0.39912888 0.38762212 0.2667163 0.4021703 0.30355325
spoon 0.39249012 0.40783992 0.74729764 0.41494778 0.7790416
wine glass 0.37219375 0.40606806 0.72995645 0.41539654 0.7461518
spoon 0.37156066 0.4049171 0.684949 0.41607496 0.7082531
spoon 0.35927168 0.38874254 0.3300535 0.40127024 0.3658093
wine glass 0.35809538 0.404316 0.6848034 0.41574234 0.7084736
spoon 0.35513666 0.7704165 0.9446258 0.84323764 1.0
spoon 0.34809965 0.25964415 0.46321133 0.2772904 0.5193975
cell phone 0.34509152 0.31003565 0.0 0.45898956 0.0652981
wine glass 0.30697232 0.38803697 0.22606258 0.40182406 0.2590964
