cake 0.9411183 0.6553969 0.032449804 0.9416141 0.32573077
cake 0.9294775 0.65486 0.6552778 0.93589926 0.94360983
cake 0.9287059 0.65263647 0.37592268 0.9381885 0.61592835
microwave 0.830657 0.4960916 0.367967 0.5406039 0.63431567
couch 0.7935048 0.447054 0.040239885 0.5552709 0.23201928
clock 0.7644398 0.5063496 0.10978499 0.5584428 0.17374623
spoon 0.75220287 0.5152592 0.18650523 0.5654457 0.32282695
tennis racket 0.71328753 0.47499043 0.89285696 0.5532486 0.93109906
tennis racket 0.65024513 0.47751912 0.853131 0.5570016 0.8937509
tennis racket 0.5737791 0.46460053 0.25573322 0.507235 0.27806827
tennis racket 0.5191986 0.46465105 0.9234713 0.5453133 0.94362056
knife 0.4751105 0.45469886 0.33020383 0.47725415 0.3519571
banana 0.47154328 0.5115886 0.28258428 0.53348935 0.3182495
fork 0.46872377 0.46097013 0.7479322 0.47898886 0.7596901
tennis racket 0.46634582 0.45526296 0.27110288 0.5024482 0.29425797
fork 0.44540453 0.45719382 0.7510924 0.46982625 0.76171803
fork 0.4431191 0.4583752 0.7292069 0.48320076 0.7422242
sandwich 0.43809578 0.51503813 0.22065184 0.53470814 0.29247153
banana 0.42382625 0.5087929 0.19110478 0.5312636 0.22549555
banana 0.4231497 0.5219709 0.20114504 0.53525394 0.23903184
fork 0.40903565 0.46921518 0.75465965 0.48093978 0.7708934
sandwich 0.39349005 0.5115886 0.28258428 0.53348935 0.3182495
fork 0.38318342 0.4814335 0.7480136 0.49297863 0.75780016
banana 0.34675562 0.51503813 0.22065184 0.53470814 0.29247153
banana 0.32441208 0.51315725 0.23526797 0.53740585 0.3191899
knife 0.30319402 0.4549057 0.2998511 0.47739083 0.32455572
cell phone 0.30130145 0.49589652 0.0012998427 0.56326693 0.07641607
