cake 0.9260223 0.5424977 0.11255964 0.92830807 0.26569206
microwave 0.88835776 0.51101357 0.42901674 0.67825735 0.48920003
clock 0.6714005 0.491893 0.6199427 0.51883763 0.6360461
couch 0.6594941 0.4556294 0.47555843 0.5014104 0.5028436
spoon 0.6349186 0.50762266 0.20416427 0.53969693 0.24755916
cake 0.60607517 0.5321566 0.08609626 0.83217514 0.13639525
book 0.6050381 0.35333762 0.63714504 0.39776102 0.6619358
fork 0.59493935 0.44718036 0.28117055 0.4616213 0.2864765
fork 0.5933215 0.44610962 0.27341646 0.46293503 0.27884066
sink 0.57693505 0.31317085 0.047828853 0.6760906 0.1760427
spoon 0.50037485 0.47541258 0.18913926 0.49580368 0.23739524
fork 0.46955365 0.4650665 0.27533385 0.4740359 0.28853402
couch 0.45481658 0.45850727 0.6047672 0.528633 0.6504711
toaster 0.45236424 0.50484836 0.24629277 0.5458255 0.38305485
spoon 0.44259876 0.28908893 0.6327043 0.31135046 0.65819603
wine glass 0.42184317 0.692283 0.7734596 0.71771383 0.7871539
banana 0.38391644 0.4966276 0.21087044 0.5089139 0.22300431
spoon 0.37410998 0.29673907 0.5832635 0.3187977 0.62329245
sandwich 0.34208182 0.4966276 0.21087044 0.5089139 0.22300431
spoon 0.30477995 0.51357347 0.07547642 0.5460934 0.10045743
