cake 0.97840434 0.64720714 0.25667372 0.99814427 0.4508725
sink 0.91146255 0.2314157 0.1473079 0.86435807 0.270439
couch 0.8319302 0.35514766 0.43181098 0.58755505 0.59549737
couch 0.8120004 0.46273133 0.6170531 0.55439264 0.6663254
clock 0.73932827 0.48020664 0.4883293 0.5992247 0.521299
couch 0.58744776 0.4979583 0.53835297 0.5529696 0.58078766
cake 0.53900635 0.61814326 0.509053 0.99484545 0.6428937
toaster 0.3622956 0.5670963 0.87049085 0.59550416 0.95527714
book 0.3518296 0.23714444 0.95775014 0.30929598 0.9685816
clock 0.3481142 0.5228149 0.5524749 0.55205685 0.5661563
