spoon 0.8209904 0.5682311 0.7624295 0.6182909 0.9122778
cake 0.7951921 0.76409286 0.5796038 0.9952878 0.7520486
spoon 0.7448556 0.62139726 0.86117095 0.6565716 0.9065648
spoon 0.63204664 0.24961008 0.3632197 0.276899 0.42119208
tennis racket 0.6232959 0.036670897 0.06996475 0.12860513 0.097381756
knife 0.61123765 0.5092761 0.14063616 0.55482966 0.17286684
tennis racket 0.60822374 0.2187147 0.07631393 0.27467206 0.12131372
knife 0.60173655 0.51233894 0.19138011 0.55546355 0.21104431
banana 0.5878563 0.56231743 0.7836365 0.57808214 0.8144043
tennis racket 0.58485484 0.05227848 0.09405727 0.13330902 0.11480611
banana 0.56716174 0.5514725 0.8239386 0.5756141 0.84992516
spoon 0.5477373 0.62297755 0.9058007 0.6471331 0.9395875
knife 0.53300804 0.50083524 0.16420272 0.5306702 0.18529412
banana 0.5296922 0.54429215 0.8124489 0.5612845 0.8332724
cake 0.51110536 0.8394427 0.89568114 0.99678767 0.9994916
banana 0.48642898 0.5592058 0.8116455 0.57518286 0.826036
toaster 0.46658206 0.5492061 0.61823404 0.57402384 0.78432524
banana 0.4593408 0.5506302 0.85007983 0.5748324 0.8778687
tennis racket 0.4501961 0.046135057 0.10912078 0.14495936 0.13088974
tennis racket 0.4411534 0.067035384 0.067341566 0.12718862 0.08384949
banana 0.4224962 0.56708467 0.779381 0.5779226 0.7933931
sandwich 0.4156059 0.5514725 0.8239386 0.5756141 0.84992516
couch 0.40957946 0.38902888 0.87219524 0.5549158 0.92014134
banana 0.3974069 0.55226904 0.8766758 0.5741051 0.9010553
couch 0.39495012 0.38487148 0.22414151 0.5679992 0.31162468
tennis racket 0.36850488 0.10441414 0.14550969 0.17284833 0.1603778
tennis racket 0.34860775 0.067150384 0.085512206 0.12627353 0.097860485
knife 0.3447957 0.50536656 0.18440928 0.52694255 0.19229321
tennis racket 0.33787924 0.04508333 0.10911389 0.105622336 0.12863056
banana 0.3368176 0.5493678 0.84629595 0.5750044 0.9014702
tennis racket 0.33634093 0.07243639 0.12991567 0.1540034 0.1452757
knife 0.32464036 0.5219449 0.16748026 0.56183326 0.18917537
sandwich 0.3218067 0.5494029 0.8490151 0.5747481 0.8764123
spoon 0.30318597 0.5922086 0.8938123 0.6173761 0.9396082
clock 0.30196086 0.2226393 0.53171134 0.25374135 0.5581291
