cake 0.9579699 0.7069137 0.63179314 0.99906206 0.78431237
cake 0.95316654 0.70969695 0.4592958 0.99576724 0.5829229
cake 0.926595 0.7097562 0.24822843 1.0 0.39556134
spoon 0.621942 0.5443967 0.30575514 0.5873581 0.3833676
tennis racket 0.5718277 0.50885665 0.42164117 0.55931515 0.43385357
tennis racket 0.56913185 0.5822307 0.47054672 0.62898487 0.48773605
tennis racket 0.5562976 0.5286685 0.38450333 0.5827131 0.39165804
couch 0.5268308 0.5830273 0.55223256 0.6545584 0.7095464
tennis racket 0.5102508 0.5039008 0.56416434 0.5581268 0.58846873
sandwich 0.5079245 0.5268346 0.735293 0.54117936 0.74344677
tennis racket 0.475313 0.54543054 0.39277607 0.57318795 0.40010613
microwave 0.47442374 0.55847126 0.1292382 0.72479117 0.19308712
sandwich 0.43263245 0.5236958 0.71332395 0.539349 0.7429458
tennis racket 0.4094772 0.5280035 0.4440525 0.56009406 0.4552488
cell phone 0.39514828 0.41814202 0.12843916 0.5464771 0.19070753
microwave 0.38916618 0.41682744 0.12763081 0.7254647 0.19458999
couch 0.37344047 0.5120265 0.19385484 0.57228523 0.20855024
tennis racket 0.3509846 0.537063 0.43465832 0.5588212 0.4426181
couch 0.3396107 0.59520763 0.9810859 0.7465031 1.0
toaster 0.3101603 0.5744785 0.43475646 0.5930184 0.5071536
