cake 0.96483606 0.62561876 0.5796177 0.89373106 0.66842514
cake 0.9600729 0.626842 0.34982073 0.8931282 0.4351725
cake 0.9531738 0.6282172 0.46737707 0.89388376 0.5465056
clock 0.76399606 0.51278853 0.34997597 0.61954594 0.38692644
couch 0.6780467 0.58622736 0.37313038 0.6275347 0.4262535
tennis racket 0.64969325 0.53050697 0.7677295 0.5758453 0.78255963
tennis racket 0.5954315 0.5265449 0.56420493 0.5756246 0.5710026
toaster 0.5198252 0.56996983 0.44567665 0.58818084 0.56528306
tennis racket 0.51607186 0.517151 0.78414565 0.5765396 0.8010593
sink 0.50156885 0.37598598 0.10362973 0.6170915 0.20522097
tennis racket 0.45210728 0.52715546 0.5703873 0.57449526 0.5790257
couch 0.4220727 0.3851306 0.323085 0.61924756 0.39920515
microwave 0.39816353 0.58638865 0.009742938 0.71147543 0.07921906
microwave 0.39462662 0.43027633 0.004668355 0.7137473 0.08434011
toaster 0.3371942 0.58778554 0.8192258 0.6199465 0.9187975
couch 0.33546922 0.57455665 0.93042946 0.6150177 0.95101464
tennis racket 0.3277001 0.53403425 0.5789925 0.5756784 0.58699
