spoon 0.81164193 0.21134992 0.31967643 0.2540046 0.37674657
spoon 0.5971501 0.19375163 0.3216551 0.21295466 0.374718
broccoli 0.58676565 0.7754469 0.4922539 0.78571665 0.51281416
spoon 0.49391273 0.22699124 0.54541004 0.25265935 0.59798527
spoon 0.48862475 0.6389484 0.5931881 0.68770456 0.6462876
broccoli 0.46392605 0.7680637 0.471487 0.7827702 0.48746175
spoon 0.44871604 0.15995952 0.28117836 0.19785705 0.32905602
spoon 0.43334883 0.182502 0.2801282 0.21283737 0.32594362
tennis racket 0.37450087 0.35515824 0.3856538 0.3932634 0.40915322
broccoli 0.37404102 0.75333726 0.50026214 0.7717814 0.5118283
sink 0.36219248 0.29173723 0.3357033 0.8451298 0.6995744
tennis racket 0.3616233 0.5864956 0.45369878 0.6302102 0.47833696
tennis racket 0.3551606 0.5841344 0.35046682 0.6729427 0.37307313
tennis racket 0.32404593 0.5196299 0.5049772 0.54492104 0.52192533
broccoli 0.30416873 0.80707425 0.47506264 0.8212691 0.50525194
