toaster 0.94540906 0.6484372 0.43371892 0.80971587 0.6414541
clock 0.76187116 0.6777965 0.72932917 0.7513795 0.76554674
spoon 0.6871122 0.4850475 0.6133321 0.5058816 0.63493484
chair 0.6752906 0.5458708 0.73837334 0.71644825 0.93042225
spoon 0.66352594 0.24425694 0.5678284 0.27487296 0.62177885
spoon 0.6318069 0.49414966 0.5610745 0.50652194 0.6143857
spoon 0.6287585 0.47833562 0.633187 0.5020297 0.6684093
spoon 0.5988651 0.46027902 0.6126834 0.47517398 0.63540494
spoon 0.5751671 0.4735859 0.5615293 0.4818141 0.6143513
spoon 0.5260724 0.47395304 0.6134001 0.484751 0.63505924
