microwave 0.9469617 0.62183565 0.51508033 0.7355979 0.76186454
clock 0.8994716 0.57585466 0.8730322 0.6789538 0.936784
clock 0.7722526 0.5539937 0.48871458 0.6220042 0.52488494
couch 0.76386577 0.4846344 0.46661478 0.62143755 0.5469217
cake 0.6993088 0.7059332 0.047202006 0.99672335 0.3162982
cake 0.69797903 0.70569974 0.031444833 0.9966663 0.31593394
sandwich 0.5786021 0.6986405 0.3693382 0.7287743 0.47051412
couch 0.54228705 0.46609998 0.8284476 0.6791264 0.9565208
cake 0.5147905 0.67449933 0.0138716325 0.9971295 0.2178028
sandwich 0.4443595 0.69550043 0.3697632 0.72804374 0.39877295
cake 0.43163052 0.6741841 0.009829711 0.9969617 0.08765216
sandwich 0.42015988 0.7080973 0.4386028 0.72771764 0.4699238
cake 0.411515 0.6742028 0.01825831 0.84666336 0.2182743
sandwich 0.40457553 0.69795394 0.36768338 0.7296887 0.4472011
cell phone 0.38064283 0.5350664 0.27641928 0.6132067 0.36247033
banana 0.3032077 0.69550043 0.3697632 0.72804374 0.39877295
