cake 0.8061464 0.6579609 0.7897399 0.7915132 0.9130941
spoon 0.69192505 0.3820568 0.8495526 0.3965188 0.88996816
cake 0.6432878 0.7143318 0.60703564 0.90617627 0.776652
knife 0.6070409 0.4765576 0.44786072 0.4966883 0.46307606
couch 0.6017262 0.2830895 0.8541926 0.33248058 0.90121645
spoon 0.60089034 0.57480204 0.44792765 0.61621225 0.60041046
clock 0.57128763 0.47962642 0.021538245 0.526435 0.049131542
cake 0.5647379 0.68194026 0.70727384 0.82976085 0.8241718
spoon 0.54834443 0.3821792 0.8045785 0.3977462 0.83783156
sandwich 0.52208537 0.5857786 0.4827265 0.60320437 0.5131138
spoon 0.51862705 0.37022847 0.8489379 0.37557447 0.89002967
sandwich 0.5133015 0.58478206 0.52401733 0.60115045 0.5525138
knife 0.4909297 0.47337008 0.46481526 0.4932394 0.47764915
couch 0.43499812 0.3892771 0.0011172824 0.5293216 0.07135516
wine glass 0.42938027 0.42400637 0.85876197 0.44396672 0.89046127
tennis racket 0.40400097 0.48329228 4.5540004e-05 0.53558594 0.006419383
sandwich 0.40165934 0.57088447 0.5090821 0.59640276 0.55107665
toaster 0.39460412 0.5663219 0.6073925 0.5885561 0.7257676
wine glass 0.39313906 0.35495633 0.6707514 0.390347 0.6883441
microwave 0.3917925 0.51672304 0.46158865 0.581089 0.7251431
cake 0.331777 0.6486135 0.8802509 0.75453573 0.98014617
couch 0.32179216 0.21150249 0.7873089 0.27757493 0.8461785
