wine glass 0.7562253 0.41657716 0.6476113 0.43968964 0.67083764
wine glass 0.6794865 0.41385946 0.38105902 0.44208154 0.4109137
wine glass 0.6115305 0.51494205 0.37029654 0.5355978 0.39897138
wine glass 0.59096795 0.34834886 0.3705362 0.37983155 0.39963713
wine glass 0.5731314 0.4176253 0.61658996 0.43979168 0.64654917
wine glass 0.5576966 0.25961193 0.3902439 0.29935685 0.41432726
wine glass 0.42353994 0.331718 0.6318122 0.369027 0.67021734
wine glass 0.36708254 0.56650305 0.3744154 0.591238 0.41754866
sink 0.35862705 0.2542133 0.0 0.6553016 0.2561498
wine glass 0.348086 0.5168262 0.44120353 0.536331 0.47440374
wine glass 0.34665996 0.34728453 0.39816368 0.37866136 0.41315287
wine glass 0.34510285 0.5086771 0.36960116 0.5353451 0.4219952
clock 0.34098998 0.2227482 0.6394986 0.28277636 0.67361665
