cake 0.9495225 0.6967746 0.46633592 0.9702219 0.5629791
cake 0.91517264 0.47286594 0.6103545 0.68047786 0.68981785
cake 0.9142841 0.7502168 0.4047386 1.0 0.51530033
cake 0.8808461 0.47910738 0.52947474 0.6877205 0.6087239
cake 0.8518756 0.6516411 0.5122364 0.8887265 0.5943864
cake 0.8264913 0.82502997 0.34183323 0.999402 0.45128083
cake 0.74275494 0.48401478 0.4501765 0.5565053 0.5062867
clock 0.7136407 0.573488 0.33610755 0.63667583 0.36905837
cake 0.7121137 0.45293382 0.52154154 0.5020278 0.56932837
couch 0.67421216 0.5260025 0.31121454 0.6363258 0.3795372
couch 0.65607613 0.48289308 0.1199279 0.5381185 0.15610151
book 0.6323528 0.32141382 0.8724803 0.34467486 0.8886194
cake 0.62046653 0.4570241 0.58681846 0.5191867 0.63880026
couch 0.5992884 0.39489397 0.02586194 0.45454535 0.05491741
couch 0.5839389 0.3870786 0.051991336 0.4530703 0.09400166
couch 0.56301874 0.5150243 0.36557573 0.6283041 0.43543792
couch 0.5356241 0.3017354 0.0928668 0.33919194 0.119533755
spoon 0.5255639 0.5053148 0.6315408 0.5295213 0.6672578
cake 0.5043106 0.45781404 0.42655003 0.5526977 0.4587469
cake 0.40327978 0.45940644 0.42957792 0.5143127 0.45724878
clock 0.37109903 0.31528696 0.097448185 0.34716567 0.116077974
couch 0.36562598 0.5428006 0.7654426 0.57795864 0.7862222
spoon 0.34978092 0.41336945 0.10983155 0.4437453 0.14211434
sandwich 0.33304304 0.5588368 0.034678828 0.5802152 0.05350739
clock 0.32681134 0.5104589 0.13437608 0.53666955 0.14848554
spoon 0.32417315 0.49615997 0.8057334 0.5191831 0.8280961
