cake 0.9162164 0.5324563 0.59570026 0.60336524 0.6574955
cake 0.8426266 0.5168964 0.44423157 0.6423516 0.4919632
toaster 0.77552086 0.5521697 0.25992924 0.5812751 0.34463584
sandwich 0.6501861 0.6422374 0.5985961 0.6757739 0.6231078
knife 0.61218274 0.56602836 0.04138365 0.6496023 0.07078606
knife 0.5556482 0.60881317 0.036313005 0.6487985 0.061242566
bowl 0.50613385 0.6376031 0.6454507 0.69372904 0.69490683
sandwich 0.49281695 0.63186467 0.6086674 0.66234684 0.65164137
microwave 0.45986748 0.7904182 0.0010881871 0.99169654 0.18309583
banana 0.43737018 0.6621163 0.6467814 0.6928514 0.6721267
cake 0.39239693 0.5041913 0.56399316 0.5218498 0.605133
clock 0.3893263 0.5036051 0.8173176 0.55453587 0.8350487
bowl 0.36627832 0.639339 0.64659506 0.6664171 0.6598998
banana 0.36534774 0.65716445 0.6207083 0.68534756 0.6499633
cake 0.3453493 0.54074955 0.48840758 0.5683624 0.5473514
bowl 0.33601707 0.63351786 0.61901695 0.6959574 0.6970591
tennis racket 0.30890596 0.79792196 0.07623433 0.8475617 0.102036335
