microwave 0.95631003 0.5901979 0.19178838 0.95081484 0.41430986
toaster 0.93001986 0.7149025 0.648839 0.8622878 0.98018575
spoon 0.8478672 0.26921722 0.05262815 0.30705702 0.105660856
couch 0.69998384 0.1051825 0.56601304 0.15732157 0.6186133
spoon 0.62222636 0.27561268 0.5627583 0.3035509 0.6158823
tennis racket 0.60954005 0.539729 0.7627565 0.6752795 0.7821346
tennis racket 0.5586059 0.59359604 0.7750528 0.6897587 0.8008257
spoon 0.50464195 0.42732456 0.038015895 0.4413956 0.05934488
wine glass 0.44184405 0.38895398 0.57561135 0.45326996 0.60212016
tennis racket 0.39690238 0.5572064 0.0016520089 0.60781723 0.017934386
spoon 0.38957992 0.4278383 0.05882291 0.4408891 0.0785235
wine glass 0.3424713 0.40405256 0.61073184 0.45256093 0.63364565
wine glass 0.3269392 0.39198488 0.54474336 0.45332548 0.5698703
spoon 0.30023614 0.42649123 0.07930624 0.4422653 0.09006082
