couch 0.8572217 0.34856647 0.66879076 0.54596835 0.9278479
tennis racket 0.7897319 0.4886216 0.8543362 0.57239294 0.9090379
knife 0.71320117 0.41961592 0.085921615 0.49317795 0.12378337
banana 0.7040222 0.5458996 0.7631605 0.56860805 0.8013894
tennis racket 0.66580176 0.19152029 0.7117929 0.23337458 0.77261347
knife 0.66056275 0.45177293 0.1617915 0.48805624 0.18121977
tennis racket 0.60396814 0.19671236 0.24788818 0.24427031 0.2853293
microwave 0.5763988 0.5750023 0.08652582 0.9999776 0.29023296
banana 0.5536564 0.46579424 0.7614706 0.49134305 0.89132917
tennis racket 0.5397895 0.18032168 0.19575061 0.23272805 0.24474445
tennis racket 0.53868335 0.186523 0.77161413 0.23035835 0.8102202
tennis racket 0.51047903 0.15966323 0.8152755 0.22852331 0.8697869
tennis racket 0.49942303 0.123476684 0.1543262 0.20822218 0.1872868
tennis racket 0.4501559 0.105413005 0.11724308 0.19334014 0.16010715
banana 0.42025268 0.51948106 0.020943036 0.5448582 0.15178517
tennis racket 0.4014817 0.073661596 0.014038808 0.12653042 0.044711187
clock 0.37233064 0.48857287 0.7640634 0.5683123 0.87679225
microwave 0.3443298 0.57442236 0.00096090836 1.0 0.2952796
spoon 0.3088651 0.5394874 0.022462247 0.58380514 0.12821503
tennis racket 0.30821386 0.078590274 0.039200578 0.1301462 0.09854751
