cake 0.9720701 0.53945976 0.21302383 0.91050893 0.5434125
cake 0.85889935 0.52864546 0.0019900433 0.8646596 0.2277047
clock 0.7802777 0.4659375 0.07011448 0.5310158 0.12121294
cake 0.6884743 0.50164765 0.14256687 0.52325386 0.26107097
cake 0.6199331 0.5054169 0.35173804 0.52985245 0.48679715
tennis racket 0.60083663 0.45463946 0.5086135 0.5412474 0.55095553
spoon 0.59103113 0.4793936 0.8075291 0.4949239 0.88567144
toaster 0.5328318 0.4848639 0.5796666 0.49771336 0.77175987
banana 0.4992727 0.46097788 0.83104056 0.4708285 0.8472768
toaster 0.46777505 0.5116757 0.6070483 0.53876936 0.7656574
cell phone 0.45274514 0.4100003 0.3151044 0.4618148 0.41882968
spoon 0.3937844 0.46511096 0.8163248 0.47794932 0.8772945
banana 0.37524256 0.46205008 0.84980947 0.47126776 0.8624056
bench 0.31313014 0.12031658 0.28857762 0.1384678 0.31775996
toaster 0.30239093 0.49685127 0.5770452 0.5069651 0.65569794
