clock 0.79771286 0.4292066 0.45442826 0.48937893 0.50793326
couch 0.7768687 0.33203253 0.42907482 0.49205396 0.5495283
tennis racket 0.69320214 0.32574838 0.38753578 0.39026153 0.40183282
clock 0.64815384 0.39187443 0.7116487 0.4222567 0.73570204
tennis racket 0.63265383 0.34733653 0.39949498 0.3900659 0.41199678
cake 0.6046181 0.45717156 0.32614544 0.8906162 0.5696678
tennis racket 0.58720374 0.33730465 0.3755247 0.39025402 0.38804772
cake 0.55739224 0.42924607 0.23333737 0.7231424 0.30377477
tennis racket 0.5532846 0.36459872 0.36508265 0.3899831 0.3755932
clock 0.5257393 0.37902242 0.92271245 0.40619016 0.9418893
spoon 0.50104976 0.3669006 0.056528464 0.39551368 0.13267832
couch 0.46291125 0.3088553 0.6883486 0.41993916 0.7659824
banana 0.42846856 0.40983275 0.07330152 0.42355856 0.09518315
sandwich 0.4084184 0.37189618 0.094140545 0.37999794 0.11205411
cake 0.3883618 0.3622893 0.80357945 0.3982079 0.8582396
couch 0.3820922 0.37180564 0.68989384 0.4220651 0.7556681
couch 0.3635533 0.32532057 0.068680756 0.3743777 0.11064952
sandwich 0.35423458 0.36387014 0.10382691 0.3801825 0.12757392
banana 0.35393184 0.41258684 0.056513313 0.4223766 0.07395225
tennis racket 0.3046558 0.3541825 0.29933053 0.39093754 0.30977568
