spoon 0.90748763 0.5991211 0.046652842 0.63967514 0.16219197
couch 0.80906683 0.5459413 0.71577996 0.6085356 0.8072065
spoon 0.4908008 0.5502635 0.6623065 0.56885564 0.70958966
sandwich 0.47993883 0.5441247 0.6638605 0.550761 0.6733274
cell phone 0.46723625 0.26659077 0.6802817 0.47168308 0.8502783
spoon 0.46486655 0.61172754 0.21929577 0.6272183 0.27738824
sandwich 0.44129246 0.5396368 0.6698696 0.55084366 0.684769
wine glass 0.39251927 0.5555696 0.2911157 0.57988185 0.31054506
wine glass 0.3294795 0.558066 0.30350927 0.5785841 0.32042804
sandwich 0.3191807 0.5390371 0.68369734 0.5511402 0.69997627
wine glass 0.31129056 0.5495253 0.28108665 0.58046335 0.3010609
tennis racket 0.3074984 0.5100507 0.32218575 0.5637092 0.34472713
