cake 0.93246186 0.6174126 0.51878476 0.9508454 0.634166
cake 0.8341443 0.6101111 0.25296095 0.94472796 0.3537849
microwave 0.8238712 0.5439208 0.14494911 0.7325346 0.3125789
cake 0.7929101 0.6220662 0.38302606 0.9800532 0.5250195
clock 0.69124395 0.49911702 0.57105696 0.5188464 0.58861697
clock 0.59794 0.53072673 0.35149136 0.57852775 0.3738723
sandwich 0.5025145 0.5664088 0.44756126 0.58585006 0.4637571
tennis racket 0.4989947 0.5105418 0.11789132 0.5592822 0.1279795
cake 0.49444398 0.6000964 0.94002944 0.9332645 1.0
fork 0.49388704 0.5024913 0.4776202 0.51781446 0.48593214
fork 0.45347875 0.52076155 0.47066143 0.5315495 0.4768164
couch 0.37425846 0.4330338 0.5553915 0.516844 0.5960848
sandwich 0.37180302 0.5655165 0.43892056 0.5829289 0.4488322
cake 0.32122147 0.54157406 0.37233126 0.561161 0.41150415
fork 0.31350648 0.5176383 0.48434767 0.53346974 0.4959832
cake 0.3085646 0.5919836 0.209746 0.8743574 0.26967415
couch 0.30422994 0.4364175 0.32741708 0.58082634 0.40247285
clock 0.30132574 0.5042893 0.64558285 0.5227322 0.6621867
