cake 0.9309511 0.7563995 0.3034154 0.9261719 0.47811794
couch 0.93062705 0.54803234 0.12782462 0.6528955 0.28690475
cake 0.8816556 0.7216049 0.14323862 0.8586866 0.2684878
cake 0.86162204 0.7358055 0.21350811 0.88695526 0.3517373
microwave 0.7267126 0.57033706 0.78597933 0.7622671 0.9314755
couch 0.70384574 0.5481091 0.457655 0.56707937 0.48637366
tennis racket 0.68341 0.63091147 0.6027822 0.6851078 0.62351763
banana 0.67049724 0.6472098 0.25999954 0.66731673 0.28674197
tennis racket 0.6268973 0.63057125 0.5729946 0.68106806 0.59428847
couch 0.6190065 0.5892084 0.69225997 0.66506916 0.78995043
tennis racket 0.56873333 0.54472834 0.7534247 0.57421106 0.77143145
banana 0.52669466 0.64945847 0.30291876 0.6680735 0.32611185
toaster 0.50530654 0.63810533 0.44773677 0.6449873 0.50532365
banana 0.49580786 0.6420231 0.28880584 0.66488254 0.30802405
spoon 0.4887872 0.49448967 0.5656832 0.5106703 0.5959189
couch 0.48266396 0.54776365 0.48813757 0.5689694 0.51530546
wine glass 0.47102073 0.6483741 0.7543095 0.66735065 0.78292865
couch 0.4555696 0.54726684 0.45913896 0.5689328 0.51467806
tennis racket 0.44741252 0.54969203 0.73840404 0.5740975 0.75263387
wine glass 0.43983468 0.65337944 0.72691923 0.6664978 0.7464007
spoon 0.40811232 0.6307772 0.14337848 0.6527479 0.23646896
spoon 0.37144697 0.6483741 0.7543095 0.66735065 0.78292865
fork 0.31043404 0.6758575 0.35117146 0.6828435 0.4073606
spoon 0.30244923 0.6590365 0.74906904 0.6676197 0.76061624
