sink 0.9041999 0.32630786 0.8938674 0.7941563 0.99407136
cake 0.84349054 0.65997684 0.2751862 0.9233546 0.455764
microwave 0.8417275 0.48470238 0.50683486 0.59732866 0.6827444
cake 0.82003975 0.61129797 0.53449523 0.813395 0.662786
cake 0.7553713 0.5820968 0.5876926 0.73351514 0.6820817
couch 0.7096273 0.4720961 0.18045291 0.5026568 0.2112589
wine glass 0.6272612 0.40948513 0.79341406 0.42840484 0.80535847
couch 0.6201947 0.46562076 0.26542258 0.49037504 0.2879212
fork 0.5954617 0.44748342 0.5142278 0.46151727 0.5210215
wine glass 0.5678576 0.3880821 0.7841521 0.40752804 0.7981
wine glass 0.5537844 0.41074613 0.7768163 0.42856047 0.7904979
microwave 0.54099953 0.48845246 0.417872 0.52404517 0.5188222
spoon 0.5187329 0.36079863 0.44551566 0.3718284 0.4838142
spoon 0.4999318 0.41305298 0.8092987 0.42845243 0.85183406
spoon 0.4887737 0.6171267 0.50684565 0.6511979 0.55357045
wine glass 0.47852978 0.41788182 0.44126177 0.42911646 0.45159388
wine glass 0.4759665 0.41622704 0.43011767 0.42959076 0.44351906
wine glass 0.4744727 0.38927764 0.7536614 0.408342 0.76580465
wine glass 0.45967445 0.38903275 0.76842046 0.40862355 0.78121394
wine glass 0.43354073 0.4591683 0.68763185 0.4830527 0.7099214
wine glass 0.4311043 0.41124928 0.762302 0.42888182 0.77454513
wine glass 0.4308925 0.4102783 0.7525083 0.42826137 0.7665261
toaster 0.42725897 0.48964134 0.21455032 0.5126225 0.33802712
wine glass 0.42673898 0.4163811 0.4126056 0.42994055 0.4235911
sandwich 0.41031146 0.4662119 0.80834526 0.47596362 0.82195175
fork 0.40705022 0.45363864 0.5029909 0.46434596 0.50922054
clock 0.38945135 0.4780552 0.26715127 0.49204764 0.28649607
wine glass 0.3633645 0.6171267 0.50684565 0.6511979 0.55357045
fork 0.3386885 0.45946318 0.50729823 0.47432953 0.5194117
wine glass 0.32874125 0.41329923 0.45193106 0.42907402 0.47341108
