spoon 0.876759 0.52382284 0.8732482 0.6209045 1.0
clock 0.75415826 0.45034164 0.6673617 0.5395246 0.70206636
microwave 0.7176276 0.552946 0.48932314 0.90436417 0.67101157
spoon 0.6227758 0.80550873 0.70906955 0.9126082 0.7928516
tennis racket 0.61963683 0.19132324 0.7932629 0.292872 0.81753975
tennis racket 0.61821866 0.22760713 0.7644204 0.30558798 0.7946826
wine glass 0.58903307 0.21925497 0.24379651 0.24562873 0.27045178
wine glass 0.5405416 0.07817429 0.39453143 0.12990947 0.42030585
tennis racket 0.54036146 0.8951693 0.75432897 0.97479826 0.77955556
wine glass 0.5344846 0.49209028 0.7407405 0.54802805 0.76384467
wine glass 0.52011746 0.32814825 0.5311366 0.36191505 0.55144113
tennis racket 0.49248973 0.9172846 0.76892346 0.9994465 0.79627174
wine glass 0.47445235 0.21738638 0.2739226 0.24654068 0.30041006
clock 0.4314232 0.4694299 0.79377127 0.5692559 0.834342
tennis racket 0.42541334 0.24284178 0.70126474 0.3471012 0.72420275
wine glass 0.42067248 0.32792783 0.54697686 0.36162424 0.56816095
wine glass 0.3772595 0.33152872 0.5640846 0.3614395 0.58145136
spoon 0.3527238 0.329423 0.48830792 0.3409451 0.5213717
spoon 0.3395228 0.22897334 0.3918284 0.2453956 0.4168578
wine glass 0.3393686 0.21848308 0.34470364 0.24164619 0.37106755
tennis racket 0.33816123 0.08996351 0.42386863 0.12863247 0.44144908
tennis racket 0.3339946 0.25059247 0.7434252 0.32961267 0.7620202
spoon 0.33049592 0.3118029 0.24067912 0.3356723 0.28395465
tennis racket 0.3272432 0.22618286 0.755157 0.2936931 0.7730169
spoon 0.32356492 0.6661564 0.7115608 0.75658745 0.7690484
wine glass 0.32342625 0.21328515 0.3072852 0.2422079 0.3398779
spoon 0.32256666 0.3400565 0.4871927 0.3560738 0.5225927
tennis racket 0.3079635 0.9360779 0.7880564 1.0 0.8098743
