sink 0.86282897 0.25304243 0.76718634 0.9949395 0.9238762
spoon 0.75475144 0.39369974 0.21906233 0.40876862 0.23569119
spoon 0.65627307 0.3900403 0.23823276 0.4090912 0.24822041
spoon 0.6523628 0.67937815 0.5184328 0.7164556 0.5474337
clock 0.6390665 0.5782454 0.6235378 0.61104375 0.65269816
wine glass 0.62178284 0.41282615 0.14033112 0.46841693 0.15136
spoon 0.6073987 0.30778754 0.22001939 0.33275253 0.24743198
spoon 0.60598004 0.67593825 0.4778191 0.71456075 0.5079144
tennis racket 0.57427365 0.5621732 0.5756309 0.60766137 0.5863584
tennis racket 0.57372975 0.84456587 0.45770267 0.9056849 0.48103848
spoon 0.54946244 0.37926912 0.2188359 0.39034435 0.2354755
wine glass 0.5236728 0.29806703 0.11840702 0.3319154 0.13518164
wine glass 0.4856117 0.39914522 0.092209324 0.46980372 0.13231051
wine glass 0.48221442 0.4300939 0.22149187 0.46605927 0.2333726
wine glass 0.47088742 0.44167373 0.75956696 0.4611368 0.7732478
tennis racket 0.45867696 0.5666013 0.5883353 0.60694015 0.6002215
wine glass 0.44670543 0.43133777 0.23498687 0.46606633 0.24624151
wine glass 0.44529995 0.2933256 0.09894983 0.32555118 0.11829194
wine glass 0.43754512 0.4121476 0.092972234 0.44953305 0.10358836
couch 0.42426455 0.49274987 0.5956806 0.6126012 0.6881956
clock 0.42344376 0.54346186 0.6224311 0.61280304 0.65379757
microwave 0.39441568 0.6922876 0.076605 0.96485454 0.17565313
wine glass 0.36731037 0.5538233 0.16162379 0.60730886 0.19574203
tennis racket 0.34722936 0.8483964 0.48913014 0.9006584 0.5095857
wine glass 0.34592718 0.40339684 0.11746109 0.46821108 0.1331333
tennis racket 0.32116818 0.84929556 0.5190659 0.90614116 0.5447785
