tennis racket 0.62109745 0.47896332 0.17266613 0.5185656 0.1984981
sink 0.6017356 0.32603943 0.6702159 0.7088213 0.75400645
sandwich 0.5983804 0.5114308 0.19996476 0.5253841 0.22119941
sandwich 0.5666184 0.47568202 0.10587541 0.4892338 0.124152
sandwich 0.5536527 0.5159122 0.056931328 0.52950335 0.077011324
sandwich 0.5287785 0.4753974 0.12797953 0.49116904 0.14894049
sandwich 0.5287038 0.4864065 0.11568794 0.49988025 0.1352004
microwave 0.5066876 0.5440968 0.19433491 0.663728 0.24558716
sandwich 0.4946822 0.4950874 0.12758487 0.5074767 0.14714293
sandwich 0.4675085 0.46179855 0.12811683 0.47603667 0.14909147
sandwich 0.45281187 0.47037 0.11951323 0.48125654 0.13515225
tennis racket 0.4497569 0.49145615 0.15705684 0.519616 0.17558773
sandwich 0.44553104 0.46185914 0.10369605 0.47642556 0.124376245
sandwich 0.40984154 0.49713165 0.090511695 0.5074609 0.10575659
tennis racket 0.40898278 0.48686102 0.91042584 0.5554351 0.93489426
toaster 0.39790425 0.55720204 0.0 0.5883848 0.14862317
sink 0.36986324 0.38583758 0.6680729 0.5550773 0.7061502
sandwich 0.36132434 0.49695572 0.10462621 0.5081172 0.12598242
sandwich 0.36072758 0.48615962 0.09635435 0.5001076 0.112493746
sandwich 0.35660884 0.52080566 0.078254074 0.5351029 0.100934334
