microwave 0.8639065 0.52906257 0.28444064 0.6237833 0.44289544
sandwich 0.7483456 0.51633483 0.5057541 0.5341889 0.5421418
clock 0.73415434 0.5030804 0.66458976 0.5491393 0.69984573
spoon 0.73190373 0.56265986 0.7555281 0.59610415 0.87727284
spoon 0.700248 0.5400249 0.17510068 0.5816095 0.28065088
couch 0.64458346 0.4360402 0.6161798 0.5513904 0.7652962
sandwich 0.6168051 0.49760106 0.52439874 0.5093426 0.53473437
banana 0.60547245 0.56507087 0.13634422 0.5940933 0.17951286
toaster 0.5790339 0.5548775 0.6554083 0.5667058 0.7551625
sandwich 0.5505892 0.49599242 0.5088908 0.50833297 0.5219539
sink 0.5121214 0.41392583 0.0 0.57454664 0.12344165
sandwich 0.43652394 0.51399213 0.5316653 0.52196497 0.544486
banana 0.3564707 0.53841406 0.7600434 0.5654467 0.8671487
sandwich 0.33723915 0.51497567 0.53233933 0.5336772 0.54565936
