cake 0.5674699 0.8394794 0.38033107 1.0 0.6186892
microwave 0.55486655 0.56714785 0.8293295 0.6323353 0.86663026
knife 0.54656714 0.5079795 0.194233 0.52975905 0.21239352
microwave 0.51608884 0.54518676 0.6871693 0.6385292 0.83687747
knife 0.5036612 0.5037815 0.17230365 0.5319875 0.19655125
couch 0.48526302 0.53313726 0.5882169 0.5880582 0.6395996
sandwich 0.48505932 0.6773436 0.16800714 0.7186655 0.2289442
sandwich 0.4511695 0.6631778 0.13929038 0.7015663 0.1902717
sandwich 0.41198218 0.67366725 0.1082184 0.71287924 0.15801983
sandwich 0.40297186 0.67424977 0.2231135 0.7113792 0.2800049
microwave 0.3894236 0.39792383 0.9152279 0.5512023 1.0
sandwich 0.3746546 0.70701784 0.08359931 0.74800915 0.1323561
couch 0.36204112 0.52051085 0.5312658 0.590738 0.6021027
knife 0.35766003 0.51741606 0.16995266 0.5313992 0.18110833
toaster 0.35174814 0.6570856 0.47314137 0.69220024 0.74647886
knife 0.3491853 0.5057817 0.121935114 0.5286738 0.14876463
sandwich 0.345727 0.71469647 0.10878781 0.7563297 0.17065762
sandwich 0.32740808 0.71496254 0.16703983 0.7562054 0.21811967
sandwich 0.31907412 0.7090489 0.2129153 0.75492126 0.27214304
sandwich 0.31569004 0.6650122 0.2004492 0.68255097 0.2440046
knife 0.30742338 0.49897215 0.14760756 0.5307665 0.17401819
couch 0.3055832 0.51892066 0.53303415 0.5931846 0.6398544
microwave 0.3055038 0.3989982 0.90680015 0.6295802 1.0
clock 0.30398938 0.5583847 0.5950711 0.5884443 0.63638544
