cake 0.8647608 0.70156765 0.17498943 0.93304044 0.28910473
cake 0.629726 0.72076875 0.19370034 0.983956 0.34882304
cake 0.61709267 0.833211 0.30289164 0.99950314 0.44419083
cake 0.545379 0.798033 0.25704786 0.999217 0.44326398
cake 0.46985632 0.76447666 0.21244243 0.99902594 0.34652683
microwave 0.36980632 0.5977705 0.3682838 0.6599389 0.5356932
toaster 0.36897433 0.5699985 0.47625178 0.5819664 0.5356421
couch 0.34482956 0.4729679 0.43448395 0.56628925 0.49217224
toaster 0.31109035 0.5743022 0.5078821 0.5830202 0.5574695
cake 0.30219242 0.7987788 0.28769225 0.88083434 0.37276685
