cake 0.9323663 0.6571841 0.5655175 0.8961926 0.65598243
cake 0.9241578 0.66361713 0.013216078 1.0 0.27236545
cake 0.89584774 0.65518886 0.43665707 0.89559245 0.5274935
cake 0.8807634 0.6417663 0.7211341 0.852851 0.8086836
cell phone 0.76326835 0.3688714 0.08316958 0.47190344 0.15409218
clock 0.7219782 0.5757735 0.0 0.7096814 0.036668465
microwave 0.6927873 0.33063576 0.080515794 0.69421417 0.15769467
cake 0.6709879 0.7453633 0.08632478 0.8517691 0.19189882
spoon 0.66331476 0.52422327 0.55701905 0.55894715 0.6314942
cake 0.61755204 0.65177274 0.3112224 0.889269 0.40203092
wine glass 0.57928973 0.50782096 0.6640246 0.55914366 0.6814177
cake 0.5507981 0.63112336 0.033036053 0.69169277 0.08897413
banana 0.42430022 0.50753 0.5785622 0.52564764 0.5961738
wine glass 0.34364933 0.49205777 0.81046337 0.5238597 0.8331111
couch 0.33741483 0.30819112 0.0016449988 0.7048912 0.12827939
toaster 0.32538646 0.5235101 0.68335325 0.53551346 0.78174025
toaster 0.3234661 0.5435618 0.2864419 0.5722419 0.5765239
banana 0.30341998 0.5007881 0.59692127 0.52493113 0.6183738
