cake 0.852267 0.55199206 0.10699947 0.7809334 0.28826836
couch 0.8199067 0.42328787 0.54409057 0.5566123 0.7296571
spoon 0.69008744 0.4384928 0.1118771 0.47869137 0.2501381
sink 0.6897703 0.24984808 0.92389065 0.7143537 1.0
cake 0.6667803 0.58779985 0.21469988 0.88653964 0.42579302
clock 0.6265567 0.4813748 0.59269434 0.55541795 0.6832001
toaster 0.5689042 0.4750541 0.32240042 0.50385106 0.48582652
cake 0.5577078 0.52823645 0.046044882 0.716842 0.19004123
clock 0.5086888 0.38688242 0.30578473 0.43713218 0.3414653
toaster 0.48803324 0.47790384 0.3504594 0.50274664 0.48065722
clock 0.44201508 0.3778619 0.50654006 0.43871364 0.5379533
