cake 0.9466489 0.62567574 0.8031111 0.8569328 0.9026909
microwave 0.9131204 0.58874726 0.40850413 0.9643372 0.6031846
toaster 0.8426648 0.6529263 0.09000369 0.73287827 0.29051328
spoon 0.81232363 0.062202845 0.20261402 0.11924312 0.2793646
wine glass 0.7537363 0.34454414 0.26827317 0.37903637 0.29012275
tennis racket 0.7514764 0.52600825 0.5298622 0.59275335 0.5462437
wine glass 0.6048645 0.34929714 0.2911025 0.38061908 0.30537352
tennis racket 0.60353816 0.61222017 0.10548231 0.68185514 0.13303055
tennis racket 0.5377617 0.5156087 0.61174476 0.57066256 0.62403893
tennis racket 0.5123346 0.5165354 0.62335116 0.5703686 0.633275
spoon 0.5108384 0.6050286 0.85236126 0.6265338 0.8882939
tennis racket 0.50652826 0.5213431 0.6375357 0.56928766 0.6473645
wine glass 0.45957583 0.5795371 0.86033756 0.60949165 0.89105064
tennis racket 0.42619103 0.513683 0.55408734 0.6037062 0.5746648
cake 0.3987834 0.63015044 0.7101531 0.7933504 0.8106884
spoon 0.3666245 0.23279043 0.29097968 0.25490525 0.30499524
spoon 0.33051664 0.33950785 0.12087342 0.3605468 0.16235715
