cake 0.7746835 0.54522115 0.9339574 0.62098104 1.0
cake 0.6201223 0.48866814 0.6388051 0.52019316 0.6713279
spoon 0.60920304 0.5723873 0.6886154 0.61836594 0.8233572
clock 0.5742426 0.50562346 0.5379799 0.5353253 0.5786411
cake 0.57106626 0.49868813 0.69411385 0.5670952 0.74714905
cake 0.55167705 0.49434 0.6624376 0.5305514 0.70787346
sandwich 0.4756724 0.57357836 0.7341984 0.5942924 0.76857305
cake 0.44134605 0.498626 0.6707984 0.56753147 0.7477183
banana 0.41808116 0.57357836 0.7341984 0.5942924 0.76857305
couch 0.35371765 0.46197337 0.8936018 0.5101437 0.9664941
clock 0.35136214 0.48354578 0.91456 0.51036257 0.9492822
bowl 0.3504891 0.5813263 0.79121745 0.5942103 0.811944
spoon 0.34671676 0.59371203 0.008885855 0.6187008 0.04923564
toaster 0.32844403 0.63198376 0.008779267 0.6622045 0.046231005
