cake 0.96439946 0.5545875 0.40603983 0.99600554 0.63689506
cake 0.91789585 0.53525233 0.028664656 0.78472346 0.14769155
cell phone 0.9145287 0.31990746 0.6469345 0.43473676 0.7696471
cake 0.8703932 0.53137714 0.1919862 0.9977431 0.3585379
couch 0.7933439 0.41219562 0.28398275 0.5308256 0.36066633
cake 0.7836607 0.53902066 0.2814631 1.0 0.43339872
tennis racket 0.7218022 0.49280697 0.63732815 0.5988963 0.6637378
microwave 0.6567442 0.48151913 0.65964437 0.5757267 0.7836168
cake 0.5795546 0.5212136 0.34578246 0.55984473 0.38252056
couch 0.5626517 0.4757122 0.18931481 0.56013626 0.28244466
spoon 0.42862046 0.51693374 0.5917123 0.5433668 0.6280976
sandwich 0.39941522 0.5075203 0.60877913 0.5198592 0.6209957
toaster 0.37223634 0.49606818 0.5083358 0.59895766 0.63636875
banana 0.3587479 0.55729693 0.6719936 0.5794499 0.6929107
sandwich 0.32507992 0.5108593 0.5946358 0.5210317 0.60509115
sandwich 0.31833732 0.55729693 0.6719936 0.5794499 0.6929107
cake 0.3045507 0.53091633 0.07276343 0.76558614 0.18929003
