cake 0.94567084 0.76476085 0.2378247 0.9993519 0.39026326
couch 0.93590677 0.36295468 0.073982164 0.54640114 0.20338438
cake 0.8425669 0.72739726 0.17266014 0.99912333 0.29155406
cake 0.83394545 0.6599206 0.10790911 0.938647 0.18388477
cake 0.68344826 0.7155287 0.2388543 0.7860107 0.334257
cake 0.56282765 0.65492195 0.15837094 0.6877827 0.22826183
clock 0.5495014 0.46777073 0.101426095 0.54685915 0.15766093
bowl 0.48954123 0.48892012 0.30828977 0.52660644 0.3340608
couch 0.4890226 0.47837716 0.0 0.6067812 0.04526706
bowl 0.4765386 0.4878124 0.282777 0.5262225 0.30552006
wine glass 0.4665719 0.39744145 0.43910718 0.41305652 0.4456572
wine glass 0.46550506 0.3477637 0.94213396 0.38425213 0.96300644
wine glass 0.4490849 0.39565626 0.446416 0.4133062 0.45418593
cake 0.41522467 0.690617 0.14063501 0.97806114 0.22958806
cake 0.38523826 0.68047523 0.19724418 0.7215945 0.27522534
wine glass 0.37795934 0.39454415 0.45446157 0.41270378 0.46230918
wine glass 0.36969087 0.39857003 0.43157127 0.41313758 0.43733576
tennis racket 0.33028534 0.5195507 0.7934267 0.5610766 0.80489653
cake 0.3017548 0.7669565 0.29970974 0.99516046 0.39197177
