couch 0.58136046 0.42392218 0.6648503 0.56524444 0.85328776
clock 0.5542978 0.45702922 0.52658045 0.5138729 0.5570877
spoon 0.5457492 0.49789053 0.35774198 0.535703 0.4335409
clock 0.5149529 0.50942457 0.72128606 0.5640137 0.80640596
wine glass 0.48196143 0.36602443 0.18971685 0.39618945 0.21939102
wine glass 0.48192176 0.36851248 0.22298968 0.39835396 0.24978805
clock 0.47164723 0.49789053 0.35774198 0.535703 0.4335409
clock 0.43539873 0.38794214 0.5807544 0.41457164 0.6140114
donut 0.41280678 0.56018937 0.6655277 0.58245516 0.7040383
spoon 0.39233947 0.37908605 0.37989306 0.40818968 0.43115586
wine glass 0.38653338 0.37906602 0.37781513 0.40717527 0.394423
clock 0.38057014 0.37530315 0.35236472 0.40479428 0.37797812
wine glass 0.37205857 0.3046843 0.28897104 0.33379528 0.31669375
clock 0.36879984 0.23602806 0.6546574 0.27725318 0.68498325
clock 0.36490104 0.24088079 0.27741957 0.2724145 0.30727872
clock 0.36448053 0.17775482 0.2755164 0.21955794 0.31557217
wine glass 0.3585596 0.37369788 0.2934668 0.40087283 0.31691742
wine glass 0.3211267 0.33570743 0.65414757 0.36146104 0.6755362
clock 0.3164532 0.28022748 0.4142539 0.29944384 0.43948847
pizza 0.30933842 0.56018937 0.6655277 0.58245516 0.7040383
clock 0.3067508 0.38034725 0.4136406 0.4062302 0.43113583
