cake 0.9495452 0.61089116 0.38048568 0.98989147 0.4985948
cake 0.9373535 0.61246145 0.5063447 0.99155784 0.6219075
cake 0.9340358 0.61189175 0.25437108 0.98917973 0.3739052
sink 0.9134238 0.38312808 0.10533652 0.76255566 0.23505312
cake 0.89646655 0.6113811 0.630819 0.9817673 0.7494338
microwave 0.88559055 0.4660669 0.62730396 0.6224543 0.72111917
cake 0.60826224 0.6196811 0.8276798 0.7698843 0.8794237
spoon 0.5672359 0.56590307 0.31108052 0.59106165 0.3460508
cake 0.4487174 0.55329436 0.7295907 0.67420864 0.7816376
sandwich 0.391434 0.5640845 0.333807 0.5727245 0.3415007
cell phone 0.34808546 0.47733784 0.6323437 0.54013234 0.7173113
spoon 0.32607853 0.38064337 0.5864286 0.40142554 0.61787456
sink 0.30699852 0.3437583 0.00029472634 0.9066926 0.05916647
