cake 0.8762904 0.58104473 0.32990658 0.7952101 0.43184966
cake 0.8218026 0.4683182 0.00030598044 0.82682395 0.12717974
spoon 0.7240987 0.05827879 0.9423515 0.10687152 0.9839453
cake 0.70569885 0.55138785 0.26195174 0.7453834 0.3336742
clock 0.70147264 0.40933684 0.61261195 0.44178548 0.6275163
clock 0.66711617 0.4045523 0.38132092 0.4691267 0.4116843
cake 0.6654873 0.5858994 0.65819013 0.99703354 0.99442315
cake 0.6304403 0.55964077 0.45462453 0.7591341 0.55427074
tennis racket 0.61249137 0.4011465 0.47664914 0.4604643 0.48953208
spoon 0.5719694 0.43237504 0.85349834 0.4700719 0.90247595
couch 0.5558529 0.084071256 0.87168866 0.1354183 0.8995312
couch 0.51895845 0.3524591 0.3677894 0.46458787 0.44071215
wine glass 0.45836473 0.2864338 0.94165254 0.30446455 0.9515655
banana 0.41904905 0.43668643 0.7942682 0.46708685 0.8129876
spoon 0.39161384 0.1696658 0.9466146 0.21641718 0.9844166
tennis racket 0.3788607 0.39045775 0.8204053 0.44903338 0.8400933
couch 0.3720018 0.27758348 0.7001997 0.3496465 0.7333796
sink 0.3713771 0.21520495 0.05787368 0.5557261 0.110540584
couch 0.35587278 0.31611547 0.7192397 0.34289652 0.73136246
tennis racket 0.3477376 0.18100779 0.8827263 0.23131467 0.89334846
clock 0.3416985 0.4131428 0.5078427 0.42887136 0.5228482
clock 0.32628015 0.39817023 0.45156068 0.45421034 0.4675688
chair 0.31762826 0.5858994 0.65819013 0.99703354 0.99442315
clock 0.31375742 0.42732728 0.34176388 0.475623 0.3671817
spoon 0.30952483 0.29288086 0.86906403 0.31267622 0.892026
couch 0.30931076 0.39128214 0.50619656 0.42790523 0.52703613
toaster 0.3082235 0.44699517 0.6288702 0.46550867 0.73478216
