cake 0.8701998 0.7717987 0.61414135 0.9892742 0.7638378
spoon 0.8578099 0.6018416 0.83908296 0.69222623 0.9456533
couch 0.82587546 0.40264472 0.34309095 0.56818694 0.43390006
couch 0.7418273 0.4989399 0.12792064 0.64870346 0.21950571
cake 0.72071844 0.87449574 0.6556134 0.9977879 0.8639544
couch 0.70677537 0.48218045 0.6572568 0.5662343 0.7058069
spoon 0.6728194 0.5477321 0.6393548 0.5693929 0.67840207
clock 0.6279139 0.14354558 0.15287468 0.20261659 0.19348383
clock 0.6161687 0.17191894 0.19992593 0.22438006 0.2181212
spoon 0.576266 0.5365457 0.692311 0.5701475 0.74161845
cake 0.527909 0.7113225 0.49006632 0.98669624 0.6143165
toaster 0.51690716 0.55721956 0.47756144 0.5734462 0.5350437
clock 0.4988474 0.11331062 0.23035643 0.1595431 0.2595153
spoon 0.3717107 0.5494305 0.257221 0.5700077 0.30037078
couch 0.3538854 0.32967925 0.8547317 0.7407073 1.0
clock 0.3506307 0.586058 0.12926441 0.6588919 0.16657922
spoon 0.33484745 0.586058 0.12926441 0.6588919 0.16657922
couch 0.30763066 0.51770824 0.41088325 0.56666905 0.43566304
clock 0.30117878 0.52952534 0.41103113 0.56838965 0.43533182
clock 0.3006882 0.5253811 0.66803604 0.56625456 0.69581693
