cake 0.9584497 0.68037736 0.37050602 0.9757667 0.47755882
cake 0.941259 0.68456525 0.61728895 0.9835501 0.7287644
cake 0.9396536 0.6809659 0.4974781 0.9780909 0.6021527
cake 0.9250536 0.67510605 0.24763751 0.969701 0.3576277
couch 0.70794266 0.56188333 0.2953835 0.63873 0.3573944
clock 0.64291734 0.5056953 0.69021535 0.5453948 0.70749843
tennis racket 0.59825814 0.50377804 0.64471596 0.5465977 0.6610598
spoon 0.5967965 0.39327046 0.69030136 0.41282174 0.7114536
clock 0.568478 0.4958106 0.40290248 0.5394487 0.42229503
cell phone 0.5213783 0.4167828 0.9120906 0.5628986 0.9839497
clock 0.4685879 0.50377804 0.64471596 0.5465977 0.6610598
clock 0.4038129 0.52590144 0.6691768 0.54663247 0.68387604
spoon 0.39877534 0.44327885 0.6392011 0.45626542 0.669331
microwave 0.37669143 0.42376557 0.91216624 0.56395245 0.98339415
spoon 0.3626068 0.57161814 0.3641299 0.60306966 0.43793124
tennis racket 0.33355492 0.51333433 0.6687686 0.54648924 0.68431264
