cake 0.94423634 0.581478 0.33729753 0.94492364 0.455018
cake 0.9418935 0.58175665 0.4467059 0.94582295 0.55751485
cake 0.9220943 0.57942986 0.5637159 0.9475397 0.66709167
cell phone 0.90847635 0.40921348 0.25517833 0.4929198 0.34081674
cell phone 0.7690605 0.4204556 0.6884 0.49240547 0.7679927
wine glass 0.7041869 0.54350394 0.4936425 0.56808776 0.5188548
wine glass 0.7014901 0.54150707 0.5939928 0.56549555 0.6208378
cake 0.70148855 0.53262645 0.24064991 0.89676285 0.34065995
clock 0.6928847 0.43011314 0.46084818 0.52297896 0.5110533
microwave 0.62991714 0.3397107 0.118578106 0.52276987 0.17216077
microwave 0.6194789 0.50572145 0.11827583 0.6770524 0.1726687
cake 0.5950583 0.536799 0.6701787 0.91753876 0.7714086
wine glass 0.5933831 0.5426205 0.39012456 0.56741947 0.4174136
cake 0.38437143 0.5140453 0.5035942 0.55108255 0.53122324
couch 0.35949576 0.35664675 0.43655983 0.5324329 0.53594714
