cake 0.91623354 0.5579728 0.14567032 0.69157124 0.24801677
cake 0.8317377 0.6758235 0.17490032 0.99399954 0.2972507
cake 0.8275773 0.83789045 0.00017753989 0.99702954 0.1749478
tennis racket 0.7187633 0.5130177 0.6474473 0.5668557 0.65459925
tennis racket 0.6793398 0.5140754 0.6543735 0.5677212 0.6637882
tennis racket 0.59527045 0.5131567 0.663776 0.5684931 0.6729626
couch 0.5659034 0.4159869 0.049669016 0.47729728 0.094310075
tennis racket 0.56182116 0.46992263 0.56006974 0.51729465 0.5687904
couch 0.50458664 0.5436163 0.49080226 0.5891116 0.52165616
cake 0.49212793 0.64115924 0.1889758 0.83987904 0.24281128
tennis racket 0.47981074 0.4719625 0.5443726 0.516181 0.55324155
tennis racket 0.45259234 0.47070086 0.55152416 0.5166027 0.5603001
banana 0.43890432 0.5669124 0.446718 0.57488865 0.45694366
sandwich 0.43365955 0.5669124 0.446718 0.57488865 0.45694366
banana 0.42907095 0.56396097 0.45629787 0.57556534 0.46940762
cake 0.4263298 0.6182081 0.0025665835 0.72223586 0.08589841
knife 0.41034448 0.41242886 0.82367516 0.44845435 0.84394336
clock 0.40070093 0.45765725 0.058814578 0.47706875 0.07159322
couch 0.39240697 0.6425232 0.00063014776 0.8399812 0.0902378
sandwich 0.3382919 0.56396097 0.45629787 0.57556534 0.46940762
cake 0.33166543 0.56286067 5.7253987e-05 0.719452 0.08421628
