couch 0.69290006 0.4532805 0.508478 0.52589047 0.6208997
tennis racket 0.66560733 0.49551168 0.80584633 0.54944825 0.8379065
clock 0.6603286 0.48411214 0.5443556 0.52112484 0.5858819
sandwich 0.5942612 0.56662214 0.00076017424 0.5958681 0.03584627
tennis racket 0.5796808 0.4821588 0.840374 0.55289423 0.8652711
tennis racket 0.56497866 0.50428534 0.8655571 0.5558704 0.89879936
toaster 0.55258536 0.50798297 0.6252395 0.53593135 0.79773194
banana 0.5300639 0.56687415 0.031866472 0.5908848 0.06667437
tennis racket 0.4105645 0.47636035 0.86406773 0.52054256 0.88839054
tennis racket 0.37801424 0.4820557 0.8501358 0.49911162 0.8599209
tennis racket 0.31094316 0.47606444 0.8618532 0.55206275 0.89307344
