cake 0.8630334 0.63150346 0.3533574 0.92670786 0.5929507
clock 0.8266163 0.46818945 0.28061062 0.535014 0.3186024
spoon 0.7960559 0.24237521 0.85977286 0.27836522 0.9507154
couch 0.7103384 0.44261268 0.6579234 0.5084892 0.70914483
couch 0.6837139 0.23296273 0.7019936 0.28830558 0.7633828
cake 0.669569 0.6119226 0.17646573 0.8761604 0.38435942
clock 0.6452022 0.46020332 0.19776523 0.4981251 0.23044263
spoon 0.64181304 0.24395978 0.62150174 0.29386216 0.7120198
spoon 0.61968255 0.35264271 0.92955244 0.37992328 0.99972963
couch 0.6072425 0.24037516 0.7538282 0.28495836 0.7977131
spoon 0.6069664 0.34711093 0.634036 0.36019367 0.6719349
couch 0.6003538 0.23720717 0.79612726 0.2838837 0.8337979
cake 0.5944519 0.6536824 0.5693517 0.9513311 0.8306967
cake 0.56217587 0.6511612 0.5666793 0.9861274 0.8328993
spoon 0.5524148 0.3565865 0.68273056 0.38455287 0.7354038
spoon 0.53581387 0.36756527 0.6340417 0.38574982 0.67161065
spoon 0.5083316 0.52120024 0.4254852 0.5449417 0.5049139
couch 0.49975854 0.4243347 0.19076209 0.49893498 0.23536669
microwave 0.49725887 0.5024047 0.00022249039 0.74396086 0.24444152
spoon 0.482652 0.20849438 0.21247603 0.23320447 0.24763103
spoon 0.4740894 0.35931453 0.63457835 0.37083164 0.67154044
spoon 0.4660692 0.24517556 0.9592256 0.2725498 0.9985638
knife 0.4502453 0.449636 0.15677656 0.4621654 0.17220488
sandwich 0.4324071 0.49102053 0.70644534 0.51065475 0.73749906
sandwich 0.42028308 0.48940578 0.7438605 0.5095646 0.7708803
spoon 0.33402544 0.47085324 0.36531734 0.50859797 0.45531085
spoon 0.33025163 0.3680071 0.7500502 0.38445017 0.8297862
couch 0.30885944 0.40488374 0.23295136 0.5356385 0.35853493
banana 0.3001491 0.48940578 0.7438605 0.5095646 0.7708803
