cake 0.9536766 0.7595877 0.376783 1.0 0.5411738
sink 0.94888026 0.37760654 0.11721365 0.7192153 0.24694352
cake 0.94783854 0.71304923 0.285702 0.9972261 0.4210645
cake 0.9025326 0.65674126 0.1900024 0.89046663 0.28912777
cake 0.8529063 0.6803874 0.22933277 0.9498665 0.34537688
spoon 0.67782843 0.3579658 0.19848382 0.3724377 0.20999047
microwave 0.64983535 0.4197736 0.32440302 0.5577505 0.39174655
fork 0.5941769 0.5083494 0.7405271 0.5325612 0.7477165
spoon 0.5627451 0.35804266 0.1842517 0.371177 0.19735122
sandwich 0.5435429 0.51787263 0.5155761 0.53230333 0.5272304
spoon 0.5378841 0.32350928 0.13014032 0.36706212 0.17831542
spoon 0.5227817 0.3581111 0.21055208 0.3739149 0.22558115
fork 0.5173949 0.5072312 0.7323416 0.53258735 0.739039
fork 0.5131597 0.47790375 0.7449376 0.5057981 0.7534686
spoon 0.4954035 0.51787263 0.5155761 0.53230333 0.5272304
tennis racket 0.4267304 0.47762436 0.27880067 0.5292607 0.28918624
sandwich 0.40699887 0.5138436 0.5263147 0.52626556 0.53465766
banana 0.37407526 0.51787263 0.5155761 0.53230333 0.5272304
fork 0.35615787 0.4842855 0.72811157 0.509446 0.7371889
sandwich 0.33219844 0.51008385 0.5177402 0.51760685 0.5262627
wine glass 0.30752674 0.3581111 0.21055208 0.3739149 0.22558115
