cake 0.9460233 0.62690914 0.41942623 1.0 0.8284578
couch 0.89865273 0.5416527 0.48406535 0.6724732 0.6651363
spoon 0.7781524 0.2563666 0.13042058 0.28800088 0.19456485
spoon 0.71035284 0.33760574 0.19764242 0.35932603 0.25182867
clock 0.70218027 0.6241956 0.54127336 0.6748072 0.59958416
spoon 0.6968819 0.26416922 0.19701953 0.2879343 0.24784154
spoon 0.69357586 0.4117642 0.21083006 0.42837965 0.25969407
spoon 0.67517203 0.342039 0.15582106 0.35853022 0.19733034
cake 0.63091177 0.5260481 0.20230758 0.8687723 0.41886985
spoon 0.55040216 0.26740357 0.049018137 0.28856626 0.1015671
clock 0.54633594 0.31622 0.13230073 0.35831857 0.17004624
spoon 0.54216367 0.3178827 0.04647702 0.34882757 0.118957706
spoon 0.4565219 0.47535995 0.06339445 0.5030431 0.11415449
spoon 0.44548938 0.40593952 0.115472294 0.4182912 0.14809464
spoon 0.3995634 0.41302466 0.1629925 0.42655587 0.21011718
toaster 0.36305562 0.51519984 0.0021282646 0.52978355 0.05000662
wine glass 0.32519883 0.39774963 0.69441915 0.42634866 0.7287514
spoon 0.3206597 0.49332172 0.0 0.5268255 0.0053120987
spoon 0.31749144 0.50126755 0.48765737 0.5251541 0.59994733
wine glass 0.3130743 0.40593952 0.115472294 0.4182912 0.14809464
