cake 0.9572284 0.5884948 0.6239834 0.9545488 0.72342086
cake 0.9378058 0.72561014 0.15027797 0.99486375 0.34543145
cake 0.7787986 0.56218606 0.75044334 0.83346903 0.8007314
microwave 0.77671146 0.5248443 0.3329953 0.77293015 0.49852163
cake 0.76792693 0.55223465 0.7880331 0.79414386 0.8254777
cake 0.76337576 0.5780096 0.7017735 0.89112264 0.7631967
toaster 0.6473854 0.5616256 0.5384825 0.5889501 0.6215984
clock 0.63303673 0.5171838 0.31942302 0.5447091 0.34049737
couch 0.62617236 0.48937368 0.31541878 0.5449791 0.3437069
couch 0.6049681 0.4836854 0.37007207 0.5380796 0.39681977
cake 0.5894311 0.64342946 0.09572024 0.93666047 0.22937033
clock 0.5259498 0.51234955 0.37398568 0.5388763 0.39385006
couch 0.49416202 0.40166026 0.64599776 0.55963135 0.6858444
sink 0.3906833 0.38278377 0.90035135 0.70196414 0.923135
clock 0.3405692 0.51627874 0.6572421 0.558213 0.6902818
cake 0.3302937 0.69973356 0.00043995678 0.9934542 0.15050158
banana 0.31501898 0.51658374 0.5248216 0.5271663 0.53344995
couch 0.30682203 0.24426617 0.0014350489 0.8287362 0.14376226
couch 0.30318457 0.4809373 0.41840196 0.52960354 0.44202447
clock 0.3007711 0.55041605 0.6585428 0.5737193 0.67933375
