chair 0.9603803 0.49778232 0.2959888 0.939659 0.6923968
cake 0.91317666 0.555526 0.22306404 0.7080716 0.30277047
cake 0.7508608 0.5004887 0.7583536 0.7380859 0.88640463
cake 0.5258942 0.44831803 0.5441321 0.5082014 0.5907911
spoon 0.48323235 0.44832867 0.2067892 0.46607694 0.23503935
cake 0.47476062 0.4336019 0.5114703 0.51681584 0.5559999
couch 0.4744559 0.44406763 0.57700646 0.4723414 0.62249196
cake 0.42448413 0.45687577 0.6440619 0.5252868 0.66298604
cell phone 0.4157124 0.34227765 0.30428934 0.42096472 0.36997044
cake 0.4063435 0.43652123 0.6033137 0.45658857 0.63340163
cake 0.3840377 0.43350634 0.51211154 0.4478744 0.54434633
chair 0.37232557 0.50143915 0.7352542 0.7372722 0.88620967
cake 0.34621012 0.43927 0.61452955 0.47209403 0.63220376
sink 0.3157334 0.30770472 0.0011230083 0.76894563 0.026856873
cake 0.3102693 0.44237113 0.51212615 0.51499915 0.5907255
chair 0.30045378 0.5004887 0.7583536 0.7380859 0.88640463
