wine glass 0.83221644 0.36704743 0.32714647 0.44594684 0.3789919
cake 0.80064327 0.8028737 0.363972 0.99648345 0.5678894
spoon 0.78284496 0.57198304 0.1061578 0.6544012 0.24170241
spoon 0.7532012 0.63778794 0.32051098 0.7079714 0.41529632
wine glass 0.66168946 0.25901386 0.22407423 0.30436417 0.2484652
spoon 0.65312093 0.41050234 0.25580296 0.44317287 0.30853912
sandwich 0.63841385 0.57229006 0.19999568 0.60307026 0.2272607
toaster 0.6287317 0.6487607 0.44929433 0.673128 0.56276727
wine glass 0.5569873 0.28143784 0.33786505 0.31293604 0.37445056
tennis racket 0.5465486 0.4886341 0.5263487 0.52712613 0.53532135
spoon 0.53874743 0.53354067 0.24116567 0.5472854 0.27687487
wine glass 0.5212212 0.25280547 0.24274714 0.30328226 0.27738136
tennis racket 0.49443582 0.49518514 0.5478812 0.52670074 0.5576765
sandwich 0.4903202 0.60472417 0.14850923 0.61825764 0.1691458
sandwich 0.48664165 0.5683748 0.11765622 0.6055419 0.14302903
spoon 0.47274834 0.26692197 0.29645938 0.31246945 0.32448012
wine glass 0.46087906 0.4070909 0.3173649 0.44628853 0.3381904
spoon 0.4465317 0.5728932 0.23698132 0.59102917 0.2803273
spoon 0.44500005 0.5083935 0.29797944 0.577898 0.36006358
spoon 0.39926767 0.56031835 0.35456902 0.570381 0.38334304
sandwich 0.39385012 0.5797415 0.12757048 0.616709 0.15772894
tennis racket 0.39128503 0.49393284 0.5399761 0.52684045 0.5488987
spoon 0.3900621 0.56729615 0.2803762 0.58626777 0.3242495
spoon 0.37006477 0.56850153 0.2961844 0.5861826 0.32322773
spoon 0.34339035 0.5554302 0.2411459 0.5640263 0.27775994
spoon 0.33953613 0.27954665 0.26034188 0.304462 0.2881493
cell phone 0.32393324 0.48899648 0.8995155 0.630075 1.0
banana 0.32001278 0.58404946 0.16817187 0.6167467 0.19795524
spoon 0.30081144 0.5438899 0.3551975 0.5552464 0.3830626
