cake 0.9215272 0.6425891 0.6413934 1.0 0.80123985
cake 0.91610134 0.7076005 0.029963993 0.9956959 0.23825893
clock 0.89246607 0.5869781 0.70897585 0.67482626 0.7454755
cake 0.8591238 0.64906937 0.094430014 0.7358866 0.1742837
cake 0.8387509 0.62627745 0.5830649 0.9973778 0.65389204
couch 0.8140286 0.5959441 0.7747917 0.7003402 0.8604324
cake 0.7342081 0.58927006 0.5141239 0.9050596 0.5592321
cell phone 0.6857223 0.41345233 0.16145721 0.529006 0.29541296
cake 0.63121516 0.6022501 0.543914 0.9614425 0.5932457
clock 0.6129833 0.71687865 0.00020870194 0.798524 0.010439165
microwave 0.5730682 0.499696 0.6152049 0.6307371 0.69296724
clock 0.5606377 0.66499174 0.7984495 0.698507 0.8325535
cell phone 0.49420175 0.5466572 0.19742218 0.6175579 0.264979
cell phone 0.45907572 0.53135484 0.533666 0.5874957 0.6112586
microwave 0.43197304 0.5488284 0.32269615 0.69852865 0.3610952
spoon 0.42090997 0.5863222 0.8285733 0.6012087 0.8488124
microwave 0.40478617 0.60764927 0.9177905 0.6980461 0.999216
clock 0.39126122 0.56349665 0.743849 0.6817074 0.7904976
clock 0.37958005 0.7101468 0.015182489 0.73648983 0.027276661
couch 0.35298616 0.65378535 0.00046514533 0.7689957 0.035435103
