sink 0.96597975 0.37158808 0.74735993 0.88739026 0.94468063
cell phone 0.9492629 0.39046544 0.5712546 0.4845284 0.6817838
spoon 0.8860707 0.6118705 0.4791957 0.66983443 0.55638635
cake 0.8506418 0.86088884 0.52212775 0.99819326 0.6759385
cake 0.7912386 0.7730031 0.62275714 1.0 0.74201244
microwave 0.6800414 0.57051164 0.55661815 0.63114816 0.6894252
tennis racket 0.602723 0.567882 0.26900432 0.61321515 0.28319654
banana 0.57242775 0.6118705 0.4791957 0.66983443 0.55638635
toaster 0.4368589 0.59940726 0.3003117 0.62090254 0.39153138
clock 0.34814495 0.5962841 0.046091 0.6620934 0.09213489
