microwave 0.86749554 0.571551 0.101896115 0.9867225 0.5809568
tennis racket 0.5710951 0.5018941 0.5280384 0.586758 0.5510339
tennis racket 0.5508669 0.5011706 0.57886225 0.58811647 0.6031157
fork 0.4900426 0.5343997 0.055137377 0.5710586 0.08543517
couch 0.44780073 0.52500606 0.6969876 0.5661963 0.7656772
fork 0.43340024 0.51590157 0.038514897 0.5738367 0.07510101
tennis racket 0.42410856 0.4984548 0.5503942 0.58408725 0.57184905
fork 0.397461 0.5293519 0.07325113 0.5600495 0.100350514
hair drier 0.32217956 0.50532544 0.5334514 0.53782475 0.54112804
toaster 0.3060744 0.5455251 0.8184327 0.5988786 1.0
