microwave 0.96048796 0.32253057 0.42007065 0.63739336 0.5531563
cake 0.93612367 0.5223008 0.8769525 0.84940606 0.962376
cell phone 0.9342251 0.17839423 0.4268092 0.2871373 0.55239606
sink 0.88209355 0.18647802 0.008251831 0.93888396 0.16740274
clock 0.72364926 0.3173549 0.75025254 0.38342327 0.78630584
fork 0.67221504 0.32567832 0.63412356 0.35506615 0.6369895
fork 0.6602252 0.3308445 0.62623835 0.35678682 0.62938297
knife 0.6528478 0.31836873 0.28445354 0.35895684 0.30246934
knife 0.64086354 0.3173756 0.2546429 0.36037755 0.2726164
toaster 0.6254847 0.39544985 0.18252786 0.42149118 0.27532488
knife 0.5446599 0.3129314 0.26495588 0.3576936 0.27534366
knife 0.5039005 0.31192267 0.27568942 0.35833693 0.28536516
couch 0.48728448 0.24317057 0.7166665 0.3785065 0.8035732
banana 0.4159929 0.39136714 0.8091434 0.41648522 0.8336109
banana 0.39082098 0.3838561 0.7837076 0.41397345 0.81317425
wine glass 0.32225284 0.3594793 0.26794207 0.39210603 0.28765982
