couch 0.7951585 0.3596747 0.24200803 0.45524532 0.27748692
couch 0.78969234 0.568724 0.7465291 0.66395277 0.81251526
tennis racket 0.70018864 0.5958945 0.34136483 0.6606475 0.35122022
microwave 0.6448036 0.5471897 0.40442258 0.9205587 0.55939496
couch 0.62183934 0.6229598 0.8010181 0.9969201 0.983858
couch 0.5863301 0.29608777 0.9025906 0.47524527 0.96731216
clock 0.5578513 0.368954 0.280671 0.45428208 0.29950207
clock 0.51961493 0.4035969 0.36548555 0.4564259 0.38170934
couch 0.44091395 0.6086669 0.9066582 0.7459324 0.98702216
toaster 0.4216666 0.65848106 0.12196562 0.67981154 0.21859267
clock 0.39573348 0.39526096 0.30728865 0.45138794 0.32244194
couch 0.38043222 0.607252 0.86953664 0.8056228 0.9857688
microwave 0.36407024 0.73312265 0.4065037 0.90123147 0.5566026
couch 0.35717037 0.33503136 0.3034493 0.45376456 0.32497874
