cake 0.97178954 0.68434024 0.4627114 0.9955313 0.674952
cake 0.96405935 0.65119934 0.6482625 0.9965695 0.83902097
cake 0.92921096 0.63078487 0.816208 1.0 0.95198
toaster 0.75631547 0.6234558 0.36517248 0.65531385 0.47309163
spoon 0.6531015 0.5896948 0.5530343 0.6341548 0.64029706
couch 0.6372486 0.49245417 0.34682894 0.5646522 0.37032205
wine glass 0.60792875 0.51543766 0.5318574 0.5546583 0.5557437
sandwich 0.5929846 0.5821006 0.5651084 0.60427815 0.58517563
couch 0.5607704 0.50487727 0.31538346 0.5657683 0.34422216
sandwich 0.5257967 0.5868638 0.59873086 0.6052472 0.62296444
clock 0.5168109 0.5512989 0.6637609 0.61357206 0.69102085
sandwich 0.46182105 0.592097 0.62225455 0.6042994 0.6340299
knife 0.45312622 0.47647038 0.521399 0.51558834 0.53798234
tennis racket 0.44661492 0.5055689 0.8477769 0.56329834 0.87556934
knife 0.44660574 0.47777915 0.5362231 0.5149184 0.5460002
sandwich 0.43612257 0.57815385 0.61579996 0.59712946 0.6293692
couch 0.42082188 0.41536 0.6268904 0.6216874 0.7921071
sandwich 0.416307 0.58672404 0.5810508 0.6045708 0.5962067
couch 0.40629625 0.54752296 0.08552469 0.60770756 0.12878062
couch 0.36781424 0.3711593 0.6318004 0.6180422 0.79476094
couch 0.36201262 0.4689164 0.6303816 0.6148822 0.76429963
knife 0.36191896 0.48735517 0.5500472 0.515966 0.5631018
knife 0.34298238 0.48777437 0.5438423 0.5161213 0.55179226
couch 0.3258704 0.48093045 0.016967628 0.5876716 0.087946236
toaster 0.3222351 0.54758364 0.40333465 0.5718099 0.5375349
cake 0.31295726 0.713016 0.0 1.0 0.027968474
