cake 0.765813 0.54304236 0.6785736 0.62731504 0.74800634
spoon 0.7633762 0.5976101 0.53555167 0.61467147 0.5554625
couch 0.6966274 0.5118552 0.5232053 0.59110886 0.5746676
spoon 0.67036927 0.5964376 0.51079595 0.61500275 0.52937996
tennis racket 0.5759371 0.52574134 0.8431286 0.58644706 0.85603803
tennis racket 0.57479453 0.5244633 0.83264464 0.587599 0.8442418
cake 0.54990274 0.5344749 0.6153513 0.60510784 0.6844288
microwave 0.4806486 0.58704656 0.1787817 0.8468884 0.25453
couch 0.45533293 0.5457632 0.4373712 0.5690143 0.45897025
toaster 0.4503148 0.59454244 0.45309952 0.6155189 0.51232165
tennis racket 0.43433028 0.539488 0.85382414 0.5849544 0.8621564
clock 0.41924912 0.5435395 0.19417723 0.57381856 0.20779224
wine glass 0.40779757 0.558435 0.17925483 0.5756556 0.19158775
wine glass 0.37032914 0.38534105 0.8309831 0.40228394 0.84499615
banana 0.3690802 0.61394423 0.05537211 0.6446678 0.081359886
cake 0.3473237 0.53429693 0.6178584 0.59399813 0.65138674
cake 0.32701346 0.5382021 0.63882923 0.6063983 0.68532383
cake 0.32524228 0.53500247 0.5887751 0.58663344 0.6205328
fork 0.31498918 0.56655115 0.096855134 0.58226085 0.10708949
