clock 0.88510984 0.46015188 0.7166371 0.55811787 0.7687204
wine glass 0.7544722 0.5140626 0.7816935 0.558446 0.8198669
wine glass 0.748936 0.20852716 0.6905689 0.2458141 0.7313025
wine glass 0.65373355 0.5195387 0.74408156 0.56534594 0.78495264
tennis racket 0.6356195 0.18209463 0.031345975 0.24244803 0.051698
toaster 0.60664386 0.5594552 0.1455652 0.5947086 0.4780682
spoon 0.53641635 0.31953162 0.71922064 0.33285367 0.7904809
spoon 0.5306591 0.3296398 0.011867783 0.34677392 0.051638152
wine glass 0.504452 0.21467921 0.7345138 0.24690509 0.7726248
spoon 0.49018544 0.31828114 0.012170522 0.3283405 0.051707987
wine glass 0.4770733 0.3065215 0.013044437 0.31766394 0.05058745
banana 0.45417655 0.54230094 0.66749835 0.56127703 0.6990056
banana 0.4479777 0.53521 0.62913203 0.5546602 0.6559154
spoon 0.44499114 0.31926194 0.71267265 0.34813175 0.79107076
spoon 0.40229434 0.328716 0.6354792 0.34894165 0.7028367
wine glass 0.38027224 0.31828114 0.012170522 0.3283405 0.051707987
banana 0.3619035 0.53782177 0.64802825 0.56042624 0.6810862
spoon 0.31621483 0.3065215 0.013044437 0.31766394 0.05058745
banana 0.30796495 0.5367658 0.60591394 0.5520252 0.6331449
