cell phone 0.92606664 0.23946396 0.70692384 0.33856496 0.8127606
sink 0.889089 0.24537009 0.31783253 0.47919217 0.46706557
clock 0.63699836 0.4010141 0.072529435 0.44610962 0.09566054
microwave 0.45892182 0.53214365 0.5364612 0.8493947 0.67859167
spoon 0.44730672 0.41599402 0.21087556 0.44407457 0.2677641
toaster 0.4367016 0.4372896 0.08695051 0.46659037 0.22248137
banana 0.43499586 0.48304117 0.9779419 0.5139993 0.999809
tennis racket 0.42029846 0.3485742 0.52002794 0.41869962 0.5408463
sandwich 0.41428822 0.41972566 0.22086225 0.4288476 0.23049586
cake 0.40370566 0.39767852 0.0006529242 0.6092107 0.06399736
toaster 0.3751378 0.44899124 0.08868424 0.46509886 0.14851774
sandwich 0.3498899 0.41637033 0.2505808 0.42667818 0.26266164
couch 0.3082734 0.37133795 0.54635274 0.42374608 0.6139158
