couch 0.790028 0.6608301 0.73691607 0.8155725 0.8529724
spoon 0.7142844 0.41748706 0.50028145 0.45035943 0.5570327
microwave 0.69825196 0.53734744 0.6678672 0.773623 0.77447224
toaster 0.64590704 0.72454566 0.38077363 0.7634667 0.49888203
spoon 0.61591274 0.5718356 0.20804268 0.62423605 0.262504
tennis racket 0.6005036 0.80725175 0.58237606 0.99726284 0.6250586
spoon 0.5780993 0.4358529 0.5491531 0.45816734 0.58768
spoon 0.55902195 0.5996076 0.5037815 0.6104666 0.53953356
spoon 0.548865 0.47065717 0.20670696 0.49261737 0.26368508
spoon 0.5372118 0.5877564 0.5043735 0.5942823 0.5389125
spoon 0.52734107 0.589975 0.56372046 0.60884374 0.5834769
sink 0.5236169 0.49670073 0.77698576 0.7837748 0.9687618
wine glass 0.46967348 0.5766355 0.57569575 0.608561 0.59701395
spoon 0.45155454 0.45252368 0.2057661 0.490213 0.26164982
bowl 0.4289457 0.6741734 0.5838569 0.6910978 0.6214312
wine glass 0.3936718 0.92390287 0.4533728 1.0 0.505215
clock 0.38874257 0.75087404 0.7623212 0.8218712 0.8138005
wine glass 0.37663794 0.589975 0.56372046 0.60884374 0.5834769
spoon 0.3649747 0.5723258 0.20774111 0.588417 0.2634294
microwave 0.34965062 0.5387095 0.66822094 0.6339525 0.7745785
clock 0.33709684 0.6426977 0.27703846 0.7557762 0.33625388
spoon 0.318048 0.92390287 0.4533728 1.0 0.505215
wine glass 0.3059849 0.71080357 0.20672517 0.7678302 0.22160386
