sink 0.8623176 0.35458654 0.7492799 0.7793449 0.87091345
wine glass 0.8050676 0.43343735 0.41524538 0.47009775 0.45324352
wine glass 0.7695628 0.43327254 0.39119595 0.46971452 0.41615713
toaster 0.6185983 0.6244518 0.4002542 0.654747 0.56379724
spoon 0.60982877 0.6174939 0.28887907 0.66070086 0.34602436
wine glass 0.5929582 0.43474135 0.3169206 0.46952343 0.3359488
tennis racket 0.52044797 0.30568644 0.43319783 0.3366237 0.4438567
tennis racket 0.43978432 0.3039796 0.4185946 0.3346586 0.43489742
tennis racket 0.43257377 0.3067985 0.4431417 0.33711183 0.45244533
wine glass 0.41857725 0.30188018 0.38777277 0.3310801 0.4067656
wine glass 0.41670895 0.42618495 0.2880424 0.43864074 0.30916968
wine glass 0.41586977 0.43459538 0.34555495 0.47023422 0.36876673
wine glass 0.391589 0.45209807 0.2884816 0.4670291 0.3096168
tennis racket 0.35406265 0.31509104 0.49125797 0.34424502 0.51103574
wine glass 0.3539965 0.30574852 0.35392702 0.3273925 0.37915128
tennis racket 0.35172513 0.30188018 0.38777277 0.3310801 0.4067656
spoon 0.34667835 0.63928425 0.28953785 0.66094476 0.34512013
tennis racket 0.34464553 0.58470684 0.14493334 0.6918139 0.19406426
tennis racket 0.33703506 0.31406483 0.46666455 0.34170675 0.48928374
wine glass 0.3230817 0.3097771 0.3683051 0.32878742 0.3792702
