cake 0.9738057 0.8214115 0.38666055 1.0 0.52187115
cake 0.9671631 0.8229765 0.55412227 1.0 0.68999785
couch 0.93528074 0.45571095 0.5243441 0.6033458 0.6675843
microwave 0.9294634 0.53664577 0.33721715 0.68686086 0.43206078
clock 0.76796645 0.55478024 0.5799582 0.60689133 0.6110966
couch 0.6300438 0.5770677 0.41899812 0.66167784 0.51435566
cake 0.528653 0.58245057 0.60892266 0.5975614 0.64492005
sink 0.50898004 0.26203504 0.170544 0.88034153 0.26284143
wine glass 0.46899784 0.48653027 0.28124386 0.50457096 0.29413944
cake 0.32423154 0.55541915 0.6689332 0.6588542 0.7257305
