spoon 0.6726417 0.23158461 0.16023552 0.2691235 0.23388502
tennis racket 0.62017864 0.47683367 0.43706456 0.5604848 0.44903353
sink 0.59632164 0.25396848 0.049435608 0.6657982 0.14130726
tennis racket 0.5805288 0.47758487 0.44810632 0.5610319 0.46408162
cake 0.5704923 0.6336276 0.73204434 0.6923848 0.88093257
tennis racket 0.5564368 0.501876 0.39016476 0.56014824 0.4075478
sink 0.528381 0.2500463 0.79538965 0.6798883 0.9578681
tennis racket 0.5241648 0.5028543 0.40715933 0.5599004 0.42367435
tennis racket 0.5056007 0.51829225 0.8789062 0.61482346 0.89861196
spoon 0.4949572 0.77877456 0.6188817 0.82379204 0.6650816
microwave 0.47281787 0.3653066 0.5716574 0.71896154 0.7036786
sink 0.46388516 0.25921056 0.7929533 0.66120076 0.92958194
wine glass 0.4636875 0.16503057 0.6201087 0.19615024 0.64152277
tennis racket 0.45374987 0.50819707 0.8631271 0.6132221 0.8841821
tennis racket 0.44794956 0.47592282 0.42188603 0.5593133 0.43954015
microwave 0.39021018 0.50709844 0.5731557 0.72742957 0.702112
spoon 0.38917053 0.4883249 0.70372295 0.51194865 0.72366846
