cake 0.89749897 0.61401176 0.8472661 0.78438145 0.9674227
cake 0.8082451 0.90666974 0.21887487 1.0 0.30158573
microwave 0.8062236 0.5951701 0.16406202 0.84001464 0.34675074
cake 0.7527809 0.816358 0.66144717 0.9242412 0.7156415
spoon 0.68459713 0.60761863 0.47590944 0.6389977 0.5272068
clock 0.6132537 0.5718845 0.9741333 0.6764848 1.0
spoon 0.6028901 0.3580766 0.6498602 0.3934165 0.6833988
cake 0.57695615 0.6871467 0.5540971 0.7222389 0.60501117
couch 0.5678871 0.7037299 0.4592905 0.8251379 0.5366586
cake 0.5675679 0.76500714 0.32840648 0.8433965 0.37012288
cake 0.54467607 0.8950077 0.7025337 0.9994561 0.7853919
spoon 0.52649844 0.36375046 0.6106159 0.3922679 0.64191467
cake 0.51860285 0.72556674 0.35061198 0.7881677 0.38566983
wine glass 0.5160179 0.49273637 0.19798748 0.52205604 0.21190841
cake 0.48804942 0.8202378 0.29377586 0.9077222 0.3452356
tennis racket 0.47867626 0.50230217 0.0006443113 0.73448974 0.09715427
tennis racket 0.46610588 0.3338261 0.11681082 0.38943052 0.1290203
cake 0.46319705 0.76117426 0.6333617 0.83978736 0.6768441
cake 0.46294153 0.8209982 0.29339796 0.94325525 0.3443371
cake 0.46292743 0.86657846 0.29500866 0.94584304 0.3201347
tennis racket 0.45700285 0.34395546 0.14486904 0.3975122 0.16219617
cake 0.45138356 0.72820115 0.6163579 0.845856 0.6776258
spoon 0.4366892 0.49730444 0.1380781 0.53560513 0.17096457
clock 0.41272673 0.78103304 0.4850209 0.82897323 0.52750874
tennis racket 0.39058807 0.56354487 0.23711346 0.6181774 0.24916436
cake 0.3581414 0.72759116 0.32676178 0.83638567 0.38654786
microwave 0.35238135 0.5957291 0.5923594 0.73260754 0.7255975
tennis racket 0.34841883 0.5852761 0.22866097 0.6187174 0.23677734
tennis racket 0.3343705 0.56665784 1.1954457e-05 0.752102 0.053293247
tennis racket 0.32463846 0.4670589 0.2266397 0.5199388 0.23767109
sandwich 0.32268995 0.94359523 0.4572663 1.0 0.49100778
sandwich 0.3030468 0.6055126 0.48806936 0.6146298 0.5012378
