cake 0.96214575 0.62308383 0.35444564 1.0 0.49923146
cake 0.9548295 0.61683 0.21445827 0.9886787 0.36680967
microwave 0.8253335 0.5634832 0.15363306 0.7763563 0.30170822
tennis racket 0.73028517 0.5180074 0.5175144 0.5484185 0.52385384
tennis racket 0.71851736 0.518972 0.5067866 0.5472013 0.5134293
knife 0.6568747 0.5244768 0.064822495 0.5516669 0.07932067
spoon 0.6190706 0.40779635 0.95598316 0.45286778 0.99996305
spoon 0.6115739 0.5909937 0.388527 0.61369115 0.43600735
clock 0.5493339 0.53573394 0.71080214 0.5531318 0.7294542
spoon 0.53214115 0.40758666 0.92840296 0.42456293 0.9791729
spoon 0.5291862 0.42246762 0.89768606 0.4284148 0.9282058
tennis racket 0.507607 0.5224263 0.2785924 0.5607901 0.2891177
spoon 0.4627836 0.45223224 0.89709675 0.46291995 0.92963946
spoon 0.43684143 0.29135418 0.87628645 0.33083284 0.9252357
spoon 0.43616447 0.43306112 0.8971033 0.44017097 0.9293171
spoon 0.42956668 0.43276337 0.9289829 0.44229463 0.95928377
toaster 0.42368957 0.55182296 0.61426425 0.58834577 0.6879952
couch 0.41858017 0.51575834 0.7023479 0.5509862 0.7328752
tennis racket 0.41448388 0.5255734 0.28947592 0.5597524 0.2982775
spoon 0.41082424 0.44343328 0.8964396 0.45231488 0.93014497
fork 0.3566398 0.49166706 0.045828924 0.52015066 0.05067108
spoon 0.33847257 0.23166567 0.91493076 0.30242267 1.0
cake 0.31496197 0.53071785 0.44893113 0.56493735 0.49922404
