cake 0.91965616 0.8450294 0.47271365 1.0 0.59487087
cake 0.91757387 0.81528664 0.6131407 0.99938214 0.735348
clock 0.878674 0.563595 0.082121596 0.6344603 0.1326518
couch 0.8094002 0.57108617 0.6629514 0.6648824 0.7950179
cake 0.79493415 0.7840242 0.73550355 1.0 0.8781743
spoon 0.68443054 0.5671088 0.8923864 0.6210568 0.94952744
spoon 0.6744612 0.5598341 0.64086163 0.59016395 0.6849761
clock 0.46171698 0.61791 0.70164704 0.6615295 0.7459866
spoon 0.4577676 0.5669121 0.76233864 0.5982199 0.81304944
wine glass 0.45361647 0.33855176 0.92369795 0.3617718 0.9417604
banana 0.39157048 0.5873262 0.20374796 0.6217662 0.26759914
toaster 0.3762425 0.60061204 0.78766495 0.6203076 0.9113125
toaster 0.3693904 0.5980373 0.7842624 0.64539254 0.9155561
wine glass 0.34523794 0.52496123 0.5733126 0.543881 0.5876637
microwave 0.3403915 0.59856653 0.0 0.8780887 0.08155422
clock 0.32985523 0.36663005 0.74836695 0.39164624 0.7578896
toaster 0.32054067 0.6422556 0.46611947 0.66139805 0.6008423
spoon 0.31529763 0.33855176 0.92369795 0.3617718 0.9417604
