spoon 0.7048093 0.417803 0.6589178 0.443914 0.73704004
tennis racket 0.65957004 0.49425307 0.48612827 0.5579249 0.51243263
couch 0.6239717 0.29418355 0.30471656 0.34374827 0.3789209
wine glass 0.6213585 0.41294542 0.3712455 0.44251993 0.4159972
spoon 0.62076825 0.33622482 0.53148615 0.34624782 0.5980541
book 0.6030922 0.29530308 0.47735935 0.31804702 0.51020324
tennis racket 0.6000477 0.49437454 0.46292832 0.5583162 0.48848197
spoon 0.5959578 0.32678112 0.5296248 0.3343943 0.6013134
wine glass 0.5822879 0.41323814 0.6172333 0.44351903 0.6381492
wine glass 0.5772915 0.40875614 0.5233817 0.44458282 0.5607147
spoon 0.577183 0.3185463 0.5293391 0.3268324 0.60132635
tennis racket 0.5681321 0.49701843 0.43525657 0.5589787 0.46387187
wine glass 0.5609918 0.40940392 0.56347764 0.4443922 0.59841126
wine glass 0.5052882 0.41339213 0.6370681 0.44306248 0.65723413
spoon 0.4839477 0.4159809 0.42901906 0.4236522 0.49962154
spoon 0.4784262 0.42268044 0.42841017 0.43255663 0.5022639
clock 0.42863238 0.3883139 0.3278557 0.44500363 0.38080946
clock 0.39621946 0.57530767 0.001966524 0.6391707 0.0404102
spoon 0.37175035 0.43200517 0.42528704 0.4393072 0.5032584
clock 0.36460337 0.28648528 0.63703597 0.3427448 0.6791935
fork 0.3439474 0.5896802 0.69827956 0.6012808 0.8399576
spoon 0.32906374 0.5583351 0.8382023 0.6238254 0.98153573
clock 0.31495234 0.29455286 0.68561375 0.3397237 0.704757
