spoon 0.79134333 0.59936446 0.086923644 0.62945706 0.15347092
toaster 0.6912166 0.5925732 0.42489722 0.6120724 0.5891715
couch 0.6685161 0.5709007 0.1220382 0.62203205 0.19582444
tennis racket 0.6306584 0.39382708 0.06319034 0.47137552 0.096749984
wine glass 0.52625537 0.46848422 0.8440124 0.49742758 0.8684093
cake 0.52073246 0.7490071 0.22151914 0.9720603 0.47572133
tennis racket 0.3454029 0.36984247 0.045031015 0.46766126 0.064253226
cell phone 0.3340235 0.48036632 0.75851274 0.54872435 0.7943735
parking meter 0.31513658 0.7490071 0.22151914 0.9720603 0.47572133
spoon 0.3083983 0.5709007 0.1220382 0.62203205 0.19582444
