spoon 0.75066054 0.55559844 0.44892257 0.5956374 0.48593086
clock 0.6359163 0.49132004 0.8852419 0.55060196 0.9127454
spoon 0.627309 0.4113732 0.8049127 0.43562707 0.8188815
wine glass 0.6072779 0.50392735 0.49252686 0.53472316 0.50691074
toaster 0.5890285 0.5624845 0.27854982 0.59774363 0.41402385
couch 0.5549965 0.4350889 0.87446296 0.5466049 0.91916597
book 0.5425441 0.46964997 0.58679867 0.52580523 0.6225848
clock 0.49220103 0.48660278 0.5742444 0.5265766 0.59080696
banana 0.4762627 0.5346838 0.46120417 0.5540624 0.47458768
clock 0.42632562 0.47299978 0.27339965 0.52666 0.30712026
couch 0.42516607 0.43765444 0.5667958 0.522069 0.5931536
spoon 0.41813785 0.40885046 0.8255427 0.4343277 0.8414744
banana 0.36331296 0.53740895 0.48256916 0.55785424 0.4965136
banana 0.34913692 0.54890645 0.4599728 0.56142956 0.47328484
