cake 0.9182416 0.65100217 0.4878928 0.72903407 0.6099643
cake 0.8147172 0.8102292 0.5547024 0.9997125 0.7001506
clock 0.78293324 0.7006217 0.31824377 0.7956421 0.40446308
chair 0.7683363 0.5352764 0.020388305 0.7307804 0.27205464
sink 0.67093635 0.3650793 0.8998778 0.65213674 1.0
chair 0.6113473 0.5212258 0.27945596 0.68424666 0.5064564
couch 0.5982026 0.61989605 0.30831334 0.792239 0.42874095
microwave 0.4385724 0.55355144 0.81044495 0.77787787 0.86576164
bench 0.42813796 0.13903427 0.654079 0.147945 0.67888325
couch 0.40714276 0.24120103 0.035302863 0.28890362 0.078038216
spoon 0.3300747 0.3163922 0.32849628 0.3290896 0.3538854
bench 0.32803595 0.17290287 0.71987265 0.18035755 0.74202925
