cake 0.9399957 0.7885954 0.4556285 0.99887484 0.6343081
cake 0.93840617 0.7425454 0.35189688 1.0 0.47081673
cake 0.819461 0.68405914 0.21932378 0.99439293 0.29214635
couch 0.789878 0.574415 0.35244516 0.68689215 0.44131288
spoon 0.78760785 0.6327981 0.86276424 0.68243766 0.9510248
cake 0.7049382 0.70690864 0.27152133 1.0 0.3655998
spoon 0.60904133 0.29708585 0.8765895 0.32029065 0.94492954
spoon 0.5817873 0.26669562 0.95192856 0.30932215 0.99972326
spoon 0.5756903 0.49247083 0.9131065 0.51884836 0.9521107
toaster 0.5662667 0.7111616 0.5330547 0.76914436 0.7210821
spoon 0.46411523 0.48008615 0.97018814 0.49763635 0.9996053
tennis racket 0.44770908 0.5996254 0.96696544 0.6848274 0.9883801
spoon 0.43777904 0.5007211 0.874932 0.51999086 0.9128886
spoon 0.43651626 0.48739594 0.87591296 0.51343167 0.9141509
clock 0.43441483 0.58619606 0.03543978 0.6533153 0.06829563
spoon 0.42704034 0.6090364 0.6470367 0.6347195 0.675745
banana 0.42610613 0.6763314 0.40095732 0.70800245 0.42534855
spoon 0.4055414 0.49593306 0.95612085 0.51479536 0.99911094
banana 0.37404874 0.68360674 0.4198021 0.7113755 0.4401712
spoon 0.36908603 0.66822875 0.35259318 0.6940048 0.38455737
cell phone 0.3239841 0.46825305 0.45179677 0.53098005 0.4988131
microwave 0.32045603 0.6291406 0.59439427 0.70944697 0.73708004
bowl 0.3151542 0.65118164 0.41565678 0.70784855 0.45431313
