cake 0.9516433 0.66801304 0.28236002 0.9160819 0.3693968
cake 0.95156145 0.6705098 0.40398395 0.9189954 0.4884243
cake 0.9329186 0.6649685 0.16076314 0.9083021 0.24857166
cake 0.6796408 0.86849123 0.675035 0.99857974 1.0
spoon 0.6057519 0.3445252 0.46442842 0.3689244 0.5076163
spoon 0.5694044 0.5784897 0.11328463 0.6019382 0.13946112
spoon 0.54129905 0.54887605 0.339089 0.5712153 0.37306818
toaster 0.47806552 0.5895583 0.52908236 0.6128515 0.70072407
sandwich 0.36262685 0.5626051 0.11264874 0.57988036 0.12510884
banana 0.35482875 0.5626051 0.11264874 0.57988036 0.12510884
cell phone 0.3245467 0.3913857 0.9444513 0.5143176 0.96307105
chair 0.31335318 0.86849123 0.675035 0.99857974 1.0
