toaster 0.71068263 0.64190817 0.35266674 0.6775899 0.5014598
clock 0.60821354 0.52381194 0.63657194 0.5620602 0.65373796
sandwich 0.5804528 0.60476005 0.27659082 0.6429188 0.30764848
spoon 0.5629842 0.61525536 0.23883945 0.68353146 0.3255328
couch 0.5029534 0.4904587 0.62333715 0.5630435 0.6625627
sandwich 0.47796243 0.5994057 0.256196 0.6373331 0.2849938
sandwich 0.46701083 0.6437702 0.30980858 0.6847508 0.3398808
microwave 0.40888676 0.50692624 0.49315962 0.5674728 0.5472312
sandwich 0.3857124 0.6333665 0.25859448 0.6469639 0.2845365
microwave 0.37317836 0.50372535 0.49257672 0.6170583 0.5484916
sandwich 0.37281188 0.598422 0.2473855 0.6481324 0.31254673
sandwich 0.34256697 0.6323929 0.24754849 0.64676845 0.2636523
microwave 0.33047476 0.5353903 0.49253863 0.63357043 0.5483609
