cake 0.9407373 0.71803266 0.2947224 0.9657859 0.39575782
cake 0.8899247 0.70673984 0.39798945 0.942017 0.49808258
spoon 0.6639799 0.29397997 0.75527763 0.32896864 0.8027998
tennis racket 0.65094125 0.52316785 0.43061495 0.5690419 0.4424938
clock 0.6350867 0.3980758 0.7611189 0.45572597 0.7812649
knife 0.6258048 0.52260596 0.73507214 0.5468115 0.744661
couch 0.5907903 0.48497924 0.3937942 0.53825843 0.4077048
bowl 0.5878491 0.34865695 0.74858224 0.39971894 0.79300165
cake 0.5831825 0.5808104 0.119963735 0.9601636 0.21193162
tennis racket 0.5821617 0.5105595 0.6122363 0.57664305 0.6235725
couch 0.56151664 0.5297304 0.9152252 0.5858066 0.946611
tennis racket 0.49697894 0.5211668 0.60555375 0.57487667 0.61523545
tennis racket 0.4874696 0.5175742 0.4106532 0.5431028 0.419858
couch 0.47709006 0.5532312 0.31609625 0.60407984 0.3386292
tennis racket 0.45957372 0.5175873 0.41067407 0.56759834 0.41995838
tennis racket 0.45466995 0.41714808 0.88055634 0.45388973 0.888528
clock 0.42329618 0.5310972 0.28692818 0.60163474 0.30325383
clock 0.3874311 0.5652836 0.9252664 0.58498996 0.939814
cake 0.38490131 0.5838322 0.118941575 0.95618033 0.26751754
couch 0.37883028 0.45983994 0.2591953 0.60183585 0.34676573
clock 0.3575035 0.5307757 0.30627802 0.57577914 0.32346967
knife 0.3427437 0.52617407 0.72267354 0.5480833 0.72831035
spoon 0.34128287 0.30335197 0.8633752 0.34916925 0.89263916
couch 0.33141357 0.40765616 0.5721843 0.45667607 0.60513234
sandwich 0.32947215 0.55482626 0.8746884 0.5763203 0.89742696
