spoon 0.9181229 0.7094308 0.34982187 0.78309727 0.42168045
couch 0.87625736 0.4813286 0.5850909 0.6638035 0.6382375
toaster 0.8483142 0.66341007 0.58656317 0.7129292 0.7754733
couch 0.7771517 0.6046313 0.77351356 0.70466506 0.817842
couch 0.6914687 0.5851226 0.5983482 0.66523504 0.6403157
spoon 0.6706744 0.43191233 0.4483654 0.48068294 0.4915272
spoon 0.5723082 0.21076795 0.4578682 0.2291932 0.49191347
clock 0.5356902 0.66959274 0.778776 0.7045692 0.8056931
wine glass 0.5234223 0.64009196 0.8161679 0.70521927 0.84613734
couch 0.52051663 0.5493639 0.21548687 0.65412533 0.26424348
spoon 0.5004609 0.36361155 0.42706007 0.38134655 0.44529396
sandwich 0.49773905 0.681643 0.37129563 0.7176807 0.39957166
spoon 0.49657285 0.43198335 0.44738847 0.4410954 0.49199384
couch 0.45419404 0.47366995 0.8040175 0.70708966 0.85729915
banana 0.4491074 0.6989088 0.3574903 0.7230864 0.3825643
book 0.42835492 0.6315512 0.9441373 0.68626964 0.9809908
spoon 0.40505648 0.32331827 0.42670003 0.3468963 0.459488
couch 0.38136637 0.54301906 0.8136356 0.7074084 0.8530704
clock 0.3632371 0.60348374 0.27645105 0.6466341 0.29750544
banana 0.36032003 0.681643 0.37129563 0.7176807 0.39957166
clock 0.3575389 0.60981274 0.22564545 0.65388936 0.2494573
spoon 0.34767398 0.4374881 0.42537344 0.4625768 0.4477476
spoon 0.34658277 0.34301668 0.42713434 0.36408198 0.45134014
tennis racket 0.34009516 0.56156254 0.9542489 0.73247993 0.9954529
clock 0.33944485 0.31147626 0.45802924 0.35024837 0.48960093
