cake 0.90661985 0.5944499 0.002473928 0.9752986 0.16479626
spoon 0.816776 0.33541745 0.57231903 0.36555195 0.618768
clock 0.7992594 0.48283273 0.3403666 0.5877492 0.376244
wine glass 0.5800714 0.4270707 0.7440085 0.4555158 0.7683913
clock 0.55777794 0.538819 0.8586661 0.5844209 0.88161534
spoon 0.5373365 0.34327084 0.6620941 0.36546135 0.69373596
cake 0.5356524 0.56764215 0.099818714 0.6162298 0.15551162
couch 0.5203337 0.5011009 0.8435853 0.58525157 0.9015711
spoon 0.519567 0.3442909 0.7313208 0.36613968 0.75929445
spoon 0.51136863 0.43405542 0.59381235 0.45620877 0.62296844
spoon 0.47811505 0.3440282 0.69684243 0.36597022 0.7275183
wine glass 0.453156 0.42755747 0.7314544 0.45615247 0.74199164
spoon 0.4454278 0.34270954 0.6256466 0.3657847 0.65641534
cake 0.3832544 0.5746267 0.051961154 0.7244779 0.19365606
wine glass 0.351861 0.42685246 0.5612935 0.45616072 0.590199
cake 0.33129498 0.5658305 0.09575428 0.84749675 0.19767551
spoon 0.32717165 0.42685246 0.5612935 0.45616072 0.590199
