cake 0.9727381 0.6183517 0.49565616 0.9932933 0.76496804
cake 0.9060525 0.5492132 0.8888285 0.8412166 0.975999
cake 0.86971056 0.55046064 0.5997709 0.7202055 0.74024343
tennis racket 0.7719945 0.50079316 0.46706557 0.5821661 0.48148745
clock 0.6781607 0.591323 0.8522664 0.904466 0.91676253
spoon 0.6571171 0.5510094 0.06324258 0.58881813 0.104409076
spoon 0.6336791 0.5825739 0.7548327 0.6291819 0.82558554
tennis racket 0.60813177 0.50279504 0.45028827 0.58233756 0.46566966
sandwich 0.5758278 0.5422092 0.08965794 0.5541813 0.10067443
spoon 0.5384223 0.5493392 0.34300855 0.5804944 0.36923644
microwave 0.5302344 0.59135956 0.0009987764 0.85481656 0.09739764
sandwich 0.5186268 0.54238087 0.0669097 0.5536502 0.07956387
sandwich 0.47271237 0.53437513 0.07764379 0.55083853 0.09273241
bench 0.41932884 0.42768285 0.23750262 0.4768133 0.26537466
toaster 0.40726542 0.57758564 0.19002298 0.5914502 0.2909277
banana 0.40673226 0.57509834 0.7806026 0.59005606 0.79457164
tennis racket 0.3837331 0.5363572 0.014193562 0.58294654 0.029071596
tennis racket 0.36125082 0.50988847 0.0012619053 0.58638126 0.01570875
toaster 0.34884351 0.57802916 0.16520208 0.5921863 0.2918052
tennis racket 0.34711307 0.508908 0.014181787 0.5853363 0.029596036
sandwich 0.34315944 0.5832424 0.7927824 0.6023452 0.8118745
tennis racket 0.32045525 0.50911385 0.015208446 0.5527525 0.027976718
tennis racket 0.31580448 0.50996435 0.028162083 0.5529124 0.04024767
tennis racket 0.3100501 0.5355914 0.027781991 0.5856675 0.041566193
toaster 0.305021 0.57775176 0.23541205 0.58785343 0.29048637
