cake 0.97582823 0.61453557 0.5410753 0.9955433 0.77459365
cake 0.97323745 0.5682535 0.0 0.99524087 0.22435877
cake 0.9530695 0.58602333 0.7562595 1.0 0.90463203
cake 0.91688323 0.5679301 0.8796457 0.9965416 1.0
clock 0.60515356 0.52297074 0.2610457 0.5377062 0.27104163
book 0.58585095 0.47873506 0.49960065 0.5145934 0.52477074
couch 0.5494529 0.4767825 0.25505573 0.53710186 0.28762287
sink 0.5155753 0.35443613 0.21047722 0.80099744 0.24754219
toaster 0.3291698 0.5246149 0.33517137 0.5340343 0.4112983
microwave 0.30432245 0.4907146 0.5229721 0.5912798 0.6363559
