cake 0.93198836 0.7637997 0.2674084 0.99972254 0.369252
spoon 0.8390074 0.6396237 0.46136189 0.7005902 0.5495335
cake 0.80388314 0.7522457 0.36138436 1.0 0.43017384
tennis racket 0.6575742 0.5681571 0.86627334 0.61695397 0.879438
clock 0.63586664 0.5976803 0.9131974 0.63487816 0.9366118
sandwich 0.59371257 0.66781396 0.58936197 0.69259405 0.6079051
tennis racket 0.5858189 0.5422842 0.67692846 0.59639424 0.6872559
clock 0.4947456 0.5811198 0.5221213 0.6546571 0.551136
sandwich 0.4927659 0.6442324 0.48546505 0.6622926 0.50065374
banana 0.48167014 0.63320327 0.5028167 0.6572764 0.5250385
cell phone 0.46269885 0.71281415 0.92849016 0.9097357 0.99921894
sandwich 0.4555423 0.6668668 0.57995546 0.6873891 0.5947387
spoon 0.42383683 0.55271673 0.74701595 0.5866468 0.7857648
microwave 0.40960175 0.45192254 0.13741186 0.7953258 0.1862244
toaster 0.39299703 0.61071616 0.7773382 0.7075471 0.874742
couch 0.38193652 0.56076545 0.893816 0.6362218 0.9540198
couch 0.30066985 0.4806398 0.47319853 0.65017426 0.59287
