cake 0.859528 0.31711495 0.1812988 0.5306159 0.2912515
cake 0.8127546 0.3052498 0.10970558 0.5003148 0.20732217
clock 0.6841432 0.13186893 0.30972505 0.22099522 0.3407336
couch 0.6179525 0.2257681 0.06294453 0.3262943 0.13741672
tennis racket 0.58837223 0.12877648 0.5801535 0.18466912 0.5904177
spoon 0.5827161 0.18843286 0.3493092 0.21809603 0.42137653
banana 0.54994607 0.17275293 0.37543568 0.19346319 0.39582762
tennis racket 0.46477476 0.12932645 0.59913266 0.18366651 0.6075306
spoon 0.46304974 0.14873362 0.69259393 0.18211439 0.73552954
tennis racket 0.43668878 0.12866099 0.5996191 0.16359812 0.6074372
tennis racket 0.43310177 0.13421667 0.6212265 0.1665763 0.6317386
tennis racket 0.42146355 0.10084215 0.82199997 0.17747763 0.8527445
banana 0.41342092 0.13723895 0.77284265 0.15987447 0.8084127
tennis racket 0.41150126 0.13235335 0.61131465 0.16522713 0.61971796
sandwich 0.38935947 0.18277656 0.60074615 0.20409507 0.61732197
banana 0.38120237 0.18277656 0.60074615 0.20409507 0.61732197
banana 0.37555084 0.16282159 0.3675875 0.18720417 0.3859902
banana 0.37003613 0.17158477 0.39161363 0.1893004 0.4111025
banana 0.36979976 0.18348122 0.57626736 0.21049458 0.59438515
wine glass 0.3487767 0.14203465 0.5455047 0.18706146 0.56963885
banana 0.3463107 0.18157521 0.3635959 0.19150029 0.37587482
toaster 0.34610164 0.19245134 0.4182695 0.22141373 0.5695128
