cake 0.94607675 0.71929383 0.6104285 0.99735576 0.77561325
sink 0.9453156 0.4077942 0.5441089 0.6266844 0.6630803
cake 0.88506263 0.70099807 0.7405534 0.9928589 0.8952527
cake 0.8404224 0.7413267 0.45804757 0.9970105 0.6373971
microwave 0.6948286 0.5652008 0.37120384 0.6243999 0.48384202
cell phone 0.6838689 0.44872865 0.661253 0.5168755 0.7088938
tennis racket 0.6711343 0.537615 0.26552877 0.592891 0.27772197
cake 0.62551117 0.68604535 0.8433177 0.8885366 0.9894901
tennis racket 0.46730056 0.5263257 0.29624104 0.56849277 0.30689722
couch 0.45362806 0.5631476 0.6029182 0.6376969 0.6368452
spoon 0.45047024 0.22728808 0.30000877 0.2612795 0.32691675
toaster 0.3729288 0.59109473 0.12361165 0.6072779 0.2553696
tennis racket 0.36988327 0.55029106 0.30155805 0.5839693 0.31136873
book 0.36169147 0.37779796 0.822969 0.49723876 0.85829514
spoon 0.34147522 0.56796634 0.27833825 0.586722 0.29811352
toaster 0.327127 0.58265346 0.27129883 0.5946007 0.33467156
clock 0.3170626 0.59646314 0.60733575 0.63703847 0.6360608
tennis racket 0.31416175 0.30620128 0.9182466 0.39443532 0.9448794
cake 0.30675292 0.84638673 0.8560251 0.99879 1.0
