cake 0.9612452 0.6705141 0.63295734 0.9642933 0.7705797
cake 0.940583 0.6740486 0.29478213 0.94633615 0.40551385
cake 0.9339555 0.6717611 0.18079105 0.9477591 0.3005971
cake 0.9147797 0.67298394 0.4083636 0.9468722 0.5107399
sink 0.9061866 0.36164987 0.8652374 0.8861574 0.9907841
cake 0.8965905 0.67385465 0.527378 0.94593686 0.62651247
spoon 0.70453286 0.6091235 0.28168038 0.6514979 0.34849617
tennis racket 0.67914844 0.5465683 0.30649266 0.59554154 0.31582078
spoon 0.67731965 0.57637924 0.64232785 0.5988517 0.6680531
tennis racket 0.6514821 0.5502839 0.31888407 0.59245473 0.3275475
spoon 0.63110894 0.57461554 0.36332586 0.5990143 0.39555368
toaster 0.55745554 0.5910254 0.4451416 0.6093467 0.5668555
couch 0.54356 0.5922578 0.58903736 0.63302803 0.64086443
tennis racket 0.4696485 0.5621884 0.32994872 0.5946204 0.3370247
spoon 0.3921001 0.549173 0.5972088 0.59744763 0.6334607
tennis racket 0.3032503 0.57237434 0.32323536 0.59345883 0.32915792
