cake 0.9690337 0.7374599 0.24059774 1.0 0.4056669
cake 0.9454241 0.672043 0.1809656 0.9974104 0.3062705
sink 0.911041 0.25143513 0.8564296 0.8673169 1.0
microwave 0.7816292 0.48769757 0.6400244 0.74683946 0.7560729
clock 0.753925 0.4472843 0.25575253 0.551903 0.29317275
clock 0.6251818 0.46121117 0.32969454 0.5161812 0.34852406
chair 0.4917717 0.47816184 9.214133e-05 0.7808218 0.103784434
microwave 0.48983657 0.47172382 0.63808167 0.7513342 0.80325127
banana 0.42725497 0.44636422 0.47569987 0.46262762 0.48798314
banana 0.34274668 0.44436038 0.46550938 0.46161956 0.47623232
potted plant 0.31904933 0.47816184 9.214133e-05 0.7808218 0.103784434
couch 0.312116 0.4257052 0.3174795 0.51656306 0.35866672
