wine glass 0.8627631 0.59608185 0.83231056 0.6495478 0.8971918
cake 0.782319 0.60737574 0.30735502 0.99801636 0.6613145
tennis racket 0.7364044 0.5014099 0.2912482 0.5555109 0.33015925
tennis racket 0.71448666 0.49683183 0.27392814 0.55567116 0.29313648
couch 0.69571835 0.5125088 0.6936589 0.6012319 0.80478466
tennis racket 0.67854875 0.33784008 0.17334467 0.3920325 0.1867413
fork 0.5726146 0.49195746 0.50664264 0.5759157 0.51941067
sink 0.3900165 0.24953926 0.0 0.86344063 0.09171363
clock 0.3336191 0.55398464 0.7227848 0.5839809 0.7792059
tennis racket 0.33152625 0.500801 0.29456815 0.53183323 0.31462342
couch 0.311588 0.5186633 0.8212345 0.56309044 0.8858956
