cake 0.9647818 0.7727224 0.25594544 1.0 0.44430637
cake 0.9464778 0.7207568 0.41326866 0.9975346 0.57482284
cake 0.8506296 0.6812493 0.09702491 0.9515993 0.18754405
couch 0.78949106 0.48688918 0.22005087 0.64177024 0.37007666
couch 0.6403064 0.50223005 0.5206704 0.5369587 0.53764176
microwave 0.63727534 0.49012947 0.84734666 0.67456716 0.9855355
toaster 0.53496873 0.53154534 0.44385806 0.5436627 0.4965404
toaster 0.4588226 0.56969726 0.4164606 0.5931146 0.50081354
sandwich 0.45868632 0.5638198 0.5205259 0.5799911 0.5358656
spoon 0.4494181 0.5745831 0.5062269 0.60522234 0.5737239
banana 0.4289896 0.55798596 0.51687545 0.58193266 0.56288606
wine glass 0.3836412 0.5132873 0.72660685 0.54479796 0.7388855
wine glass 0.37280923 0.51986575 0.6707165 0.5453651 0.69220936
cell phone 0.350997 0.42200533 0.86018795 0.46559578 0.9722721
sandwich 0.33599436 0.55798596 0.51687545 0.58193266 0.56288606
