cake 0.95986646 0.54057384 0.36489987 0.7905726 0.51516724
cake 0.9357249 0.5391125 0.63436455 0.63014096 0.75210613
microwave 0.83985066 0.6667222 0.0 0.99103916 0.31673777
couch 0.82302827 0.48158556 0.19321173 0.6701618 0.2383407
spoon 0.7802666 0.6464056 0.07524009 0.70384645 0.15611987
clock 0.7320411 0.54524803 0.51445043 0.5984277 0.55315983
couch 0.72977316 0.46290082 0.48757356 0.5969025 0.57841283
knife 0.7242057 0.5339676 0.17102894 0.592721 0.19230953
microwave 0.7220507 0.33987975 0.3283627 0.6151971 0.36279237
knife 0.65170276 0.54340917 0.15408705 0.5944993 0.17640693
