cake 0.93376493 0.7225352 0.54963624 0.9532143 0.64365363
sink 0.9268104 0.36415562 0.2966485 0.7122265 0.4184438
cake 0.9266255 0.7193463 0.39678228 0.95063865 0.4877572
microwave 0.7891371 0.5969562 0.8594694 0.7898329 0.9559312
spoon 0.77985233 0.6035509 0.4306529 0.6309805 0.46254984
spoon 0.77797824 0.60613614 0.57110524 0.63266504 0.6028638
couch 0.67560846 0.5040528 0.4296397 0.5571311 0.46672094
spoon 0.6691815 0.52905077 0.7721862 0.55911875 0.81194085
couch 0.6623168 0.49084732 0.4790562 0.6137573 0.5718129
clock 0.63948154 0.5357047 0.43643054 0.55715144 0.45894745
clock 0.619037 0.5582395 0.5089275 0.61785793 0.5351625
microwave 0.60701674 0.5593306 0.77769405 0.6435973 0.8649989
microwave 0.3868518 0.41503045 0.85404503 0.62840396 0.955614
microwave 0.33378667 0.46794188 0.8616468 0.6183981 0.9384072
cake 0.32883677 0.55046535 0.03988601 0.75221974 0.14484318
