chair 0.8804129 0.72116953 0.0004157573 0.99521184 0.36319792
cat 0.8420148 0.662575 0.028491445 0.7469868 0.18636295
cake 0.8417113 0.6217276 0.49311942 0.8135605 0.5567561
cake 0.8338821 0.7377852 0.7914973 1.0 0.9225622
cake 0.8310046 0.61833847 0.5844347 0.78393483 0.65421194
cake 0.7746738 0.62549144 0.3976911 0.79650646 0.45945492
couch 0.5905188 0.5226484 0.04604473 0.59877443 0.07454174
clock 0.5479293 0.5948707 0.25641626 0.6426803 0.27666086
cake 0.48412657 0.84648526 0.9274409 0.9990365 0.9898051
spoon 0.48028445 0.5693131 0.56141955 0.5813761 0.5856616
spoon 0.31516787 0.7136249 0.946803 0.7711679 0.99208486
couch 0.3075495 0.5973334 0.0 0.7307507 0.017754659
