sink 0.87004757 0.46298668 0.29177207 0.71936184 0.38310075
tennis racket 0.61295354 0.5688657 0.44784328 0.602248 0.454105
spoon 0.6062055 0.61744434 0.57679576 0.63642645 0.6067868
clock 0.5904059 0.59119594 0.18246908 0.6293833 0.19765119
tennis racket 0.56598085 0.567801 0.47728732 0.6014617 0.4828585
tennis racket 0.5483211 0.5696308 0.45444968 0.6022597 0.4621643
tennis racket 0.51836556 0.56884706 0.4630569 0.6022235 0.46798745
clock 0.5072238 0.58638144 0.16050746 0.63364553 0.18014894
spoon 0.49927804 0.5767721 0.671948 0.6033948 0.7020672
toaster 0.35712975 0.63095623 0.94105846 0.651127 0.9667614
spoon 0.31273636 0.6208904 0.6472574 0.6364432 0.67825955
