tennis racket 0.6018072 0.6736272 0.35574076 0.75352174 0.37445995
spoon 0.58907264 0.13649689 0.7447996 0.19991027 0.7984469
tennis racket 0.56885517 0.6948045 0.38068175 0.7430551 0.39865977
tennis racket 0.53545505 0.66254956 0.4035216 0.7332064 0.41818827
tennis racket 0.5179437 0.6766358 0.33374405 0.7608101 0.35724777
spoon 0.509937 0.55325615 0.72038996 0.60234714 0.7822764
tennis racket 0.49811435 0.6849114 0.3060549 0.7737491 0.32403815
tennis racket 0.48259282 0.64327407 0.39065075 0.73136276 0.4071232
tennis racket 0.46362105 0.66425693 0.32046145 0.7480369 0.338008
tennis racket 0.4245672 0.23145913 0.00053580664 0.3477922 0.032442883
tennis racket 0.41128874 0.6701477 0.28478342 0.78612685 0.30416638
spoon 0.40314826 0.21618702 0.6070667 0.24288493 0.6404323
spoon 0.39167637 0.480361 0.043439653 0.5062504 0.08649033
tennis racket 0.38950717 0.21230409 0.031202462 0.3475785 0.060527723
cell phone 0.37493688 0.6983217 0.033649497 0.89956534 0.22640154
spoon 0.34655067 0.661217 0.7006988 0.6996584 0.73380727
tennis racket 0.3176668 0.6392948 0.35591763 0.74860924 0.37430143
wine glass 0.3161295 0.45209903 0.6259455 0.47858283 0.64249665
sink 0.3100268 0.28760466 0.27171347 0.76071966 0.41959044
