couch 0.6865039 0.37522313 0.4090375 0.42419377 0.46166724
cake 0.68171936 0.4639453 0.2383072 0.68041354 0.41054198
cake 0.6653213 0.51974523 0.7749783 0.7188792 0.88451505
spoon 0.63849974 0.4836732 0.6070933 0.51146907 0.66181344
wine glass 0.6375882 0.48826393 0.23747197 0.51783735 0.29304677
wine glass 0.62926763 0.5021311 0.49447802 0.53930044 0.5595975
spoon 0.62203026 0.48826393 0.23747197 0.51783735 0.29304677
spoon 0.6036508 0.47308084 0.3737745 0.4990454 0.42099637
spoon 0.5992028 0.5021311 0.49447802 0.53930044 0.5595975
wine glass 0.58667505 0.47308084 0.3737745 0.4990454 0.42099637
cup 0.5638425 0.55216587 0.43311405 0.570084 0.51919794
cup 0.5141601 0.54367447 0.45235357 0.5631583 0.5382604
microwave 0.47959295 0.32077968 0.5605174 0.3866884 0.60473967
couch 0.4565529 0.37795612 0.7168617 0.43893877 0.7553385
knife 0.40683842 0.51468605 0.57191736 0.5296152 0.6324177
cake 0.40486592 0.48876503 0.41830269 0.9058312 0.7218862
wine glass 0.39842924 0.4836732 0.6070933 0.51146907 0.66181344
cake 0.34634247 0.46531424 0.54978484 0.8125417 0.7964904
cup 0.34329566 0.49227285 0.43605566 0.50953186 0.46450892
cake 0.32983303 0.47153038 0.077472396 0.7436424 0.31231314
cake 0.32606605 0.42584917 0.9201719 0.6020414 0.9633303
cake 0.32090273 0.5306156 0.8359389 0.6768183 0.92237777
cake 0.3129007 0.58815086 0.25409362 0.68857145 0.40281472
