spoon 0.8815546 0.7197213 0.3668301 0.79887027 0.4587044
spoon 0.7220566 0.62482494 0.32537997 0.660955 0.3673507
clock 0.6759734 0.4438959 0.42596638 0.54119533 0.49065214
clock 0.6688849 0.1191448 0.9693409 0.16856158 0.9981637
cell phone 0.5692815 0.460805 0.38196206 0.511996 0.42105663
couch 0.4929887 0.45355195 0.00027146004 0.5339122 0.059734188
spoon 0.47433776 0.6937774 0.3329362 0.7641948 0.42047194
cake 0.4694426 0.45595068 0.7975901 0.49499288 0.83950144
couch 0.42473176 0.3430113 0.34186655 0.53759277 0.5366853
cake 0.42437577 0.5077102 0.64925367 0.53837544 0.6664844
cake 0.3723677 0.544843 0.80585957 0.60968745 0.8707794
toaster 0.34522292 0.52198464 0.12373021 0.5338188 0.20125684
spoon 0.3275866 0.6622846 0.0 0.8130524 0.07377878
couch 0.32018435 0.3010063 0.3422009 0.5384657 0.5438735
couch 0.3171691 0.47105703 1.18142925e-05 0.53489304 0.012446659
