microwave 0.93536127 0.5220165 0.49143144 0.73895836 0.61254656
cake 0.9131056 0.8706395 0.3621078 0.9988505 0.5553321
clock 0.77919054 0.49212366 0.37066826 0.60434335 0.4075705
cake 0.74019194 0.4919295 0.31447947 0.6609481 0.37056565
spoon 0.7324939 0.52626806 0.7414664 0.566343 0.7855271
sink 0.6885409 0.109030195 0.87145925 0.98628074 0.99846816
spoon 0.6772958 0.5028492 0.6397396 0.5415416 0.6870503
banana 0.66600704 0.55863124 0.42650843 0.6052251 0.49998856
cell phone 0.5892694 0.34472114 0.6873641 0.42456448 0.73896456
sandwich 0.5238625 0.49969906 0.6529279 0.5091185 0.6696662
cake 0.50547314 0.5364691 0.33948696 0.6407004 0.37364465
banana 0.45586738 0.587371 0.44266212 0.61191577 0.46234006
banana 0.44853476 0.5633048 0.43513957 0.5915823 0.4532425
couch 0.4019315 0.40343586 0.29848814 0.60764885 0.45302784
banana 0.36048064 0.5871387 0.46413502 0.60496724 0.48298243
sandwich 0.34720963 0.5005237 0.6443408 0.5086613 0.6533939
sandwich 0.34528098 0.4997245 0.6670402 0.5091664 0.6811876
