cake 0.9622208 0.60241795 0.18702215 0.9668592 0.3626656
cake 0.9614392 0.60568625 0.5722692 0.97261846 0.76721406
cake 0.93554187 0.60269225 0.37476015 0.97709817 0.5603751
cake 0.9341815 0.55058646 0.76218444 0.9155699 0.9459068
couch 0.90535456 0.28121686 0.5729523 0.55562645 0.77514553
clock 0.7647203 0.44888353 0.647084 0.55390257 0.70015407
spoon 0.6640406 0.5081602 0.69696635 0.554171 0.7586176
couch 0.6028605 0.42155918 0.5024711 0.4677612 0.5345725
tennis racket 0.5561062 0.41812542 0.20317803 0.4603963 0.21282135
cake 0.51339304 0.45491004 0.70467776 0.50240636 0.74429005
couch 0.3989657 0.4226267 0.22027606 0.45976102 0.2377572
tennis racket 0.33833212 0.4296332 0.215722 0.46000358 0.2228868
sink 0.30094922 0.19362684 0.007111594 0.7893569 0.12100868
