microwave 0.5640943 0.7056222 0.7959599 0.7979058 0.8696925
couch 0.47298262 0.6022077 0.7548345 0.6678423 0.80706
spoon 0.4426309 0.584087 0.19811042 0.5943618 0.21699178
spoon 0.42646143 0.5788293 0.16652043 0.59432137 0.20009924
clock 0.42183205 0.62787336 0.7751345 0.6653356 0.7977309
sandwich 0.41859555 0.6573496 0.18313552 0.6703464 0.20631073
sandwich 0.41809893 0.66204655 0.11083647 0.6703589 0.13115443
spoon 0.411391 0.6452884 0.4327038 0.668456 0.49530092
sandwich 0.4050387 0.65022945 0.14890611 0.66358757 0.1649897
sandwich 0.3548118 0.65957135 0.1588741 0.66730374 0.17818834
bowl 0.33692837 0.65022945 0.14890611 0.66358757 0.1649897
knife 0.3004531 0.63331884 0.12575525 0.6466928 0.16093364
