microwave 0.9393212 0.55404496 0.5236768 0.68283963 0.6518952
cake 0.91067183 0.79249763 0.29081365 1.0 0.477578
cake 0.69996613 0.84524834 0.50124997 0.99937797 0.751726
spoon 0.6685353 0.66987306 0.48845577 0.7292611 0.56039524
cake 0.65947795 0.66296947 0.60411614 0.6905169 0.66815645
cake 0.6477731 0.89020115 0.5277686 1.0 0.7498332
toaster 0.6095416 0.57929385 0.22765377 0.61769587 0.35548356
sink 0.49082124 0.13331245 0.72404027 0.84367925 0.92717874
spoon 0.4729893 0.47909975 0.4289752 0.48918566 0.4521958
sandwich 0.46932527 0.6578495 0.51129776 0.6790235 0.5370279
tennis racket 0.44634387 0.5276722 0.70786023 0.58923644 0.7234912
tennis racket 0.38752997 0.49151593 0.32629818 0.54652655 0.3342666
spoon 0.35729277 0.46964583 0.45487735 0.4863853 0.48126116
wine glass 0.3451572 0.66378754 0.058555648 0.70293385 0.08681445
tennis racket 0.3380487 0.47522467 0.31265578 0.5500478 0.32298478
spoon 0.3048152 0.4158463 0.39930367 0.42790532 0.4267214
