couch 0.7976516 0.50681084 0.71482855 0.6133825 0.9297876
toaster 0.76969004 0.5369435 0.26417056 0.56754345 0.44512197
microwave 0.67009425 0.54756874 0.11589041 0.636231 0.253973
wine glass 0.6584407 0.4377967 0.4000229 0.45060456 0.42517608
cell phone 0.62502456 0.45585507 0.8442069 0.5014757 0.9423556
wine glass 0.6195231 0.43633467 0.4422417 0.45083797 0.46888745
clock 0.5045896 0.48960254 0.3073035 0.51678246 0.3231341
cake 0.44335443 0.5861217 0.740628 0.87096727 0.9990675
toaster 0.40229994 0.5243642 0.5260756 0.5333602 0.7312994
cake 0.39389515 0.60539705 0.7951419 0.867153 1.0
microwave 0.32204098 0.519158 0.102324344 0.6418079 0.3262462
toaster 0.32035306 0.5262308 0.6561992 0.5334028 0.731853
