cake 0.93968546 0.68000615 0.30196884 0.96311736 0.41274586
cake 0.9036457 0.6768181 0.40956005 0.9668078 0.51000947
couch 0.85503936 0.5027101 0.43205354 0.6386742 0.50014275
sink 0.84420675 0.411315 0.07999717 0.93012035 0.17362343
couch 0.7452807 0.17878641 0.894678 0.42347625 0.9996995
sandwich 0.610776 0.6200636 0.57087374 0.6409596 0.5866461
spoon 0.59996736 0.64056844 0.8980543 0.6696555 0.9665713
microwave 0.54815257 0.5761593 0.2187798 0.7302256 0.2625045
clock 0.49166238 0.6143109 0.46746182 0.64938045 0.48836988
tennis racket 0.4830393 0.57192194 0.7478538 0.61836094 0.7574138
spoon 0.46169224 0.63513553 0.41471452 0.6555681 0.4616624
banana 0.45971388 0.61620176 0.5634276 0.6342985 0.57395345
fork 0.45301074 0.5612535 0.5878723 0.5931916 0.596003
toaster 0.43773764 0.626562 0.7532463 0.6471414 0.87604487
sandwich 0.4349241 0.6271911 0.41950586 0.6395695 0.434395
spoon 0.4332503 0.3929666 0.9787355 0.4229714 0.99971503
banana 0.41358507 0.6176392 0.3713861 0.6371575 0.38413244
cake 0.40192705 0.67987645 0.51971257 0.96578866 0.6168412
tennis racket 0.39563614 0.5676891 0.75650203 0.6195841 0.7653209
tennis racket 0.3858065 0.5913446 0.76748514 0.6219572 0.7768663
tennis racket 0.3672733 0.5670505 0.65771365 0.61916506 0.67619956
sandwich 0.36593157 0.61620176 0.5634276 0.6342985 0.57395345
sandwich 0.3189325 0.627232 0.42845786 0.6389128 0.44090766
