couch 0.83924633 0.61495924 0.5676502 0.6677543 0.7256235
tennis racket 0.66690004 0.5823779 0.029347247 0.6480701 0.055773493
toaster 0.6217894 0.64926636 0.7147967 0.66810465 0.85822165
microwave 0.5893462 0.6447642 0.0020734642 0.96071184 0.22643904
tennis racket 0.56581694 0.58063585 0.0046997447 0.64833015 0.034322105
couch 0.54867053 0.6132036 0.08991391 0.6425895 0.14295565
clock 0.4122715 0.625794 0.09554832 0.6431243 0.13669217
couch 0.39303783 0.5434478 0.8504833 0.6393313 0.934607
couch 0.383472 0.5938073 0.142998 0.6421762 0.20831878
clock 0.37925106 0.62063193 0.15785539 0.6549022 0.19131744
couch 0.33606014 0.55743444 0.8929924 0.64067197 0.929529
