cake 0.9192432 0.5697474 0.45203236 0.8998557 0.5756215
cake 0.83367926 0.5972643 0.5649165 0.9779789 0.7189348
microwave 0.8039643 0.48479348 0.59931815 0.52901894 0.74011314
cake 0.74353266 0.5393849 0.2775907 0.8128563 0.38236588
microwave 0.5894035 0.521602 0.9429717 0.6549833 1.0
cake 0.58936477 0.5837227 0.35153723 0.8273841 0.46569562
clock 0.5323626 0.49822855 0.49833646 0.5494546 0.51147354
couch 0.48879388 0.44213125 0.23801807 0.50337356 0.2893726
tennis racket 0.45450854 0.42485222 0.4275157 0.48570088 0.44505608
couch 0.4485636 0.4802119 0.51683635 0.54793674 0.55022305
clock 0.4422174 0.48300603 0.51704764 0.551104 0.5501056
tennis racket 0.43840328 0.45427543 0.94496953 0.5204606 0.9621477
toaster 0.39026392 0.50210977 0.8369732 0.5228168 0.94114804
toaster 0.3803783 0.48704705 0.32296622 0.50199664 0.39188653
clock 0.3282734 0.47745126 0.24422158 0.5048822 0.2668457
clock 0.30642045 0.5099419 0.51925504 0.55166316 0.54894125
