cake 0.9311756 0.7036288 0.55996406 0.87222767 0.6227062
cake 0.9290613 0.72415024 0.35547906 0.90735453 0.4225803
cake 0.92860645 0.7143887 0.47173294 0.886586 0.5376315
cake 0.907716 0.7316628 0.2576151 0.92307156 0.32693845
cake 0.9061852 0.65298265 0.73786193 0.84118915 0.8211035
cake 0.8973564 0.65356547 0.8310239 0.85695416 0.9011329
cake 0.87651443 0.6412958 0.68565005 0.8151375 0.75388175
clock 0.73577154 0.5369295 0.1281964 0.61714375 0.1627445
couch 0.7123455 0.48940802 0.114027046 0.6158139 0.17901906
banana 0.65666664 0.58353204 0.25785694 0.6113178 0.3030888
spoon 0.5799015 0.60668576 0.25314125 0.64175963 0.3078666
cake 0.50528204 0.59876055 0.7455229 0.6390756 0.8058366
toaster 0.46177194 0.6092765 0.34956542 0.628402 0.46773294
couch 0.40835246 0.56426805 0.53536433 0.60542613 0.5632288
spoon 0.30263865 0.6390258 0.85943925 0.6574799 0.8795042
