sink 0.9476954 0.25899082 0.673909 0.7140705 0.861237
couch 0.8573077 0.44098085 0.38186577 0.5177257 0.42063275
cell phone 0.8250416 0.28826877 0.5782176 0.43992782 0.6734575
toaster 0.73378414 0.6016602 0.4456666 0.6777042 0.6132991
tennis racket 0.5474231 0.45715597 0.2955588 0.51348996 0.30764455
tennis racket 0.5420655 0.4479535 0.3067316 0.5157883 0.32005557
fork 0.5378413 0.70290655 0.5415229 0.71764225 0.6176838
spoon 0.52752614 0.7682317 0.33047023 0.806767 0.3601577
wine glass 0.45544523 0.6696751 0.24597639 0.7247384 0.25607145
spoon 0.42309508 0.55879545 0.32764906 0.6151167 0.4043243
wine glass 0.36045778 0.7682317 0.33047023 0.806767 0.3601577
spoon 0.35654062 0.72061163 0.21234733 0.7419535 0.24445128
spoon 0.3439282 0.7717046 0.23305313 0.78523886 0.25637943
spoon 0.3382047 0.769235 0.33146197 0.7873249 0.35953212
donut 0.33809564 0.5485765 0.3272113 0.61430573 0.40472344
spoon 0.31022704 0.8148886 0.2809479 0.84710056 0.33286306
