tennis racket 0.6962191 0.4927315 0.11845816 0.61109084 0.16613272
tennis racket 0.6605193 0.49224535 0.64799464 0.5660406 0.6690894
tennis racket 0.6293268 0.49530303 0.6178496 0.5731574 0.63905936
tennis racket 0.62740225 0.49783158 0.052659243 0.6134225 0.08528558
tennis racket 0.6206869 0.49133438 0.6351967 0.5692635 0.65507096
couch 0.6138317 0.28079095 0.6705664 0.3143215 0.7150504
sink 0.59849715 0.6081638 0.3281075 0.981558 0.52155656
couch 0.5867289 0.2598369 0.60661906 0.2975803 0.65000796
tennis racket 0.5849629 0.4946707 0.078917116 0.61768466 0.12231519
tennis racket 0.57881427 0.49698174 0.6013332 0.57722294 0.62019205
couch 0.55774444 0.23395798 0.55070233 0.28008643 0.5779083
tennis racket 0.5575404 0.39845917 0.6019149 0.47974035 0.6233247
couch 0.550254 0.24774621 0.56665283 0.2888611 0.61324054
tennis racket 0.54966974 0.49064338 0.6595644 0.5621977 0.684551
tennis racket 0.53427774 0.4889826 0.67276347 0.56078404 0.6953508
tennis racket 0.52144873 0.398509 0.58350027 0.48122045 0.6053193
tennis racket 0.4991283 0.4043852 0.68925685 0.4722224 0.711747
tennis racket 0.49822012 0.4996124 0.58441764 0.5824533 0.6058537
tennis racket 0.49198097 0.39474565 0.5526027 0.48473972 0.5786649
tennis racket 0.48721802 0.39900917 0.61857563 0.47825325 0.63813126
tennis racket 0.4834615 0.5010754 0.5650915 0.58835113 0.5874646
tennis racket 0.4738395 0.3998401 0.63259137 0.4767559 0.6530176
sink 0.44211087 0.34788775 0.950517 0.7029108 0.9983259
couch 0.41933995 0.2761381 0.6408004 0.30697998 0.67712706
tennis racket 0.41627562 0.49941695 0.5546807 0.55248964 0.5779066
tennis racket 0.39860815 0.48763832 0.6947336 0.5549787 0.7158917
tennis racket 0.39394352 0.40342432 0.6736435 0.47367573 0.6916451
tennis racket 0.38048849 0.40311548 0.66072834 0.47448763 0.67958
bowl 0.36496866 0.5794845 2.448276e-05 0.6049388 0.012958063
tennis racket 0.35016814 0.40127882 0.6482013 0.4753922 0.6666945
tennis racket 0.31667292 0.39866745 0.6275766 0.44285583 0.6447728
sink 0.30752817 0.3507927 0.9540021 0.5755426 0.9978702
