cake 0.9566761 0.5154846 0.7210134 0.71609616 0.8053918
cake 0.9480389 0.52530414 0.816884 0.7595862 0.9124859
cake 0.92235523 0.5222026 0.9054901 0.74278647 0.9947004
cake 0.8652903 0.6554899 0.58372736 0.8897022 0.6869168
cake 0.75831115 0.72728807 0.35446447 0.9965937 0.51734245
cake 0.7251636 0.629901 0.6488186 0.82645375 0.7382035
cake 0.7068629 0.6857795 0.4878865 0.9685234 0.6158107
fork 0.6085417 0.4879693 0.20632654 0.50739545 0.21234792
microwave 0.5484834 0.51481503 0.22747815 0.56857127 0.35998
microwave 0.5329144 0.52141917 0.22862825 0.5425422 0.35892352
fork 0.47201473 0.50286615 0.19726968 0.5348606 0.20510691
bowl 0.4598825 0.52394557 0.54578286 0.5516009 0.5678819
cake 0.45774722 0.5000796 0.60016716 0.5477355 0.63931763
toaster 0.39846084 0.5508887 0.37274265 0.57042474 0.4821059
fork 0.3923903 0.5063717 0.20698084 0.51942694 0.21224664
fork 0.3796174 0.5009702 0.21647334 0.51748586 0.2232959
fork 0.33147994 0.48303604 0.21704327 0.5012881 0.22380982
