cake 0.9397367 0.6234699 0.5916945 0.9907061 0.75630236
cake 0.69485396 0.5430109 0.42233527 0.91740364 0.5419487
fork 0.65527904 0.41929212 0.6475555 0.43682715 0.6587999
tennis racket 0.6209451 0.3834815 0.77522504 0.43610507 0.7846296
tennis racket 0.6188987 0.38854325 0.7536827 0.43469054 0.7631777
tennis racket 0.6107709 0.37494645 0.79536283 0.43857804 0.80948675
couch 0.5941957 0.2887413 0.44731802 0.4983483 0.5643571
tennis racket 0.5742588 0.3864692 0.80686295 0.43903673 0.8154204
tennis racket 0.56994736 0.39741173 0.7202289 0.43615696 0.7270349
spoon 0.5295323 0.4459029 0.21198936 0.47264254 0.23996387
spoon 0.51677704 0.3822293 0.02953519 0.40156633 0.053466022
fork 0.51017565 0.43203625 0.6352106 0.44748586 0.64920264
tennis racket 0.5061549 0.39292914 0.7839722 0.4366138 0.79268795
tennis racket 0.4835837 0.3897695 0.726687 0.4352876 0.7353503
tennis racket 0.48096484 0.39013734 0.7486441 0.4341294 0.75462544
tennis racket 0.46314827 0.39332712 0.76307416 0.43651977 0.7717818
fork 0.4544086 0.41878283 0.6413711 0.43536413 0.6510903
knife 0.4315052 0.42061588 0.8751894 0.4454357 0.8937633
fork 0.42900282 0.43845466 0.64953583 0.46652773 0.66725594
tennis racket 0.38497987 0.38547772 0.79293066 0.41035703 0.7982138
tennis racket 0.37232292 0.3852661 0.7918487 0.43574393 0.7994508
spoon 0.37217465 0.44482565 0.8768818 0.503237 0.93110055
tennis racket 0.3528721 0.3879559 0.74983144 0.40107054 0.7549044
fork 0.33001325 0.4422009 0.6459994 0.46117282 0.6546828
banana 0.3183985 0.41157073 0.89059114 0.44646436 0.915105
cell phone 0.30405354 0.4122358 0.19873239 0.49950072 0.21362545
tennis racket 0.3013461 0.41242024 0.7386718 0.43529645 0.7485539
