cake 0.9597369 0.44598407 0.43968132 0.67210466 0.5319158
cake 0.9587653 0.44499898 0.33793277 0.6679398 0.425862
clock 0.9457332 0.4032742 0.8233887 0.575542 0.89908135
toaster 0.93527985 0.5926133 0.7308031 0.88527864 0.9998798
chair 0.92824936 0.40816048 0.49998423 0.6558773 0.6529216
clock 0.7621595 0.40908492 0.0 0.5736053 0.042680956
couch 0.6223394 0.21699555 3.726408e-05 0.57108676 0.06637637
cake 0.5575198 0.411393 0.45418918 0.44921613 0.510803
spoon 0.3650223 0.40573266 0.39926803 0.4571161 0.46462685
banana 0.3518778 0.4170077 0.4328648 0.42784914 0.44395888
cake 0.30533198 0.42163968 0.35534412 0.4488956 0.40677696
