sink 0.9121416 0.330519 0.0 0.98754734 0.09055847
cake 0.90757954 0.654335 0.25280458 1.0 0.34494227
cake 0.9048384 0.6259279 0.38116094 0.671449 0.45064482
cake 0.8882892 0.55520433 0.4759114 0.6433135 0.57444024
couch 0.80667007 0.5899153 0.87975806 0.64824677 0.9364973
chair 0.8064882 0.5527108 0.7257 0.66923136 0.88808167
toaster 0.63530797 0.7224413 0.52724195 0.7690836 0.6421361
cake 0.6088146 0.56117815 0.61628056 0.60105467 0.6446892
couch 0.5958368 0.58294064 0.6451019 0.61468035 0.68026197
cake 0.498545 0.6117932 0.47589582 0.6442256 0.5206143
sandwich 0.43936178 0.5742074 0.70095617 0.58416206 0.70896775
sandwich 0.435711 0.57051414 0.68548024 0.58422846 0.69561744
cake 0.4225453 0.5399306 0.6473813 0.58995414 0.7017622
sandwich 0.4218598 0.58545595 0.7140934 0.6028195 0.72498435
cake 0.41896603 0.56568813 0.5879369 0.6098243 0.6194533
cake 0.4135841 0.59244406 0.544363 0.6213878 0.5856775
banana 0.3869614 0.59420305 0.7038864 0.608015 0.71568894
spoon 0.3433626 0.59683573 0.67284465 0.61563706 0.73771906
