cake 0.96559906 0.7068916 0.6555911 0.9520504 0.77630204
cake 0.9648886 0.7039468 0.36441916 0.9530978 0.47681987
cake 0.9444489 0.7044912 0.50799614 0.9528728 0.6215443
cake 0.9301454 0.7042714 0.22380203 0.9515084 0.34225386
sink 0.8731643 0.24114959 0.82595736 0.8201254 0.93567187
microwave 0.74640954 0.56821585 0.109351575 0.6788431 0.15776506
couch 0.7095057 0.3874425 0.23388949 0.5770919 0.40346882
clock 0.7077271 0.49471703 0.2958589 0.5737042 0.3491774
microwave 0.63760847 0.41173995 0.7805463 0.53422636 0.8270688
tennis racket 0.5828636 0.49118546 0.56624734 0.5357816 0.5752312
cell phone 0.39064017 0.41709825 0.7806408 0.53497136 0.82707864
