cake 0.96855116 0.6234873 0.45571578 0.97355425 0.572785
cake 0.940203 0.6217406 0.31143236 0.9675611 0.42721498
cake 0.89647394 0.6229191 0.13787554 0.7292453 0.24259515
wine glass 0.8810743 0.68619436 0.08786912 0.7615176 0.1270297
wine glass 0.7960813 0.6906746 0.12509604 0.76388144 0.16229723
tennis racket 0.7284092 0.5091782 0.61330223 0.56447035 0.6244204
cake 0.66544753 0.62738645 0.00015960634 0.72786266 0.079836436
spoon 0.6594961 0.56178373 0.17323558 0.6058752 0.24710874
wine glass 0.59765583 0.3556433 0.68642443 0.39699912 0.7062289
clock 0.591683 0.494267 0.9222462 0.6017894 0.95720077
banana 0.5612506 0.5813515 0.16360691 0.6038466 0.18164137
banana 0.51520556 0.55888635 0.19763406 0.57102937 0.2121119
tennis racket 0.51373243 0.5108211 0.59764665 0.564998 0.6088473
wine glass 0.49480948 0.36539277 0.70631075 0.39750326 0.72251046
microwave 0.47985762 0.40095088 0.13368936 0.5903992 0.25379366
banana 0.47867396 0.5564583 0.17678435 0.5709192 0.19369386
banana 0.39907724 0.55705523 0.22276416 0.57082576 0.2402319
toaster 0.38177168 0.6259017 0.9505769 0.68033713 0.9996654
couch 0.38042524 0.30562165 0.8322421 0.6017223 0.9994628
cup 0.37389228 0.749623 0.16322452 0.7674494 0.21738881
banana 0.31655952 0.5610586 0.18544602 0.5713115 0.20044675
cup 0.31385157 0.7506533 0.1633315 0.7664764 0.19353391
