cell phone 0.9482968 0.22692004 0.17150384 0.37102666 0.3837399
spoon 0.8954039 0.5554208 0.24357855 0.5972 0.35079947
wine glass 0.8851392 0.5241074 0.35753384 0.59226686 0.4671211
wine glass 0.75277895 0.10724308 0.2046015 0.15331383 0.2596799
wine glass 0.72357494 0.19455336 0.29221368 0.2338859 0.35325336
wine glass 0.72090715 0.18100466 0.17994937 0.22225799 0.24371327
wine glass 0.712718 0.18860704 0.23483342 0.22857067 0.30111897
spoon 0.5646045 0.17421594 0.6401668 0.20345762 0.68608564
wine glass 0.5376938 0.114814505 0.259367 0.16209273 0.32377416
spoon 0.5131156 0.5295136 0.6054849 0.551317 0.70258594
toaster 0.48599735 0.5289676 0.7112072 0.55087304 0.99003506
knife 0.47527093 0.54752505 0.3049293 0.5608896 0.33638775
wine glass 0.41580707 0.10157116 0.1708074 0.14633927 0.20502813
wine glass 0.35163626 0.17421594 0.6401668 0.20345762 0.68608564
