cake 0.9273431 0.65571976 0.33044603 0.99212193 0.4551833
cake 0.9152066 0.67748964 0.43197995 1.0 0.5645967
cake 0.90538263 0.635473 0.17390348 0.93841916 0.26767355
cake 0.87365836 0.6435489 0.24367282 0.97955894 0.36211345
spoon 0.70667607 0.3935873 0.69321775 0.42074332 0.7270709
spoon 0.5669664 0.4779361 0.76128733 0.49053928 0.78408694
wine glass 0.515374 0.37428182 0.76819104 0.41601488 0.78998715
spoon 0.5087998 0.478783 0.73575723 0.4904771 0.7570416
couch 0.49169156 0.5219652 0.36380458 0.575153 0.39948386
clock 0.43031946 0.3026561 0.69904894 0.34636757 0.7177337
microwave 0.4178624 0.59786254 0.5251727 0.6515144 0.66398776
spoon 0.3285091 0.4661977 0.7349664 0.4753214 0.7564231
