cake 0.95005935 0.6557052 0.2798187 0.9203746 0.41071033
cake 0.9295856 0.62787586 0.21323442 0.8427645 0.32214934
cake 0.90177137 0.6927633 0.38612846 0.9987675 0.53079766
cake 0.8912607 0.5138153 0.034555648 0.6433358 0.108775064
cake 0.886867 0.6104328 0.16069339 0.7906872 0.25879562
cake 0.77415776 0.51286554 0.11812339 0.6375179 0.17509763
microwave 0.73498255 0.35539082 0.92090523 0.69177353 0.9719845
microwave 0.591103 0.53032786 0.81935894 0.6685294 0.9128525
couch 0.5744587 0.39650273 0.22263353 0.54594314 0.34337053
cake 0.5619605 0.5083055 0.1916956 0.5417593 0.2264821
spoon 0.5362323 0.5024829 0.79320264 0.5233449 0.8587688
cake 0.4573437 0.50842243 0.109672755 0.52925736 0.127178
clock 0.42923662 0.48206067 0.17649525 0.5314407 0.20249924
couch 0.3942867 0.4524508 0.1704774 0.52775747 0.2083913
clock 0.3073357 0.46189806 0.27342355 0.50184214 0.28702843
banana 0.30353367 0.49376795 0.83121914 0.50751996 0.8521578
