microwave 0.94351715 0.55270195 0.6092442 0.7976412 0.8161211
couch 0.918088 0.44472653 0.4103768 0.62508214 0.56925917
cake 0.90677303 0.7274588 0.48079443 1.0 0.5937518
spoon 0.89395857 0.5792472 0.4899378 0.63542473 0.5698502
couch 0.88870394 0.5901412 0.0106107965 0.72973764 0.08820471
cake 0.6278976 0.7939074 0.3519242 0.9949303 0.48766324
spoon 0.5721344 0.6692102 0.00027775392 0.75266474 0.033780314
sandwich 0.5706121 0.5414633 0.9652632 0.55848145 0.99137443
spoon 0.5486444 0.54859155 0.95840615 0.59460723 1.0
sandwich 0.5370983 0.53987193 0.99000126 0.557687 1.0
toaster 0.48187315 0.57880944 0.23645377 0.5966978 0.32214695
banana 0.48094815 0.5533535 0.5356598 0.57586044 0.5556849
banana 0.47738147 0.55575675 0.49666554 0.58671975 0.5637322
couch 0.4690504 0.5302608 0.31609565 0.5804697 0.36699665
banana 0.44498605 0.5745173 0.54600614 0.5848588 0.56043714
banana 0.43298995 0.5653829 0.50545776 0.58497375 0.53707886
wine glass 0.41291574 0.4265118 0.39107975 0.44020006 0.40398505
spoon 0.3845584 0.7041156 0.00013984181 0.7508794 0.033314742
cake 0.35139257 0.79915804 0.21047291 0.9997738 0.48861465
clock 0.33681574 0.5547505 0.3185209 0.58009833 0.33958745
