couch 0.69435966 0.44453105 0.1895461 0.53143996 0.23555909
cake 0.6774279 0.6036259 0.7232797 0.9609838 0.85037935
cake 0.66463053 0.57251304 0.83810747 0.8762758 0.8849038
tennis racket 0.57912457 0.5317847 0.54799515 0.617745 0.5631415
spoon 0.5420785 0.5257967 0.7710761 0.54627526 0.8087349
cake 0.5295062 0.55489874 0.8278671 0.6016938 0.8616298
couch 0.5020004 0.44341698 0.25040668 0.5239445 0.29368484
bowl 0.49144047 0.5506413 0.2764804 0.576435 0.2918932
couch 0.48657316 0.25203952 0.6591446 0.32740167 0.71161634
banana 0.47419736 0.54455906 0.35203218 0.5586775 0.36885482
microwave 0.4719656 0.5479183 0.6091924 0.6179113 0.67524326
sink 0.46490294 0.2674319 0.0028256327 0.81609964 0.17161477
chair 0.45357478 0.56743765 0.31433582 0.8666672 0.5116144
clock 0.43065852 0.54770714 0.6864491 0.605254 0.7105929
banana 0.42791358 0.5461112 0.32622817 0.5601696 0.33894494
clock 0.42499486 0.5488182 0.7159118 0.6064449 0.7405011
bowl 0.4139225 0.55387354 0.28603044 0.57554984 0.30265918
bowl 0.37014782 0.56695247 0.2691454 0.578886 0.27942505
clock 0.33827966 0.27895764 0.68166316 0.32716244 0.69735575
clock 0.32211292 0.27570853 0.66358024 0.32833102 0.67747
