cake 0.9213532 0.62778485 0.65117836 0.8376436 0.835817
microwave 0.7629264 0.6012418 0.31309414 0.7388214 0.39022437
toaster 0.65961576 0.6621764 0.44616267 0.6751257 0.564925
spoon 0.5505555 0.5897269 0.23995079 0.61803615 0.27154475
toaster 0.5394671 0.6146618 0.4533763 0.63054335 0.5099732
toaster 0.43549135 0.6218714 0.50363255 0.6325155 0.612366
toaster 0.40089133 0.6122409 0.5747737 0.65571404 0.7291012
clock 0.36051396 0.6132625 0.44012946 0.6559604 0.45993388
couch 0.33327895 0.557481 0.4157619 0.6497945 0.4982256
toaster 0.31509596 0.62149733 0.483798 0.6343644 0.589306
