cake 0.9684931 0.7974898 0.21761444 1.0 0.3732343
cake 0.9554885 0.798773 0.58742964 0.9996908 0.7361865
cake 0.9390111 0.7991012 0.40541163 0.99940753 0.5515948
sink 0.86706144 0.2759016 0.060777675 0.8720037 0.14633103
spoon 0.76960814 0.5386228 0.796026 0.5625024 0.8184103
knife 0.655878 0.50514936 0.53820837 0.5351865 0.55230105
knife 0.64365333 0.4814588 0.5549876 0.5370767 0.5662932
tennis racket 0.64112866 0.49055758 0.7072406 0.5617363 0.72076654
cake 0.6308646 0.5167306 0.39315736 0.59603107 0.4174158
microwave 0.61527747 0.55371577 0.5694684 0.6176798 0.72135377
spoon 0.5957965 0.613752 0.3659784 0.6488909 0.4371144
cake 0.5650214 0.5159136 0.28558305 0.59646535 0.34142467
cake 0.5179254 0.5141605 0.29258835 0.5503215 0.33421648
banana 0.48985854 0.6051691 0.3814269 0.622413 0.42064002
cake 0.48065025 0.51974535 0.33920854 0.6068507 0.3934505
cake 0.46028835 0.5228135 0.24970724 0.6137786 0.31584305
toaster 0.41514236 0.60384154 0.447666 0.62204635 0.6024727
banana 0.4137625 0.58682626 0.3456017 0.61478335 0.37033167
cake 0.3791852 0.5228632 0.28143758 0.6021909 0.40787584
knife 0.37106463 0.51982945 0.56044716 0.53802556 0.56826025
cake 0.36383963 0.52144635 0.25080773 0.6151279 0.28574887
wine glass 0.3466593 0.53149974 0.72399795 0.5589891 0.74057436
vase 0.3438874 0.34515557 0.3567843 0.39398435 0.3673869
knife 0.31509185 0.50350684 0.54957825 0.5347546 0.5566936
toaster 0.3081463 0.5985708 0.0012264084 0.6410732 0.05107992
