cell phone 0.9440008 0.4039198 0.8011342 0.48768812 0.93007386
cake 0.9158821 0.6375695 0.312122 0.9370557 0.4741391
microwave 0.8473823 0.4473331 0.5519844 0.51508445 0.6551194
cake 0.7961457 0.435558 0.07238998 0.61434156 0.17459017
cake 0.7805015 0.61601824 0.23905027 0.8546391 0.3669812
spoon 0.6748831 0.46677238 0.23886618 0.5133363 0.33336392
cake 0.64819026 0.5713914 0.16157672 0.7622953 0.25693047
cake 0.6474159 0.422419 0.1862579 0.46847165 0.23180673
cake 0.6269164 0.43119574 0.04794438 0.58295786 0.08197321
couch 0.52340776 0.42422304 0.77623993 0.4603305 0.79930717
clock 0.41837996 0.5039294 0.50803214 0.55229694 0.54306704
cake 0.4000704 0.4308751 0.1453905 0.46982527 0.18847863
cake 0.38333994 0.4398826 0.42455658 0.50436705 0.4997914
tennis racket 0.37839884 0.47979584 0.44684634 0.5251724 0.46178964
clock 0.32688996 0.47384843 0.38158813 0.50431484 0.40162858
couch 0.31709996 0.36404833 0.3776238 0.39219546 0.3969344
