cake 0.93924475 0.61679995 0.3303959 0.96451104 0.58824885
cake 0.87064445 0.60492396 0.055878095 0.9141408 0.28871486
sandwich 0.72533435 0.5226098 0.95038915 0.5296572 0.96880794
sandwich 0.6563986 0.52544534 0.9861627 0.53114235 1.0
banana 0.6251146 0.525993 0.26240432 0.54716146 0.28774074
sandwich 0.5441235 0.51943815 0.9662959 0.52956057 0.9847899
spoon 0.47520563 0.5268645 0.9392498 0.54564655 1.0
sandwich 0.44314316 0.51261544 0.9836686 0.5279857 1.0
microwave 0.4381327 0.52281344 0.41676757 0.5595467 0.64702713
banana 0.34471452 0.5278425 0.23286515 0.54843676 0.25972295
toaster 0.3430131 0.520061 0.0023231786 0.52954435 0.11882096
