cake 0.8700786 0.6667854 0.23504278 1.0 0.44172946
sink 0.839366 0.26868424 0.77416545 0.90890026 0.9403271
cake 0.6629224 0.58644897 0.13996133 0.9655964 0.19197771
cake 0.62552285 0.7774743 0.24900797 0.9966631 0.4413205
wine glass 0.5531053 0.41250792 0.65238255 0.42939663 0.6656702
spoon 0.5357812 0.4908005 0.2857589 0.5248563 0.34552735
clock 0.51020783 0.470146 0.52368253 0.5078289 0.5350711
cake 0.49255016 0.61237395 0.18374911 0.9161941 0.24247757
wine glass 0.48097214 0.4986883 0.6715587 0.54629904 0.69905704
wine glass 0.47160104 0.28962806 0.6960798 0.322399 0.71274084
clock 0.4429569 0.47576502 0.65531176 0.5412095 0.67893237
microwave 0.43889385 0.5190765 0.19058327 0.5631407 0.34607857
clock 0.43101302 0.47834343 0.5216566 0.52211016 0.5358823
wine glass 0.38807014 0.29527137 0.66014415 0.32772103 0.6695624
spoon 0.36688104 0.5107471 0.29802033 0.6164549 0.41498116
wine glass 0.3664052 0.34977388 0.64759475 0.37771213 0.66886336
wine glass 0.35551938 0.29433012 0.7162947 0.3183184 0.7266341
wine glass 0.3422199 0.2931282 0.74596286 0.31452683 0.7552563
wine glass 0.33830774 0.29241028 0.70696104 0.32039288 0.7165942
tennis racket 0.32689577 0.20500639 0.6474224 0.26906344 0.6590516
spoon 0.30958512 0.40502793 0.69995546 0.42391235 0.7227429
couch 0.3070404 0.48516253 0.13540994 0.5274936 0.18989842
