toaster 0.9159583 0.7170362 0.40189433 0.88177764 0.6249417
spoon 0.88699764 0.45124027 0.43210775 0.50070286 0.49564427
spoon 0.88009757 0.44654778 0.16258645 0.49778897 0.21747997
book 0.8167423 0.64411175 0.3032139 0.7091313 0.34956557
wine glass 0.7891172 0.44100323 0.64338875 0.5005794 0.6734389
spoon 0.7675174 0.31274244 0.72197884 0.35896456 0.81362444
wine glass 0.7154259 0.43186375 0.61492264 0.5002264 0.6442226
sink 0.68534386 0.2550484 0.8615556 0.99185675 1.0
wine glass 0.66020113 0.3011649 0.3100684 0.35742378 0.33527133
spoon 0.6328758 0.3408558 0.14433664 0.35837522 0.19636035
spoon 0.6164477 0.45945162 0.2275298 0.49747294 0.26638648
spoon 0.58211255 0.30981797 0.14319874 0.3298554 0.19749178
clock 0.57144594 0.6465463 0.62824976 0.7155959 0.65551054
wine glass 0.56385314 0.18651405 0.29147223 0.21492153 0.3125876
wine glass 0.54357314 0.29359493 0.28158122 0.35755113 0.30867743
spoon 0.5428025 0.476203 0.32311934 0.50204134 0.39773482
wine glass 0.54080075 0.186685 0.32090184 0.21441635 0.33955303
spoon 0.52825063 0.45425543 0.4987996 0.50007355 0.53137064
spoon 0.52444386 0.3301654 0.14394958 0.34106398 0.19681267
wine glass 0.52020097 0.28495404 0.25378 0.3562361 0.27515978
wine glass 0.5069699 0.2887971 0.22974992 0.35743165 0.2525282
spoon 0.4824515 0.4411775 0.22585954 0.45706636 0.26477918
tennis racket 0.48219314 0.28067005 0.46290457 0.35824263 0.49131668
microwave 0.45766842 0.74238855 0.6312196 0.984743 0.8413625
spoon 0.44651735 0.47517616 0.7540827 0.50289124 0.7827016
spoon 0.43568647 0.45318434 0.75506896 0.46948037 0.7811697
wine glass 0.41764903 0.2782438 0.3170877 0.30387032 0.33416045
wine glass 0.41096497 0.2942319 0.27183297 0.35625878 0.2867737
spoon 0.39818025 0.440381 0.22712687 0.49292564 0.26618224
spoon 0.39439434 0.34578416 0.35482937 0.36022952 0.4128785
spoon 0.38439566 0.33219495 0.3540479 0.3417887 0.41554284
oven 0.37516943 0.6163729 0.19391504 0.7107581 0.26382667
wine glass 0.3708752 0.16061163 0.171168 0.21572936 0.19022286
spoon 0.37035576 0.48384982 0.70694923 0.49525222 0.7490628
spoon 0.36187622 0.45355335 0.7531335 0.4994107 0.7826033
wine glass 0.36102673 0.16129561 0.19643854 0.21529149 0.21365388
wine glass 0.3589412 0.13644841 0.76535255 0.21210767 0.7843439
spoon 0.3556597 0.459635 0.33725834 0.47421917 0.3939817
wine glass 0.35079983 0.19842434 0.3454742 0.21512768 0.3531393
knife 0.34339947 0.6276603 0.019586494 0.6689059 0.030773701
wine glass 0.3408848 0.18854226 0.35602245 0.21459655 0.36572263
fork 0.34055105 0.62389654 0.0 0.69341666 0.004165574
spoon 0.33260548 0.32840163 0.6811742 0.35512635 0.710447
