clock 0.9628695 0.4681795 0.46955943 0.6475214 0.5255748
cake 0.9478864 0.7627607 0.66924554 0.9993121 0.79464024
cake 0.8822983 0.8028668 0.5198195 0.9973377 0.63247025
couch 0.86951023 0.30922657 0.44507876 0.64561266 0.53432864
clock 0.77392745 0.50781846 0.2097084 0.5915789 0.24759573
cake 0.58510566 0.73052317 0.79855543 0.9768158 0.90030223
spoon 0.5566329 0.5843027 0.5573403 0.61522895 0.61268467
wine glass 0.5406546 0.5345371 0.24953705 0.59188324 0.2788139
toaster 0.5356168 0.5733428 0.32218343 0.6002867 0.44719046
cake 0.33521727 0.56964904 0.9049315 0.6202672 0.9284666
couch 0.31752485 0.46415135 0.66579807 0.50542104 0.6918833
tennis racket 0.3075796 0.4942584 0.24225368 0.5898829 0.2614266
cake 0.30607763 0.5681719 0.8862522 0.6214108 0.9289177
cake 0.3055496 0.7266397 0.80114496 0.9186154 0.8972585
