cake 0.9575476 0.6358073 0.5446588 0.99716467 0.7176335
cake 0.88695335 0.63568795 0.24035805 0.99850863 0.41158766
clock 0.76182115 0.55398834 0.43570322 0.6189461 0.47579396
couch 0.63850343 0.41644755 0.51839525 0.47957444 0.55600995
wine glass 0.5389689 0.35631365 0.5785069 0.3775389 0.59616894
couch 0.4994337 0.45228732 0.38906378 0.618422 0.5198921
spoon 0.47741297 0.4618969 0.6840446 0.48282918 0.7093687
toaster 0.46695748 0.47927895 0.3190089 0.49913916 0.39417404
wine glass 0.43643737 0.35320443 0.59926975 0.37790006 0.6156316
tennis racket 0.4038393 0.4336501 0.32919732 0.47435743 0.33982977
wine glass 0.39120066 0.36849526 0.3447468 0.38324726 0.35413858
clock 0.3895737 0.3389573 0.31711414 0.38175225 0.3302872
sink 0.3435734 0.210429 0.07695443 0.7324775 0.26294225
sink 0.343405 0.20215176 0.07538178 0.70531523 0.26416856
couch 0.3320828 0.26471436 0.3197226 0.30263358 0.35008812
toaster 0.3092221 0.4896818 0.26537827 0.5021438 0.3159584
