tennis racket 0.7789907 0.116870485 0.18392149 0.20499066 0.20908016
tennis racket 0.7652513 0.14949036 0.26729488 0.22781646 0.29239094
tennis racket 0.6902008 0.09807025 0.70637894 0.17890555 0.7445761
tennis racket 0.6838458 0.14384145 0.6399487 0.2133219 0.67148185
tennis racket 0.64925086 0.11201645 0.15498117 0.19651034 0.17869228
tennis racket 0.64123976 0.09232033 0.10667923 0.18159944 0.13034312
tennis racket 0.6396192 0.102631375 0.12979445 0.18829946 0.15333027
tennis racket 0.6327887 0.13783245 0.6725122 0.19705334 0.6990609
tennis racket 0.61140746 0.13916856 0.21025164 0.2153071 0.24400331
tennis racket 0.6092158 0.15859973 0.29544467 0.23369436 0.3154937
tennis racket 0.5790098 0.15755178 0.24289834 0.22063819 0.26626444
tennis racket 0.5634451 0.12161597 0.17576143 0.19912887 0.18883985
tennis racket 0.5628357 0.2996848 0.42183876 0.33874005 0.43542767
tennis racket 0.49924228 0.2871587 0.70275915 0.40250844 0.75149083
wine glass 0.4730618 0.80196494 0.110926926 0.8525133 0.15206695
tennis racket 0.4626769 0.3718127 0.19134712 0.43481883 0.21937016
tennis racket 0.42932838 0.10028323 0.7474865 0.1550473 0.7900127
tennis racket 0.41065636 0.1218474 0.17615455 0.16304164 0.18876702
tennis racket 0.3515072 0.12827933 0.1522463 0.18481068 0.16245618
wine glass 0.32888255 0.79940194 0.16601641 0.8319704 0.18680505
tennis racket 0.3018838 0.12968673 0.15378046 0.15895052 0.16180158
