cell phone 0.8466011 0.4851943 0.8545112 0.5478494 1.0
couch 0.79745716 0.20373906 0.2566001 0.30081752 0.336758
spoon 0.7747436 0.5160218 0.01610407 0.5486998 0.12244412
microwave 0.75255567 0.553844 0.84559107 0.90374494 0.9983984
couch 0.6892604 0.40444618 0.3360781 0.47314852 0.40618312
tennis racket 0.6582903 0.49570557 0.42329618 0.5419759 0.44670153
couch 0.6326657 0.17888695 0.60308206 0.26204288 0.6795513
couch 0.5824894 0.18825367 0.6733624 0.26110324 0.7500806
couch 0.5662701 0.18828624 0.51921594 0.26171616 0.6111152
toaster 0.55655974 0.5404509 0.3835754 0.5629749 0.6385414
bowl 0.51044697 0.49915096 0.037868727 0.51974815 0.084191784
clock 0.4828086 0.51035666 0.76790106 0.5399344 0.81999904
couch 0.47875318 0.4396796 0.63531077 0.4688858 0.6824682
clock 0.46255535 0.44405687 0.36378306 0.4742189 0.3910263
clock 0.45414174 0.4491922 0.60401595 0.46875927 0.62817127
clock 0.44572562 0.5112001 0.71332026 0.5376321 0.7490384
spoon 0.42774433 0.52856076 0.1197883 0.5449995 0.19100921
couch 0.4262918 0.4459641 0.64880455 0.5412091 0.86831176
spoon 0.36007965 0.5064449 0.0 0.5437524 0.010228763
couch 0.3435745 0.44311127 0.7194125 0.5386579 0.8671807
couch 0.34356174 0.447961 0.64911 0.5400958 0.7739464
couch 0.3272909 0.4424683 0.40768927 0.46873116 0.4377026
sandwich 0.32713586 0.5112205 0.081847735 0.5195778 0.11307816
clock 0.323675 0.18397611 0.029221276 0.21738186 0.0723423
couch 0.31507233 0.43492055 0.6034527 0.46729398 0.6305587
