cake 0.9524153 0.50353277 0.58353204 0.70112807 0.7343715
chair 0.9423643 0.568412 0.70618474 0.9912149 0.9999093
cake 0.7599487 0.5205832 0.33767933 0.84195155 0.44756305
chair 0.7394778 0.49614266 0.8735118 0.5998035 0.9980227
couch 0.7213752 0.30934072 0.19206733 0.51150185 0.32793993
clock 0.706223 0.44692707 0.5330155 0.49125788 0.5555943
toaster 0.6797023 0.58772886 0.0 0.68329555 0.12038438
spoon 0.65008706 0.34047237 0.8953325 0.3534887 0.9223786
couch 0.62239045 0.43273222 0.1980367 0.51826787 0.23470375
cake 0.6118134 0.5041978 0.41055205 0.7015033 0.46675834
tennis racket 0.5656975 0.4394639 0.6162676 0.49213886 0.6244243
tennis racket 0.517811 0.4517616 0.60510105 0.49245307 0.6142009
couch 0.49794284 0.45058352 0.23036715 0.5167877 0.26471078
couch 0.48706877 0.368427 0.5280033 0.42219374 0.5434286
cell phone 0.470642 0.27053928 0.66947794 0.4094675 0.81086683
cake 0.44924322 0.5056073 0.41462582 0.5673426 0.47174883
cake 0.4418156 0.46111163 0.30560455 0.49201116 0.33344492
clock 0.41620308 0.3212481 0.83610344 0.35278648 0.8500277
cake 0.34827423 0.46054655 0.28004006 0.49099144 0.30842146
toaster 0.34393457 0.5469028 5.1684678e-05 0.5919692 0.16582847
clock 0.3368869 0.47227263 0.20335722 0.5163885 0.22872543
