cake 0.9523841 0.55835396 0.40577495 0.9448854 0.57574934
cake 0.94221646 0.5465388 0.56715053 0.8769938 0.6872509
cake 0.92132026 0.5306752 0.766249 0.78449583 0.83775824
cake 0.9209062 0.5353484 0.682216 0.82444197 0.77276844
couch 0.6989463 0.45942608 0.860139 0.51964563 0.8958924
wine glass 0.6919239 0.421689 0.4648121 0.43922132 0.47809118
clock 0.65545857 0.33286795 0.47324175 0.37962735 0.48466974
tennis racket 0.6336446 0.4696129 0.3736791 0.5430259 0.39282817
spoon 0.63222957 0.3950639 0.086552985 0.42729968 0.11364526
clock 0.62617934 0.48423317 0.6434519 0.5091423 0.6577035
wine glass 0.6090287 0.419874 0.43827364 0.4378826 0.45004824
spoon 0.60730404 0.39176658 0.041592874 0.4251145 0.06953882
wine glass 0.59212196 0.41842076 0.47981906 0.44054836 0.49815756
wine glass 0.5675204 0.42146868 0.4506622 0.4386297 0.46514785
spoon 0.55759734 0.77973706 0.11424838 0.81236446 0.1345495
spoon 0.42736956 0.70408875 0.116624914 0.7267658 0.13446431
tennis racket 0.41111803 0.46181685 0.15839522 0.5218141 0.1739925
couch 0.4038593 0.45703363 0.62923753 0.5113021 0.6706675
spoon 0.3897862 0.3971716 0.13631614 0.42746067 0.16215326
spoon 0.36416626 0.316145 0.035751656 0.33527476 0.07521365
couch 0.3625431 0.48946965 0.14753607 0.5257567 0.17106915
knife 0.3603678 0.46301064 0.12898237 0.49206796 0.14248228
clock 0.3403039 0.3971716 0.13631614 0.42746067 0.16215326
clock 0.3204348 0.3950639 0.086552985 0.42729968 0.11364526
