tennis racket 0.80142313 0.45554155 0.76318896 0.55645335 0.7883911
cake 0.7811893 0.6098973 0.9064341 0.66895735 0.9575284
sandwich 0.7304526 0.58673155 0.62349546 0.6124061 0.64458895
sandwich 0.6314331 0.5669015 0.62711567 0.58597493 0.642237
knife 0.62824667 0.45873547 0.7327225 0.4849493 0.7468052
cake 0.5971369 0.55153793 0.8988022 0.5780912 0.93464917
tennis racket 0.5783621 0.4863863 0.73441654 0.52511287 0.7460696
sandwich 0.5743578 0.5822562 0.6422117 0.6086908 0.6506158
wine glass 0.5069668 0.6217436 0.04018183 0.6640975 0.058828413
cake 0.48309854 0.54545355 0.0 0.8664851 0.12919489
cake 0.47542033 0.7597458 0.9048457 1.0 0.97563696
wine glass 0.47342736 0.5284974 0.78763163 0.5647933 0.8089751
cake 0.46599182 0.57617146 0.9028484 0.6142561 0.94260985
clock 0.43926847 0.4994888 0.0031755362 0.62863845 0.053857066
cake 0.39880106 0.66511506 0.90678626 0.8024452 0.9779131
microwave 0.39068392 0.46233523 0.56841135 0.5123519 0.6070123
microwave 0.33083817 0.49046582 0.5132035 0.55923223 0.5449543
cake 0.31583002 0.54692274 0.0008140728 0.98145175 0.12679386
microwave 0.31255516 0.543846 0.57929814 0.5747571 0.6724818
toaster 0.3034779 0.47747803 0.24767357 0.5104992 0.33627343
