cake 0.9105999 0.64746237 0.28024596 0.95739955 0.36463612
microwave 0.7614068 0.5495446 0.17964561 0.69005704 0.309797
couch 0.6166925 0.4959821 0.52539206 0.55683625 0.58722556
couch 0.61465216 0.4916175 0.6819985 0.5820525 0.77510977
bench 0.5869154 0.53190285 0.79644024 0.59097177 0.8343891
cake 0.58457893 0.6288011 0.23468609 0.86483413 0.29278734
toaster 0.5507699 0.6077001 0.506318 0.6302216 0.5829402
wine glass 0.5288117 0.52843875 0.32813495 0.5535542 0.34776247
cake 0.52336836 0.61248934 0.20193747 0.82565165 0.24762926
toaster 0.49469864 0.55695766 0.5835464 0.5721028 0.6383138
cake 0.37654987 0.60117424 0.18492435 0.7940498 0.21550445
couch 0.35381705 0.49932122 0.55049545 0.5555689 0.586829
tennis racket 0.33086088 0.505428 0.5989185 0.5494542 0.6132043
