cake 0.8427796 0.69595957 0.3889051 0.99814546 0.49941415
cake 0.81293696 0.7217998 0.4968333 1.0 0.6003129
clock 0.5822644 0.575935 0.25608793 0.6281548 0.30302444
wine glass 0.56813926 0.38491526 0.82354647 0.41763806 0.8465864
cake 0.5629797 0.6774953 0.30356216 0.9664688 0.39608777
microwave 0.5028849 0.6271828 0.64203495 0.6547999 0.7901705
wine glass 0.47014374 0.37013775 0.9130972 0.40640005 0.9286328
wine glass 0.4440415 0.37164173 0.90064704 0.40787676 0.915604
microwave 0.44242924 0.468574 0.04780797 0.83757955 0.18302855
spoon 0.3948814 0.3225857 0.8997204 0.33856878 0.92754906
couch 0.3825843 0.60465854 0.84319645 0.6658476 0.8925671
wine glass 0.35660574 0.3164765 0.80964553 0.347855 0.8190464
spoon 0.34579176 0.2356378 0.8894863 0.27011648 0.9265282
