cake 0.9014376 0.833874 0.49370039 0.9988868 0.66084206
cake 0.89238185 0.6394898 0.14565837 0.90699035 0.280323
cake 0.8370323 0.8356977 0.68947697 0.9995576 0.9013351
cake 0.7879188 0.6134019 0.23430006 0.8152586 0.31578982
tennis racket 0.75391483 0.5197616 0.6678977 0.6718148 0.69572544
couch 0.69840324 0.31465852 0.82056445 0.6935642 0.9481556
couch 0.6813056 0.4684446 0.1784086 0.5408222 0.22650483
couch 0.67085516 0.5242078 0.09753415 0.6314274 0.17862651
clock 0.66616637 0.43204802 0.84241366 0.6964603 0.94331384
tennis racket 0.6464181 0.49785823 0.8245577 0.54702103 0.83731323
clock 0.64408994 0.50755906 0.19351324 0.54003954 0.21688399
couch 0.6119123 0.479519 0.5472016 0.5752492 0.6118426
tennis racket 0.5677673 0.50012004 0.83568245 0.54811144 0.8458281
spoon 0.556042 0.5197902 0.54787666 0.5719749 0.6116561
cake 0.51972276 0.611545 0.0006968565 0.993903 0.12248592
clock 0.5058844 0.50143343 0.33163688 0.54368085 0.35197952
spoon 0.40571064 0.5737548 0.10993991 0.62995607 0.16689754
tennis racket 0.35601786 0.50312185 0.81788826 0.54568976 0.8249388
tennis racket 0.35386348 0.5042209 0.8096703 0.5485461 0.81819665
cake 0.3379135 0.6919666 0.000808347 0.9977846 0.12171395
