cake 0.95733833 0.79691887 0.47842738 0.99861896 0.6726502
cake 0.88222575 0.7282385 0.6772086 0.9980965 0.85792166
cake 0.8305508 0.72671103 0.15945813 0.9996268 0.3049469
spoon 0.7823083 0.48146406 0.010785695 0.5423651 0.09338036
toaster 0.6874529 0.5441892 0.4989277 0.5750537 0.66876245
cake 0.68492395 0.677944 0.84031546 0.99324656 0.9932771
spoon 0.608321 0.25159582 0.010809893 0.27432346 0.046889186
wine glass 0.54003054 0.17759006 0.00044087972 0.21932165 0.028016672
wine glass 0.5242593 0.3783996 0.040497683 0.40635645 0.062951095
spoon 0.52010125 0.26982838 0.64303505 0.2913881 0.6716907
wine glass 0.5179602 0.3746283 0.015063484 0.407388 0.045706615
spoon 0.51787364 0.38191757 0.6446107 0.40729076 0.6763447
tennis racket 0.5095688 0.46127832 0.77469766 0.52110696 0.79368806
clock 0.49103126 0.45626193 0.5048724 0.5025975 0.52456623
clock 0.479975 0.31293908 0.6465179 0.34770098 0.6709466
spoon 0.46089152 0.5221002 0.6817268 0.5393792 0.73561704
couch 0.4189038 0.4739661 0.26228654 0.51852465 0.30137002
tennis racket 0.40627858 0.46013832 0.775136 0.5574594 0.7934643
spoon 0.4056005 0.3705824 7.015886e-05 0.40494457 0.01398297
spoon 0.3967667 0.4739661 0.26228654 0.51852465 0.30137002
wine glass 0.3899781 0.3704708 0.0 0.40557668 0.017588507
microwave 0.36563158 0.4806322 0.32888094 0.5329891 0.44061902
wine glass 0.355623 0.52108586 0.7916136 0.56431466 0.81309044
tennis racket 0.33815727 0.5308248 0.486159 0.55405307 0.49554017
