cake 0.94234383 0.6868701 0.554953 0.95654416 0.7582878
cake 0.78579193 0.6387161 0.8108357 0.8273673 0.8838215
cake 0.74352676 0.65681535 0.7326952 0.8790062 0.8311211
sandwich 0.5692474 0.628393 0.57739085 0.65138537 0.62382096
microwave 0.55508906 0.51441145 0.10374301 0.73101974 0.24889965
toaster 0.4622344 0.5964356 0.75898826 0.6101268 0.8800142
microwave 0.45385313 0.5128699 0.09404936 0.7735961 0.25155273
tennis racket 0.42321798 0.5743441 0.90746903 0.603759 0.924364
couch 0.41322288 0.5648496 0.71885777 0.5964867 0.75627816
banana 0.39363378 0.61248356 0.53533185 0.6234428 0.55312604
microwave 0.3509803 0.593005 0.29198223 0.64470714 0.44372204
spoon 0.30480006 0.628393 0.57739085 0.65138537 0.62382096
wine glass 0.30454043 0.5890782 0.39204374 0.60032606 0.41151303
