toaster 0.9437527 0.53247786 0.041071545 0.7539995 0.5617599
spoon 0.79579115 0.30404714 0.41874012 0.34348056 0.5462357
couch 0.7603635 0.4666996 0.31144243 0.5298025 0.37685755
tennis racket 0.75795084 0.16525109 0.6405767 0.2382613 0.67838067
tennis racket 0.7565431 0.12611318 0.46910316 0.2075733 0.51232654
couch 0.66485614 0.45768985 0.35309225 0.5313112 0.42581275
tennis racket 0.6058709 0.42600083 0.77276325 0.46865577 0.792502
bowl 0.55904114 0.4993819 0.4829907 0.52698755 0.51852363
couch 0.53986216 0.44526035 0.40637532 0.5205663 0.48894858
tennis racket 0.5242605 0.32249853 0.953434 0.3583282 0.9839012
tennis racket 0.50066996 0.4252168 0.74830854 0.4709069 0.7700081
spoon 0.48645967 0.1481106 0.7451696 0.18290013 0.76263595
tennis racket 0.47976804 0.42780358 0.82074857 0.46414137 0.8396404
clock 0.47467163 0.16525109 0.6405767 0.2382613 0.67838067
tennis racket 0.47237557 0.43023962 0.7235585 0.47338372 0.7444995
clock 0.4670174 0.14567095 0.5101997 0.21869776 0.57311743
tennis racket 0.46315676 0.4225841 0.79089046 0.46621075 0.81079465
tennis racket 0.4468229 0.42310947 0.8074908 0.46366334 0.82487184
sandwich 0.43779278 0.52153826 0.5054737 0.54031694 0.53380305
banana 0.3957543 0.5229881 0.46434644 0.54372406 0.5051379
tennis racket 0.38679498 0.4262614 0.6947374 0.476961 0.7261451
wine glass 0.37797588 0.34847823 0.74501705 0.37625882 0.7600268
spoon 0.3675004 0.19296771 0.8127073 0.21129817 0.86865413
spoon 0.35976434 0.16908625 0.7518399 0.19488105 0.8230233
cake 0.35651436 0.7703483 0.9148075 1.0 1.0
sandwich 0.33209953 0.5177346 0.5336605 0.5388332 0.5715555
spoon 0.331699 0.30321246 0.9558496 0.3159942 0.99528205
wine glass 0.31057468 0.3481203 0.71447116 0.37508258 0.72935927
wine glass 0.30442306 0.34796348 0.72899836 0.37580428 0.7449618
