cake 0.94734114 0.55560684 0.2503304 0.9498568 0.36384022
sink 0.8567611 0.30940074 0.847046 0.9374739 1.0
cake 0.85280216 0.5334045 0.1596911 0.86713773 0.27362868
cake 0.8058935 0.5199879 0.11691645 0.8096294 0.19138336
clock 0.7475602 0.55057675 0.43564716 0.61649656 0.45813218
wine glass 0.6836754 0.41055718 0.8147295 0.45079008 0.83176893
spoon 0.64874256 0.22377561 0.7441631 0.25982156 0.79079956
wine glass 0.63757116 0.41015622 0.83324486 0.451094 0.8500181
spoon 0.6366083 0.2264782 0.80732244 0.24823308 0.8378007
wine glass 0.60499334 0.41145983 0.7973131 0.45133108 0.8136412
spoon 0.5952629 0.34524533 0.69777554 0.36116853 0.71938103
spoon 0.4997518 0.34394598 0.7187631 0.36056525 0.7428603
wine glass 0.44913357 0.42004827 0.7805947 0.449513 0.7924309
spoon 0.44056094 0.3320012 0.7187804 0.3430385 0.7431098
spoon 0.43004328 0.79621667 0.607724 0.84510124 0.64750355
wine glass 0.42687997 0.41188413 0.71980983 0.44889727 0.72848266
toaster 0.41996607 0.5449939 0.50531375 0.60837084 0.6237545
wine glass 0.41858774 0.41213816 0.73289394 0.4496888 0.74044
spoon 0.40457672 0.30660158 0.35296595 0.32809296 0.37640238
wine glass 0.40109837 0.41181067 0.7516038 0.4495229 0.7613047
spoon 0.394979 0.3292654 0.6977781 0.34617713 0.7185459
spoon 0.39489686 0.24549323 0.6950493 0.2671373 0.7365346
wine glass 0.3842321 0.41558453 0.77279526 0.44957486 0.7845784
spoon 0.37784746 0.33185834 0.7497798 0.35144892 0.7991699
wine glass 0.34871566 0.41182378 0.76192623 0.4488025 0.7724853
cake 0.31338358 0.5124519 0.14575607 0.582355 0.20119002
toaster 0.30892092 0.53911006 0.5096765 0.56834465 0.6425126
wine glass 0.3049093 0.41062817 0.7440844 0.44944116 0.75287145
