cake 0.93115205 0.50161636 0.5762737 0.6399625 0.6216961
cake 0.8684711 0.49244013 0.5308275 0.62365335 0.5799328
couch 0.7837692 0.5116284 0.6629559 0.58841103 0.7406148
sink 0.6482526 0.35947326 0.67128134 0.5538393 0.80370414
banana 0.5167869 0.4977078 0.35705218 0.5373596 0.3789058
sandwich 0.5034728 0.53588367 0.3648439 0.55503994 0.38158697
knife 0.4642476 0.46652266 0.42708385 0.5001625 0.44393426
sandwich 0.4524177 0.52812815 0.33003443 0.5552266 0.34704322
cake 0.44647947 0.48930168 0.5738142 0.5199286 0.5989899
couch 0.43670824 0.43845603 0.6006181 0.5280953 0.6368364
banana 0.43610162 0.5308972 0.34433156 0.55605894 0.3650108
banana 0.4281682 0.52402306 0.37801087 0.5533309 0.39876914
couch 0.42564365 0.3512493 0.97209024 0.57652396 0.99987125
sandwich 0.414658 0.53095573 0.31930572 0.5552133 0.3341303
banana 0.40830094 0.52812815 0.33003443 0.5552266 0.34704322
knife 0.40416977 0.4703664 0.4178657 0.49897933 0.42400873
couch 0.40403178 0.40115649 0.5106495 0.4914608 0.5233838
spoon 0.38225552 0.54664505 0.30766925 0.575963 0.40001574
cake 0.3338573 0.6123563 0.9489825 0.98595417 1.0
