microwave 0.9084892 0.5907263 0.34069777 0.68039036 0.51529205
cake 0.8456062 0.8843956 0.37903672 0.9977764 0.5169787
clock 0.80476254 0.19514877 0.19810662 0.25881344 0.2282319
clock 0.7998235 0.6162523 0.53101677 0.7216659 0.5655523
toaster 0.71967435 0.62701374 0.74779767 0.6658985 0.905937
couch 0.6911366 0.27908355 0.56029326 0.30959547 0.5852005
tennis racket 0.6526953 0.55075026 0.73353726 0.6175766 0.7479908
spoon 0.64320916 0.3989505 0.7102864 0.42582938 0.73213303
tennis racket 0.62071574 0.5769613 0.74982345 0.62111205 0.76120234
spoon 0.6066592 0.38556498 0.5589457 0.40318483 0.59212714
spoon 0.5895223 0.3973717 0.7307915 0.4249671 0.7490203
couch 0.5425183 0.53551686 0.5002952 0.72176474 0.59828144
spoon 0.5410537 0.5908397 0.25039107 0.6105609 0.276747
wine glass 0.5394825 0.2903087 0.97192955 0.33309048 0.990839
spoon 0.5236257 0.3461948 0.19341052 0.37849975 0.23519045
spoon 0.45884997 0.4663156 0.7085752 0.47700506 0.7469979
wine glass 0.45446077 0.47455263 0.19621748 0.48941544 0.21158576
microwave 0.4492681 0.62697 0.6471753 0.7243642 0.7213458
wine glass 0.43928826 0.45686507 0.2022481 0.47569394 0.2164425
cake 0.4217998 0.80216485 0.33010873 0.9975437 0.43839297
wine glass 0.38366058 0.29292125 0.9956696 0.3327533 1.0
wine glass 0.37927076 0.3973717 0.7307915 0.4249671 0.7490203
wine glass 0.3759334 0.46684924 0.58423924 0.49784946 0.5992117
spoon 0.3711219 0.4835911 0.7087267 0.491134 0.7468727
spoon 0.36604342 0.4743409 0.17519777 0.48872533 0.19398536
wine glass 0.35491723 0.21491589 0.9351836 0.26030514 0.97321016
spoon 0.35372844 0.32612494 0.713491 0.34733042 0.72880834
cell phone 0.34648755 0.3811767 0.9647523 0.48173797 0.9999205
spoon 0.32661387 0.32003525 0.73043287 0.3423417 0.7487776
wine glass 0.32196587 0.35097396 0.9782533 0.36499768 0.99303824
tennis racket 0.3072013 0.57913685 0.11851471 0.640146 0.14471218
