microwave 0.88142693 0.52716285 0.6460024 0.67214 0.7395401
sink 0.8237494 0.34569585 0.8835637 0.82087904 0.95458347
cake 0.75448436 0.62978345 0.5047198 0.9227758 0.6238701
tennis racket 0.7233482 0.4935199 0.78363025 0.52853066 0.79101765
cake 0.72222394 0.6673281 0.50438786 0.92128974 0.61685705
tennis racket 0.70070076 0.48610887 0.7744588 0.5296439 0.7821985
spoon 0.69249046 0.5444523 0.46982998 0.57287246 0.52446264
couch 0.6776107 0.38229516 0.4492073 0.60862863 0.57712805
tennis racket 0.5971812 0.5059673 0.7681308 0.52983576 0.7743794
cake 0.53652024 0.604628 0.6053851 0.7490311 0.6639355
cell phone 0.53433055 0.44224563 0.84384906 0.5114032 0.8923458
spoon 0.53055215 0.42836514 0.20837092 0.4436233 0.22770602
wine glass 0.5170855 0.30530775 0.16883455 0.34591314 0.19410197
microwave 0.50418174 0.51496816 0.8428776 0.6025837 0.893201
clock 0.49275443 0.48464587 0.50699234 0.5643887 0.53648746
spoon 0.48758072 0.53526247 0.53448 0.5562598 0.57040894
cake 0.47644258 0.58500606 0.6334063 0.63541067 0.6656542
toaster 0.45871943 0.5269433 0.7634594 0.5354217 0.8088539
spoon 0.41827253 0.42027584 0.13164338 0.43840095 0.15346608
clock 0.41536903 0.39533323 0.14999428 0.44099495 0.1636008
cake 0.39743564 0.6242087 0.5422922 0.8345808 0.64154094
toaster 0.3563423 0.53092563 0.2933006 0.54034203 0.37484494
cell phone 0.32494277 0.17490685 0.0 0.30024388 0.025743235
spoon 0.3174585 0.42692748 0.19060898 0.44318748 0.20952782
