cake 0.87112373 0.6369407 0.67033553 0.7376908 0.73206425
cake 0.76747024 0.6128632 0.64068437 0.69454 0.69230056
tennis racket 0.6596711 0.57844514 0.10939256 0.6247941 0.121008106
sink 0.63823193 0.32952893 0.9336978 0.97663736 1.0
spoon 0.6227808 0.4803074 0.6097779 0.49824315 0.6306362
wine glass 0.6051896 0.39950472 0.3216607 0.4228274 0.34526676
microwave 0.6048904 0.60076374 0.4323741 0.6330924 0.57152015
clock 0.59345394 0.30319244 0.61888325 0.34278017 0.6497581
spoon 0.58284223 0.39098197 0.6606938 0.40205452 0.69259197
tennis racket 0.5654583 0.55236965 0.6394595 0.6096918 0.6510974
wine glass 0.5551136 0.4062197 0.3459347 0.42042053 0.3600399
spoon 0.54700536 0.48712075 0.6322384 0.4998072 0.654951
cake 0.5343946 0.662607 0.20674695 0.9958029 0.31954455
spoon 0.5289734 0.4583352 0.60999554 0.47346038 0.6297541
cake 0.52331716 0.61080354 0.26427293 0.73031795 0.34977865
spoon 0.48175246 0.4793038 0.6583297 0.49825028 0.6985071
spoon 0.45495802 0.4566447 0.631229 0.47171986 0.65521604
spoon 0.43770102 0.46836713 0.6312584 0.48550603 0.6553344
microwave 0.42401695 0.5950476 0.42632255 0.6400303 0.6158968
spoon 0.37981722 0.46799564 0.6095266 0.48685578 0.63007826
wine glass 0.3782178 0.48086622 0.3069384 0.49861425 0.32244277
wine glass 0.33480972 0.48062915 0.32312107 0.49924362 0.3386708
wine glass 0.33402804 0.4103717 0.30618376 0.42326066 0.31580055
