cake 0.97752166 0.62768614 0.38398322 0.9889295 0.5192378
cake 0.9750881 0.61034465 0.27977398 0.9351969 0.3971466
cake 0.97255707 0.64739543 0.5176386 1.0 0.6561143
cake 0.9056625 0.6022333 0.19332339 0.89309514 0.29593292
microwave 0.7413611 0.6328959 0.8818664 0.8182464 0.989544
spoon 0.72141886 0.62186635 0.6462957 0.6749498 0.7384078
clock 0.64224607 0.56524295 0.48220852 0.6488148 0.50606334
clock 0.6122479 0.48103756 0.8787539 0.51207477 0.89885163
clock 0.59510994 0.48032802 0.901966 0.5116699 0.9232967
spoon 0.5583396 0.39753684 0.95046234 0.43103716 0.9915072
spoon 0.5562076 0.5842792 0.8566836 0.6159676 0.90525484
fork 0.51796466 0.5386159 0.66967887 0.56139094 0.6773216
clock 0.46504346 0.4814277 0.92786264 0.5117576 0.94888496
spoon 0.45423752 0.47907758 0.95067114 0.4999975 0.991895
spoon 0.4277288 0.48710728 0.19205992 0.50859433 0.21250238
spoon 0.38091287 0.42742315 0.38000447 0.44784194 0.41053283
spoon 0.38081294 0.49221098 0.37354398 0.507662 0.39410442
spoon 0.35753927 0.58163285 0.9406208 0.61031777 0.98331654
fork 0.33449745 0.53836066 0.6607593 0.55053455 0.6655077
fork 0.30069166 0.5707252 0.66822565 0.5843335 0.6722088
