spoon 0.71441245 0.29630548 0.012291402 0.39486688 0.19450614
tennis racket 0.69977516 0.39552027 0.45438063 0.4521966 0.48555726
tennis racket 0.6380505 0.39944363 0.42812285 0.45403084 0.45750847
spoon 0.6315664 0.3968568 0.5714488 0.4436345 0.63562155
tennis racket 0.57934684 0.53902566 0.45463395 0.61233026 0.47065288
tennis racket 0.5670163 0.5473817 0.5277029 0.6164576 0.5461867
tennis racket 0.5494892 0.5308054 0.50320977 0.61923003 0.51850194
tennis racket 0.5439118 0.53489935 0.48208898 0.61734194 0.49650866
tennis racket 0.5078238 0.5329885 0.49408475 0.6181311 0.5069045
tennis racket 0.5015563 0.40651947 0.40313518 0.456815 0.42900997
tennis racket 0.48119715 0.39099845 0.48237357 0.4505705 0.51475286
tennis racket 0.47998974 0.5391025 0.46905443 0.61587876 0.4852182
tennis racket 0.43709877 0.5512201 0.51670265 0.62027097 0.52883303
tennis racket 0.4299795 0.3860765 0.51288813 0.44724998 0.5559109
microwave 0.41788822 0.6121599 0.27450538 0.86323625 0.37046778
tennis racket 0.41547745 0.55068994 0.54611677 0.60482866 0.55839247
sandwich 0.391433 0.28862724 0.12706786 0.32310668 0.18329576
spoon 0.38751683 0.34928513 0.18664698 0.37568384 0.21697463
tennis racket 0.38748023 0.55095756 0.55736065 0.60370755 0.5697628
wine glass 0.3532026 0.2597873 0.6165977 0.31055 0.63499683
wine glass 0.32319894 0.35556012 0.2805637 0.38897645 0.30876976
tennis racket 0.3116445 0.56202817 0.48182294 0.6193648 0.49676314
tennis racket 0.3095198 0.53208405 0.4833109 0.57967734 0.49457815
tennis racket 0.3054883 0.4122059 0.37862635 0.4577379 0.3974535
