sink 0.9669818 0.33996418 0.096012905 0.74243575 0.24380653
cake 0.93652093 0.65643936 0.37877563 0.9431745 0.5015689
cake 0.9326448 0.6422331 0.49361187 0.8894274 0.60337657
couch 0.8781531 0.36470374 0.669806 0.5183625 0.73203564
spoon 0.64647645 0.5394358 0.52426815 0.5704304 0.55133355
spoon 0.58614737 0.549467 0.55609477 0.567891 0.59637916
clock 0.5170611 0.48718727 0.7045444 0.52425283 0.7211896
toaster 0.4986896 0.5182389 0.6457526 0.5279161 0.6927727
clock 0.394399 0.49172464 0.69321114 0.52310896 0.7069598
sandwich 0.39075842 0.46879447 0.8330981 0.48511514 0.844794
microwave 0.33641675 0.5169017 0.47505832 0.5343356 0.53749275
banana 0.33179265 0.53303707 0.549971 0.5510257 0.564113
wine glass 0.32577717 0.5394358 0.52426815 0.5704304 0.55133355
toaster 0.30413595 0.5141697 0.26211038 0.5328569 0.32716498
