microwave 0.89506984 0.37665856 0.23235314 0.47812015 0.3466432
cake 0.87824667 0.52746725 0.17295772 0.86767244 0.39835888
clock 0.688269 0.41494414 0.47267637 0.44728163 0.50034577
cake 0.6793299 0.48308337 0.08975414 0.6841941 0.24906296
clock 0.63189924 0.4766997 0.36277655 0.51877844 0.40070853
couch 0.57087797 0.38287 0.45372513 0.44885483 0.528669
toaster 0.52776444 0.45996937 0.4833136 0.48285457 0.65410084
spoon 0.508092 0.44660923 0.47050622 0.46236864 0.51666343
couch 0.4779313 0.4503853 0.6478248 0.48358133 0.7087444
spoon 0.475473 0.4503853 0.6478248 0.48358133 0.7087444
spoon 0.4474241 0.5006037 0.2782067 0.51819444 0.35097137
banana 0.4326878 0.47234848 0.7153613 0.48485932 0.7745264
banana 0.40099284 0.47404262 0.71706593 0.48417535 0.7334073
spoon 0.32065812 0.51463056 0.2707144 0.52868783 0.35809913
toaster 0.31105345 0.4597422 0.4964988 0.4733987 0.59861356
