cake 0.89927053 0.5346977 0.5875648 0.99414265 0.73780227
cake 0.89394146 0.58845717 0.23705035 0.9972421 0.46865898
wine glass 0.69600034 0.46243215 0.55452514 0.52780837 0.5972165
cake 0.6926746 0.49871835 0.7289053 0.9486721 0.7680563
microwave 0.55086446 0.47838846 0.14169508 0.6162229 0.3375266
sandwich 0.53193 0.57057595 0.41137767 0.59481996 0.43008137
tennis racket 0.5039034 0.41347343 0.06567934 0.51944375 0.08617647
spoon 0.5014318 0.46188402 0.19072975 0.50374913 0.25324517
couch 0.49826604 0.41026044 0.4670569 0.45985103 0.49732134
couch 0.42693445 0.4209099 0.77270526 0.4668196 0.80050236
spoon 0.4087715 0.43657523 0.53226817 0.46026936 0.5676464
clock 0.38806096 0.4495615 0.7746276 0.4664542 0.79077655
cup 0.36819088 0.47333542 0.5225387 0.5278535 0.5383131
couch 0.34703287 0.41940972 0.80358577 0.46854803 0.8256737
couch 0.33718196 0.4187306 0.6306399 0.4565224 0.65440404
tennis racket 0.3148767 0.44508788 0.0408549 0.5456933 0.07045837
