microwave 0.9027891 0.5558631 0.43690455 0.79956394 0.56639194
couch 0.7163213 0.32948685 0.21006684 0.38061482 0.23867919
spoon 0.6917984 0.43287626 0.29568195 0.45362955 0.32638466
couch 0.6533843 0.3858484 0.6419049 0.4424995 0.69045764
clock 0.62610316 0.5037343 0.1622972 0.59222686 0.19852649
knife 0.597994 0.49184316 0.5665539 0.5217262 0.5843509
tennis racket 0.5730757 0.32402745 0.30090174 0.37759176 0.31441107
knife 0.5502451 0.49046582 0.5907863 0.52303505 0.60167366
couch 0.54800826 0.3999262 0.16193333 0.5948752 0.21665561
spoon 0.5075817 0.5373624 0.30287924 0.560538 0.33500424
couch 0.46970662 0.2691608 0.7223948 0.37145486 0.78191006
couch 0.45788535 0.302105 0.3408817 0.37167254 0.39694571
