clock 0.86681163 0.49419862 0.7456914 0.59139323 0.79976714
microwave 0.8379888 0.57652533 0.40627015 0.67106503 0.53467137
couch 0.7769494 0.32461035 0.67065513 0.5943135 0.8174989
wine glass 0.73050296 0.42796758 0.1396234 0.4692327 0.15930653
tennis racket 0.728904 0.50565165 0.50676066 0.5695827 0.5206056
knife 0.6924637 0.48077762 0.26452503 0.5408455 0.29152843
wine glass 0.6617328 0.42666 0.044106245 0.46931714 0.07498589
wine glass 0.64746594 0.42839965 0.09714307 0.46748126 0.109711915
wine glass 0.6419742 0.28851807 0.08882609 0.33692697 0.111182064
sandwich 0.64126235 0.6919226 0.36665133 0.7208696 0.39291123
tennis racket 0.62559235 0.51332873 0.5220643 0.56778055 0.53753567
wine glass 0.6220934 0.43804687 0.16657734 0.47035652 0.19810212
wine glass 0.6181038 0.3089801 0.15925153 0.34128326 0.1825623
spoon 0.61474365 0.46069953 0.568752 0.47802868 0.5897296
wine glass 0.59426165 0.2664544 0.04305233 0.3348766 0.07998576
wine glass 0.5936031 0.2907065 0.10776318 0.3383296 0.13089478
spoon 0.59133023 0.30861536 0.18211128 0.34278706 0.23857678
spoon 0.5865801 0.45164886 0.53998595 0.46102458 0.5571869
wine glass 0.579777 0.43849787 0.19560471 0.4706216 0.22411478
sandwich 0.578787 0.6856869 0.39276397 0.72247386 0.4248485
tennis racket 0.5712831 0.51410866 0.5412004 0.58150256 0.54997635
spoon 0.56311476 0.45495903 0.53966546 0.47596827 0.55746317
wine glass 0.5618897 0.42798272 0.07657307 0.4679281 0.099123575
spoon 0.55480653 0.347323 0.5666783 0.36237937 0.5998272
wine glass 0.52439207 0.42626032 0.11322912 0.468167 0.13961866
wine glass 0.5082989 0.306237 0.135139 0.33953473 0.15765469
wine glass 0.47582617 0.28876504 0.08972369 0.33722374 0.12519856
sandwich 0.47519642 0.6884078 0.35974625 0.7202833 0.42634693
sandwich 0.4594251 0.5336229 0.16045035 0.5509183 0.17397933
sandwich 0.41158524 0.6153033 0.3639665 0.6702151 0.39758548
sandwich 0.40424222 0.5231517 0.16376345 0.5444849 0.20603274
spoon 0.3757333 0.43065816 0.5020145 0.47828758 0.53266084
wine glass 0.37570846 0.42701197 0.11082458 0.46729705 0.124703355
sandwich 0.3723321 0.52465 0.1578238 0.5705733 0.20657536
