cake 0.9292655 0.7516431 0.84680927 0.9986848 0.99929714
microwave 0.90198517 0.5965381 0.4729856 0.82802856 0.59309375
clock 0.7540819 0.5813169 0.8565438 0.6535709 0.881829
spoon 0.7230871 0.78136903 0.65861714 0.86820054 0.7666538
couch 0.7026176 0.5517013 0.22476941 0.6038464 0.28052336
couch 0.66689545 0.35846707 0.0013407618 0.90067774 0.24525245
couch 0.6548485 0.5253957 0.33338937 0.6046523 0.38173226
couch 0.6489714 0.4895259 0.29370344 0.6026933 0.3354764
clock 0.62411004 0.73278356 0.00013125688 0.90033764 0.107016906
spoon 0.6068302 0.7004963 0.7368752 0.7353165 0.79001904
cake 0.5800579 0.71111935 0.31022745 1.0 0.42075956
cake 0.5619783 0.70800245 0.2825276 0.99831676 0.42393765
couch 0.5282866 0.55624044 0.6099326 0.5980389 0.65229625
couch 0.5043844 0.3673298 0.749205 0.6581145 0.9901099
clock 0.45326146 0.5623364 0.2785373 0.6006744 0.28931883
clock 0.36406955 0.56194437 0.2884062 0.6007446 0.2983691
couch 0.3516142 0.52867985 0.27646747 0.60020894 0.29710802
toaster 0.34201625 0.59920686 0.6129556 0.61060494 0.73502564
