spoon 0.899886 0.5916274 0.6788585 0.6517998 0.7565379
couch 0.8373274 0.47519854 0.5449294 0.6538729 0.668337
toaster 0.8209311 0.595463 0.38016385 0.6514629 0.4587577
clock 0.6164139 0.5623334 0.5872712 0.6520669 0.6141983
book 0.5946527 0.22349662 0.16829962 0.26533645 0.18762088
wine glass 0.49654528 0.5459892 0.35792106 0.5849275 0.3783229
book 0.49217263 0.24482337 0.19389729 0.28385928 0.20804973
wine glass 0.46333417 0.42337915 0.49629268 0.44635117 0.50986147
wine glass 0.43934283 0.46864116 0.43135345 0.48759896 0.4453792
wine glass 0.3894898 0.41767046 0.48056078 0.4461872 0.49919856
microwave 0.34535852 0.601221 0.45996246 0.6348183 0.5430705
spoon 0.31642765 0.33917114 0.41997027 0.36705735 0.44033796
spoon 0.30669963 0.33921203 0.4795546 0.36815456 0.49386978
