cake 0.94163793 0.8086888 0.3131979 1.0 0.4255634
cake 0.9215646 0.8026313 0.46551213 0.9981783 0.57102466
book 0.8131172 0.30538243 0.5930979 0.36978453 0.63487124
couch 0.74789554 0.4766009 0.2488207 0.5258325 0.27366042
cake 0.7449944 0.742907 0.59334505 0.9729142 0.62302494
cell phone 0.6925959 0.3803988 0.13834886 0.45531994 0.2258376
clock 0.66356206 0.47292528 0.4060571 0.52076256 0.43359414
book 0.64700705 0.41263625 0.9321329 0.47269502 0.9558478
toaster 0.64664435 0.56320477 0.62523896 0.59848076 0.74492985
clock 0.64397913 0.5516719 0.85431445 0.61306536 0.87550855
couch 0.6403399 0.38726968 0.39061004 0.5199109 0.44959366
microwave 0.6263312 0.3711596 0.13194688 0.6550656 0.23170029
couch 0.59820205 0.4836213 0.5988074 0.53889215 0.6556271
cake 0.5707207 0.5060367 0.2772211 0.5406288 0.3583813
cake 0.5446164 0.8638966 0.77294916 1.0 0.9046553
couch 0.5438947 0.39728802 0.64157134 0.53031456 0.6681586
cake 0.5144355 0.48890206 0.444631 0.5583253 0.4722664
cake 0.49438038 0.7144711 0.20632124 0.7568842 0.27999553
couch 0.4902675 0.43374887 0.8124194 0.61438435 0.9104718
cake 0.34117618 0.7147552 0.18878122 0.9898411 0.28313935
clock 0.33370498 0.50532705 0.608388 0.54092467 0.65187234
donut 0.30604553 0.6260063 0.823009 0.6478055 0.8529031
cake 0.3049952 0.6486354 0.9022923 0.84314543 0.99969274
