tennis racket 0.7382425 0.1955249 0.6995975 0.26105502 0.7514188
tennis racket 0.6310811 0.4045453 0.72450703 0.45153373 0.7439006
tennis racket 0.6067866 0.3929475 0.67546743 0.44864804 0.7018802
tennis racket 0.5856926 0.40386215 0.70148635 0.45021752 0.7247488
tennis racket 0.58261997 0.39664668 0.7470419 0.45228904 0.772568
tennis racket 0.5657078 0.39412922 0.6241014 0.4461972 0.64517844
sink 0.52800786 0.004222572 0.34579608 0.91365844 0.9599678
tennis racket 0.5161898 0.39094016 0.6514761 0.44782355 0.67456204
sink 0.46771 0.001771301 0.37199047 0.99826765 0.9338765
tennis racket 0.40268737 0.5001155 0.83765864 0.53499043 0.8677535
tennis racket 0.38454726 0.40452668 0.73844665 0.45189717 0.75295585
tennis racket 0.34952444 0.40081722 0.8275085 0.45632637 0.8537379
tennis racket 0.31874344 0.27474397 0.6652635 0.3145494 0.7032367
tennis racket 0.30852547 0.33329472 0.622215 0.36429772 0.63883644
tennis racket 0.30228233 0.3914969 0.668783 0.4482208 0.68347293
