cake 0.9674082 0.61066407 0.57051915 0.9290881 0.67508096
cake 0.9663894 0.6138956 0.31288597 0.92693895 0.4173952
cake 0.95219886 0.612998 0.44898742 0.9281988 0.5398851
couch 0.8335424 0.42342818 0.26841083 0.51617295 0.30645195
couch 0.8144781 0.5224651 0.91978645 0.6091709 0.99142444
couch 0.81172514 0.41276726 0.68471384 0.51454824 0.7186383
sink 0.6872807 0.32140082 0.03927222 0.855887 0.16111311
banana 0.65265995 0.53078234 0.36462688 0.53804684 0.3739236
banana 0.5069036 0.51447076 0.3540366 0.5341831 0.3778738
clock 0.3865637 0.5692799 0.93865955 0.6058281 0.9732549
microwave 0.37926242 0.58674407 0.81576306 0.7900138 0.8659294
couch 0.3750741 0.45283023 0.27537045 0.51551646 0.2935036
banana 0.34189558 0.53056026 0.37602013 0.5392707 0.38418704
spoon 0.3413755 0.53261495 0.34628803 0.54885584 0.39108896
banana 0.32377103 0.5262156 0.3525947 0.53694254 0.36437628
