cake 0.93524176 0.5724146 0.459637 0.9602466 0.597197
cake 0.8404165 0.548601 0.6589365 0.91968226 0.78276193
clock 0.7479151 0.42809993 0.509508 0.5269486 0.5646006
sink 0.7461209 0.3174419 0.5614981 0.5068374 0.653547
couch 0.5738381 0.4747932 0.9457685 0.5976109 0.9726591
cake 0.5668446 0.53041345 0.7611981 0.77901906 0.828399
clock 0.56129223 0.52886695 0.94630295 0.59896797 0.9667322
couch 0.547357 0.3080742 0.4706536 0.52702534 0.5953073
clock 0.48578638 0.49695718 0.49328694 0.5226584 0.50758994
microwave 0.4759893 0.35168403 0.41002855 0.45679516 0.45143685
spoon 0.44286177 0.37015423 0.70080495 0.38909632 0.7229779
bird 0.43964133 0.42273507 0.21837778 0.47864115 0.24878217
toaster 0.42127374 0.46970198 0.22593278 0.48906848 0.32571298
cake 0.41880965 0.51648366 0.7978259 0.7660225 0.831523
banana 0.39427638 0.45758542 0.13530113 0.4744482 0.15056871
sandwich 0.3686985 0.45937207 0.12048718 0.47370198 0.13495785
cake 0.33417127 0.56246185 0.34235674 0.89127874 0.4675581
wine glass 0.32651752 0.3215647 0.20619586 0.34759992 0.21656883
sandwich 0.31383705 0.45734924 0.113732584 0.47229904 0.12212794
