couch 0.93775034 0.5495834 0.7282559 0.66172874 0.7914615
cake 0.916328 0.80234635 0.051100753 0.9979575 0.19368103
cake 0.8600046 0.8338438 0.20974876 0.9998832 0.36398762
spoon 0.84904164 0.1754234 0.59936213 0.24206239 0.6694989
cake 0.84251344 0.8674885 0.38408744 1.0 0.55489117
spoon 0.78689504 0.6128061 0.7820029 0.6707331 0.88736475
banana 0.61757904 0.60929424 0.80480945 0.63652426 0.8303193
spoon 0.5820959 0.32847306 0.5584335 0.36456352 0.5967782
spoon 0.56993455 0.31483406 0.601424 0.36259413 0.6370857
clock 0.5668266 0.51083297 0.0022366326 0.64209026 0.042704336
wine glass 0.52864945 0.30703107 0.5300516 0.33970872 0.5592321
toaster 0.46045724 0.642929 0.5641287 0.6619257 0.6742112
banana 0.4475428 0.6190167 0.82770765 0.63630897 0.8491398
banana 0.4151226 0.6051906 0.82270664 0.62890357 0.8449947
tennis racket 0.40820763 0.5562094 0.4588276 0.62156427 0.46877152
spoon 0.40239146 0.29985672 0.7244179 0.35351738 0.7419597
sink 0.38560477 0.7133713 0.64427596 1.0 0.76516086
banana 0.38182983 0.60607207 0.84139735 0.6323518 0.86432856
cake 0.36227852 0.77266735 0.0 1.0 0.05006001
spoon 0.35566416 0.30703107 0.5300516 0.33970872 0.5592321
wine glass 0.35071555 0.31483406 0.601424 0.36259413 0.6370857
banana 0.3443244 0.6190677 0.8633307 0.6308984 0.8744459
sandwich 0.33463377 0.6190167 0.82770765 0.63630897 0.8491398
spoon 0.31365713 0.29647875 0.68192625 0.30762678 0.71027887
