cake 0.91568583 0.7434229 0.7224239 0.99838823 0.7950964
cake 0.71052796 0.6828086 0.6552445 0.9039786 0.69368714
tennis racket 0.49088994 0.3907656 0.26628608 0.4811778 0.2787978
sink 0.48239213 0.23212895 0.902073 0.992728 0.9997401
sandwich 0.4647799 0.53707474 0.6263017 0.5564498 0.6384396
wine glass 0.44752645 0.21533789 0.5896202 0.25900787 0.6084134
wine glass 0.43260893 0.21576522 0.61856645 0.25902623 0.63496655
sandwich 0.42253643 0.52698565 0.61034685 0.5575016 0.6361869
wine glass 0.41856882 0.21735491 0.60325366 0.25862285 0.6202081
wine glass 0.40286332 0.21739335 0.34964925 0.25897193 0.36470634
wine glass 0.40243605 0.21780464 0.36540788 0.258761 0.38097906
tennis racket 0.38789415 0.41333014 0.28209922 0.47993118 0.29948667
wine glass 0.37631077 0.21578439 0.379206 0.25883085 0.39086157
wine glass 0.3657764 0.21721232 0.6322098 0.25826326 0.6441833
wine glass 0.34248587 0.21748243 0.3557938 0.2592787 0.37462345
wine glass 0.33194894 0.21660759 0.38871416 0.25835598 0.40322027
microwave 0.32571858 0.37523714 0.7686062 0.75398576 0.90656936
wine glass 0.31375664 0.22584619 0.44137993 0.2568134 0.4596052
tennis racket 0.31299827 0.3813691 0.29130983 0.47888032 0.30519974
