cake 0.89333797 0.5792653 0.048898805 0.96406 0.28064615
cake 0.8726473 0.58970237 0.26562047 0.9921073 0.5354335
clock 0.80998814 0.41903168 0.27406684 0.51369476 0.33407634
spoon 0.75526 0.53005636 0.3199035 0.5676646 0.45030648
couch 0.6901709 0.40459368 0.8342715 0.4913322 0.9357457
banana 0.6464316 0.49433982 0.109428115 0.5147487 0.13802624
banana 0.6421418 0.4928389 0.14315473 0.5144287 0.16951638
banana 0.5795921 0.47915813 0.21247807 0.49266967 0.26125616
tennis racket 0.5521221 0.42967084 0.34721193 0.48230067 0.3855118
knife 0.4656868 0.42838404 0.38373333 0.4513121 0.40073377
spoon 0.46368548 0.46999472 0.77668524 0.4874953 0.8510296
knife 0.4519094 0.42536107 0.41578183 0.45127591 0.42216247
spoon 0.4424728 0.4909559 0.16109414 0.5128376 0.26586667
wine glass 0.41271207 0.45075658 0.39135027 0.48177287 0.42586476
knife 0.40265593 0.43396217 0.3960768 0.45226723 0.41199335
bowl 0.3586463 0.47018412 0.14289722 0.4936119 0.21895654
sandwich 0.34781185 0.46692216 0.79657084 0.47560263 0.8206951
sandwich 0.34095997 0.46788853 0.82077545 0.47388214 0.8431536
toaster 0.3194302 0.5126387 0.5018712 0.5301548 0.63412476
bowl 0.31728658 0.4909559 0.16109414 0.5128376 0.26586667
fork 0.30988753 0.42838404 0.38373333 0.4513121 0.40073377
