microwave 0.9724043 0.6423199 0.3787892 0.886068 0.5708488
couch 0.88420755 0.24668173 0.16037735 0.34150577 0.22706774
wine glass 0.7111009 0.42206 0.31908348 0.44585583 0.34732476
wine glass 0.6546075 0.38552755 0.16309161 0.44502053 0.18615617
clock 0.61502653 0.38580215 0.19304219 0.44534913 0.21646678
wine glass 0.6046916 0.38580215 0.19304219 0.44534913 0.21646678
clock 0.60445523 0.38552755 0.16309161 0.44502053 0.18615617
wine glass 0.59865344 0.39966914 0.29487002 0.42308787 0.3236699
spoon 0.5904272 0.3226237 0.66406554 0.33858055 0.6850814
wine glass 0.53088266 0.4004607 0.32428688 0.42602462 0.35354733
wine glass 0.5092754 0.4215213 0.28942287 0.44569203 0.3208331
spoon 0.5009093 0.3217753 0.62125397 0.33935714 0.64324236
spoon 0.46091044 0.3221179 0.7109943 0.33832607 0.73273116
wine glass 0.4343167 0.40089414 0.35421723 0.426691 0.37739062
spoon 0.4337828 0.31353503 0.25085917 0.34133404 0.29369816
wine glass 0.40168363 0.53265184 0.76562274 0.5575629 0.7801676
wine glass 0.38482028 0.50600314 0.73938465 0.5610994 0.7800727
wine glass 0.30143136 0.42753834 0.34737724 0.44400573 0.36746246
