couch 0.8032522 0.628468 0.6591785 0.714693 0.70481205
wine glass 0.69106835 0.7048189 0.010883383 0.7537761 0.052932985
wine glass 0.6865637 0.6982242 0.062498048 0.74943453 0.09836422
spoon 0.63592243 0.66371685 0.5044909 0.70948637 0.6145521
couch 0.5535863 0.6206704 0.7003357 0.7156034 0.74839026
spoon 0.48881078 0.6352573 0.503728 0.7091453 0.6119117
toaster 0.48106292 0.72461313 0.67897487 0.7526938 0.84101117
knife 0.4734729 0.6094737 0.40033028 0.64283174 0.42150554
knife 0.47207955 0.60283065 0.4328174 0.6432803 0.45120406
knife 0.40447524 0.60323983 0.42783788 0.6435484 0.4364268
knife 0.35567084 0.6007526 0.41104198 0.6423058 0.43015718
bowl 0.34923697 0.69461924 0.84701794 0.74564165 0.9439741
microwave 0.31198046 0.70043063 0.11248191 0.74992245 0.43819988
knife 0.30909193 0.60480636 0.44452944 0.6427281 0.45826092
bowl 0.30427027 0.7076838 0.9009123 0.7433631 0.9448378
