couch 0.8473495 0.55471164 0.033109605 0.72825915 0.16586
toaster 0.8439329 0.63553655 0.7078687 0.70577 0.9199041
microwave 0.83932644 0.60114264 0.13205053 0.99015987 0.41120344
cake 0.8360508 0.4565196 0.8033159 0.59593475 0.88088703
spoon 0.7866491 0.33276826 0.6284245 0.3610145 0.66349494
couch 0.7400141 0.47360128 0.3664836 0.54854417 0.4172077
spoon 0.69137114 0.3449504 0.56415147 0.3608021 0.5894663
wine glass 0.64057475 0.17564107 0.11479002 0.28065437 0.14609861
wine glass 0.52308303 0.44039258 0.58631927 0.45748684 0.5961005
spoon 0.5196922 0.440686 0.6164358 0.45833883 0.6382075
wine glass 0.51559365 0.080012746 0.00024641864 0.21995865 0.040224478
spoon 0.48364753 0.3393411 0.5952317 0.36103863 0.62448925
spoon 0.46753457 0.15915379 0.027889976 0.2399859 0.06700362
cake 0.4663325 0.55272114 0.9622832 0.6218018 1.0
tennis racket 0.41882184 0.5416516 0.25792813 0.6030965 0.27587068
spoon 0.41433957 0.42749766 0.64040077 0.45620102 0.6586993
chair 0.39904928 0.52693105 0.9358949 0.60423166 0.99662215
chair 0.39610353 0.53635716 0.8775158 0.5953579 0.94042695
spoon 0.38877502 0.4404446 0.49957228 0.4576379 0.5225618
cake 0.38847512 0.52693105 0.9358949 0.60423166 0.99662215
cake 0.36744428 0.53635716 0.8775158 0.5953579 0.94042695
spoon 0.33931857 0.44070593 0.596742 0.45804873 0.615148
wine glass 0.328512 0.44070593 0.596742 0.45804873 0.615148
chair 0.32076252 0.55272114 0.9622832 0.6218018 1.0
