cake 0.95017934 0.42070782 0.40411258 0.56017405 0.4840616
microwave 0.8922278 0.44890937 0.68658507 0.5438234 0.8728243
wine glass 0.8913639 0.5490674 0.632379 0.60442704 0.6772116
tennis racket 0.7456431 0.48533124 0.03126995 0.5968108 0.061174396
cake 0.62788373 0.80138797 0.76193035 0.99729127 0.9998381
tennis racket 0.6168625 0.49053738 0.0064289393 0.60508853 0.03392222
knife 0.5557714 0.4341755 0.65334886 0.45163968 0.6645705
spoon 0.49067286 0.44120294 0.6219281 0.47174135 0.6686207
sink 0.38626242 0.25040865 0.22958666 0.7320836 0.3202535
couch 0.3746123 0.37392002 0.38166198 0.42547175 0.4403248
cell phone 0.3710756 0.04180181 0.25139967 0.19528037 0.30021617
wine glass 0.36576715 0.4512651 0.8934306 0.47790956 0.9093199
clock 0.35404637 0.40695128 0.4028318 0.4243447 0.4122879
spoon 0.34588557 0.44913003 0.9219805 0.4719783 0.9650568
spoon 0.34496972 0.42937085 0.5785535 0.4648884 0.61291665
sink 0.33956045 0.252666 0.22628415 0.7702514 0.31680298
clock 0.33571777 0.40708014 0.40229878 0.44257155 0.41248313
cake 0.30728534 0.80328965 0.83196026 0.9954435 0.99911255
