cake 0.9038022 0.5884489 0.8678512 0.7667947 0.94702536
cake 0.8664958 0.5805567 0.78267485 0.7498792 0.853628
cake 0.7284302 0.59052867 0.9571832 0.77655554 0.99968296
banana 0.68648 0.6198423 0.51391757 0.66026896 0.54626274
banana 0.60071164 0.5799747 0.49550098 0.6273824 0.52629477
banana 0.5691326 0.6225909 0.48512778 0.6597662 0.51628256
couch 0.54317236 0.43722743 0.703832 0.4713975 0.7214127
sandwich 0.51209307 0.62355894 0.5444587 0.6573166 0.5683649
banana 0.46900865 0.62355894 0.5444587 0.6573166 0.5683649
couch 0.42958418 0.55938035 0.8208015 0.59181994 0.8543848
toaster 0.32115877 0.57323045 0.045117885 0.59252065 0.12228647
