cake 0.9199533 0.5105779 0.83441156 0.9954537 0.98152155
couch 0.8911694 0.3586271 0.5008699 0.5031541 0.57961184
couch 0.7538927 0.48305824 0.7967386 0.5655877 0.8795222
cell phone 0.750558 0.37614805 0.46068984 0.41650087 0.49647707
microwave 0.6443484 0.3588339 0.7966082 0.5251563 0.91282475
clock 0.60749227 0.45098725 0.5298513 0.50230503 0.54719794
spoon 0.53000635 0.5243689 0.79468524 0.5595146 0.8274915
clock 0.38090512 0.5436019 0.84046334 0.5614578 0.8509049
spoon 0.36122176 0.52617663 0.41018188 0.53740555 0.43094766
wine glass 0.3586223 0.3292569 0.73342407 0.3588429 0.7459903
wine glass 0.3135752 0.3286657 0.718752 0.35963294 0.7293395
clock 0.30661967 0.52896553 0.7783609 0.56475645 0.7977943
