cake 0.96964663 0.6420968 0.43014377 0.9991254 0.5977809
cake 0.93929964 0.6286674 0.6755453 0.9627834 0.82093745
cake 0.8825893 0.6347106 0.5550199 0.99740267 0.71481127
clock 0.8339194 0.53890216 0.70342124 0.644443 0.73659945
couch 0.7107742 0.52942514 0.13006793 0.58141047 0.16146548
microwave 0.59283364 0.6212281 0.82720244 0.73802346 0.92003405
cell phone 0.5625079 0.46163043 0.82989234 0.55730164 0.91048545
tennis racket 0.47114995 0.55361843 0.46516854 0.58699954 0.47519916
clock 0.45439273 0.23009533 0.9670272 0.27853772 0.99779046
fork 0.4377634 0.50608355 0.20179358 0.53160053 0.20605674
couch 0.41317216 0.5263544 0.09845088 0.5834302 0.16355804
toaster 0.4122906 0.59600824 0.47054392 0.6055955 0.5414967
toaster 0.31532046 0.58960634 0.25652343 0.6029703 0.38950336
