cake 0.94843686 0.5345561 0.49081886 0.9558647 0.6298616
cake 0.9131897 0.5333088 0.3397054 0.9559604 0.4769256
clock 0.75105065 0.449506 0.6302771 0.4803124 0.6473395
sandwich 0.5930988 0.484842 0.46873352 0.50758886 0.50365293
microwave 0.55589145 0.48113352 0.7049458 0.78376096 0.93909276
wine glass 0.5407021 0.3561586 0.37564173 0.39296052 0.38758227
spoon 0.53526103 0.46162865 0.38256794 0.4788031 0.4322862
toaster 0.5045891 0.47618368 0.50859785 0.49472144 0.59770966
couch 0.4953388 0.42093885 0.6144872 0.47914225 0.66242933
sandwich 0.45352036 0.45759645 0.4058157 0.4642543 0.41203752
wine glass 0.43862277 0.37735713 0.4465114 0.39313146 0.45577002
wine glass 0.42063388 0.35835752 0.41051677 0.39164525 0.422159
spoon 0.39998493 0.48583338 0.4593751 0.54185534 0.5109664
sandwich 0.39995557 0.45660704 0.39669684 0.4646447 0.4048057
wine glass 0.36478046 0.37646583 0.43058714 0.39278775 0.44162884
spoon 0.3586901 0.3708684 0.72482055 0.39158446 0.7457736
wine glass 0.33146414 0.35617363 0.38768926 0.39230737 0.3995193
wine glass 0.32535118 0.29064554 0.9598985 0.30704382 0.99024594
wine glass 0.32528868 0.35747835 0.39957616 0.39206785 0.4104887
spoon 0.30270115 0.30197728 0.7532081 0.3207336 0.7832659
