cake 0.9047966 0.8356971 0.6030487 1.0 0.7443055
cake 0.8264606 0.7812362 0.6623536 0.994637 0.786112
cake 0.79726666 0.9056391 0.5473148 0.9982973 0.6911089
spoon 0.7831945 0.5218507 0.1961843 0.5596884 0.250623
cake 0.7794728 0.73813486 0.7063641 0.9996921 0.83012587
wine glass 0.7688651 0.5711958 0.5293649 0.6404501 0.568554
clock 0.74777466 0.46753576 0.6976963 0.5558424 0.73780024
wine glass 0.698251 0.6450063 0.46554652 0.6980829 0.51208305
tennis racket 0.69437253 0.4872478 0.10672769 0.58529586 0.12967795
wine glass 0.6868893 0.611261 0.54847926 0.6558904 0.587979
wine glass 0.66893876 0.5873006 0.61095357 0.6229379 0.64281964
sandwich 0.63715994 0.52270854 0.91753775 0.5452557 0.9382569
sandwich 0.6294267 0.5230613 0.93764704 0.5473346 0.9601292
wine glass 0.6201743 0.5652679 0.6643677 0.59969324 0.6969044
wine glass 0.60430366 0.57028353 0.47824177 0.64397156 0.52324754
sandwich 0.598075 0.5222803 0.87576884 0.5456563 0.8965494
wine glass 0.5886111 0.27070805 0.97453827 0.30036405 0.99183685
spoon 0.577418 0.6448531 0.4648495 0.69777656 0.51073575
spoon 0.568505 0.16759287 0.9740451 0.21300982 1.0
couch 0.5683431 0.5098204 0.5721851 0.5483964 0.59711343
banana 0.5634907 0.50624675 0.3531703 0.5266633 0.36638656
couch 0.55120486 0.44378832 0.5828556 0.54610413 0.633237
sandwich 0.53539777 0.52366316 0.89661247 0.54475605 0.9173731
wine glass 0.5291782 0.3536471 0.42189252 0.38185167 0.4334982
spoon 0.5248038 0.36677822 0.9829347 0.38017052 0.99885523
spoon 0.5216209 0.2814855 0.8853222 0.30598968 0.9135746
sandwich 0.5212321 0.5235892 0.9605294 0.54926085 0.9836884
toaster 0.5164821 0.6208142 0.3180428 0.6458612 0.4375947
banana 0.5142553 0.50702 0.30797705 0.52850693 0.32343414
wine glass 0.5087921 0.3527262 0.47728828 0.38034704 0.4869769
knife 0.48757222 0.47946087 0.00766252 0.5306779 0.03498922
banana 0.48722714 0.505516 0.3351209 0.5285656 0.35331497
spoon 0.464153 0.5348552 0.5758213 0.5495146 0.593842
spoon 0.46075627 0.611261 0.54847926 0.6558904 0.587979
microwave 0.45446008 0.57357556 0.0003009066 0.76760995 0.13612786
spoon 0.44392926 0.5873006 0.61095357 0.6229379 0.64281964
sandwich 0.44213519 0.51557815 0.321428 0.5284144 0.3333453
spoon 0.43684915 0.21219802 0.8894965 0.24127877 0.9418885
clock 0.42639792 0.5348552 0.5758213 0.5495146 0.593842
wine glass 0.42563653 0.36677822 0.9829347 0.38017052 0.99885523
spoon 0.422395 0.27329487 0.9289549 0.30399385 0.9481203
sandwich 0.42131582 0.50702 0.30797705 0.52850693 0.32343414
sandwich 0.41939694 0.4990914 0.3206665 0.52272785 0.33803344
spoon 0.41933763 0.5394126 0.87302977 0.5679144 0.98997635
wine glass 0.41768697 0.35190454 0.49175337 0.38031492 0.50648665
wine glass 0.4170439 0.350725 0.47858107 0.3810162 0.5028516
wine glass 0.41518605 0.27996975 0.4022994 0.32364443 0.41356897
wine glass 0.4144852 0.28237393 0.42266336 0.3221354 0.43826142
wine glass 0.4136804 0.35430497 0.3951273 0.3811214 0.40713495
wine glass 0.41194195 0.27329487 0.9289549 0.30399385 0.9481203
wine glass 0.40911075 0.35800105 0.40660945 0.38144672 0.41629764
spoon 0.40004012 0.47071832 0.29300418 0.5208481 0.33519533
knife 0.3934514 0.48211658 0.060790345 0.52272606 0.08137895
banana 0.3774667 0.47215444 0.29688564 0.48594508 0.30979308
banana 0.36807793 0.51557815 0.321428 0.5284144 0.3333453
wine glass 0.3613874 0.28893888 0.49288747 0.3191305 0.5097319
wine glass 0.3598199 0.28816915 0.46663302 0.32009894 0.48328942
wine glass 0.33303985 0.35028338 0.5060871 0.37904826 0.5152218
knife 0.32010597 0.47993696 0.046412863 0.5305142 0.06040214
knife 0.30884957 0.48194328 0.035676327 0.5308313 0.052226353
wine glass 0.30420998 0.27892616 0.9951078 0.2985234 0.99970406
