cake 0.9657966 0.61446595 0.63074464 0.9251917 0.74019986
cake 0.95264554 0.61225694 0.2799519 0.92725664 0.39013883
cake 0.93598723 0.61233044 0.46464103 0.9281011 0.56088
sink 0.91564536 0.35773632 0.12593876 0.6234555 0.23756652
sink 0.91397554 0.37649447 0.7692943 0.60772616 0.8350082
wine glass 0.7027064 0.3077756 0.2759338 0.34071594 0.29885298
spoon 0.5672427 0.3929983 0.31026885 0.4150308 0.336238
spoon 0.56047785 0.40024412 0.29057482 0.41652754 0.30983964
spoon 0.55103636 0.59232694 0.40741068 0.619061 0.46610242
banana 0.5492149 0.57718575 0.42758757 0.5980474 0.44522822
spoon 0.5461696 0.3997982 0.34109515 0.41633758 0.36730236
spoon 0.54423326 0.46401206 0.96427727 0.49340212 0.99880683
spoon 0.47264525 0.4705845 0.69212025 0.48834485 0.7104632
toaster 0.4686829 0.5724314 0.44840994 0.58953357 0.5563888
spoon 0.43271643 0.40968546 0.6465274 0.41827163 0.664176
spoon 0.41844925 0.39541566 0.26168594 0.41197872 0.29118356
toaster 0.4144493 0.5785123 0.63104403 0.59541166 0.76282656
microwave 0.3893127 0.60913 0.97286695 0.849172 1.0
spoon 0.353511 0.40461394 0.6924135 0.4202682 0.7080036
spoon 0.33808035 0.39131588 0.9693397 0.4136464 0.99313974
spoon 0.33804786 0.4001469 0.72194016 0.41747636 0.7443793
spoon 0.30359653 0.37133178 0.97943544 0.39401194 0.99538624
wine glass 0.300991 0.40324676 0.70900494 0.41922626 0.7232979
