sink 0.97459275 0.40857017 0.79464304 0.79813117 0.959319
cake 0.9631215 0.60807496 0.41846588 0.8549142 0.5466324
cake 0.9506949 0.59983546 0.27703428 0.84325486 0.40715164
spoon 0.935621 0.8359311 0.1493249 0.9343578 0.2822531
cake 0.925976 0.61237526 0.5586186 0.96654946 0.68886584
cake 0.91615176 0.8194797 0.4949868 0.9919665 0.64237136
clock 0.8716557 0.52152026 0.43572816 0.5889299 0.46689942
microwave 0.7785574 0.42602447 0.36344972 0.5799877 0.4618931
knife 0.6906713 0.9463306 0.13070783 0.97628427 0.24851906
cake 0.68422085 0.72386575 0.0 0.91900885 0.097721204
cat 0.6660004 0.69624704 0.17651455 0.776551 0.21992527
knife 0.6560951 0.96153885 0.14333972 0.9955608 0.25863954
spoon 0.59432083 0.5669209 0.6274954 0.59494346 0.71022594
sandwich 0.5902192 0.54867554 0.6791513 0.56918806 0.69811153
sandwich 0.5838764 0.55039316 0.65996754 0.5686397 0.68077755
spoon 0.566039 0.5596702 0.5675988 0.5843498 0.62115157
sandwich 0.472717 0.5513702 0.6385685 0.5683115 0.6497123
toaster 0.45954964 0.5819145 0.22954422 0.5923216 0.26637733
sandwich 0.45246077 0.55529547 0.6470422 0.5697044 0.6618287
tennis racket 0.44860506 0.5318903 0.19971457 0.5922899 0.21354061
wine glass 0.42730084 0.5902442 0.8283536 0.6186643 0.84963924
sandwich 0.42432258 0.5435805 0.65182036 0.56654453 0.67320436
bird 0.35646954 0.69624704 0.17651455 0.776551 0.21992527
banana 0.3328474 0.54867554 0.6791513 0.56918806 0.69811153
banana 0.31950748 0.55039316 0.65996754 0.5686397 0.68077755
