cake 0.97294766 0.622709 0.5302424 0.9586367 0.8090123
couch 0.93530154 0.44363046 0.18781267 0.61494994 0.40081358
clock 0.8712245 0.53215444 0.2603867 0.6106386 0.33630976
sink 0.6833099 0.40592554 0.0 0.5827085 0.14184265
clock 0.6763489 0.4449132 0.4527258 0.5124532 0.48465332
couch 0.6396782 0.46655732 0.49503005 0.51318425 0.54253817
sink 0.6158294 0.39231664 0.89450336 0.80677706 1.0
couch 0.5346189 0.37452072 0.43418136 0.51301414 0.5122791
banana 0.51820385 0.5649851 0.67572314 0.57306045 0.68646485
banana 0.4655356 0.5614078 0.65450144 0.57303596 0.6862031
banana 0.44116867 0.55656564 0.6849167 0.57000923 0.699028
banana 0.36681676 0.5613709 0.6421172 0.5733468 0.66012913
clock 0.36392167 0.49239776 0.49752256 0.51267236 0.5277211
banana 0.3506581 0.56184393 0.7019253 0.5753806 0.71937466
