cake 0.9622441 0.6024927 0.06009248 0.99599826 0.23251855
clock 0.9605314 0.53888136 0.3372473 0.6645887 0.39348584
cake 0.8459287 0.76377136 0.23707832 0.9977144 0.5558202
cake 0.84059244 0.7188673 0.25439483 0.86682945 0.38911563
tennis racket 0.78817177 0.54799294 0.25469777 0.6750152 0.28844735
cake 0.7536048 0.56916946 0.24892357 0.6462353 0.33167866
wine glass 0.67117715 0.6315453 0.19044706 0.6925823 0.2219849
toaster 0.6526795 0.5649796 0.73357296 0.60495543 0.93357253
wine glass 0.61261016 0.62613034 0.226178 0.68784887 0.25547522
spoon 0.5994874 0.5082523 0.66634804 0.5748149 0.7302038
sink 0.597885 0.21634369 0.42847317 0.820229 0.5917788
tennis racket 0.56649226 0.056716416 0.8661515 0.10408983 0.8961292
