book 0.91782695 0.26288834 0.34827262 0.40145504 0.43925256
sink 0.91229033 0.3404932 0.55313903 0.6050059 0.6449644
cake 0.9109485 0.6707529 0.4877742 0.9506093 0.59319395
cake 0.8113799 0.6197619 0.35037237 0.8624611 0.4431215
cell phone 0.70609397 0.24319744 0.55442697 0.33636233 0.63799435
couch 0.5982995 0.4427321 0.79707825 0.5699171 0.8625859
tennis racket 0.5824859 0.48780173 0.08020701 0.5972134 0.10191142
clock 0.5649979 0.50115347 0.80857563 0.57060117 0.851719
tennis racket 0.5169006 0.48664278 0.10213992 0.58880997 0.12223829
book 0.51343596 0.22464043 0.8376437 0.26396596 0.8515037
toaster 0.501228 0.54802686 0.12396146 0.59145886 0.21577562
cake 0.41159302 0.59749997 0.370746 0.8136157 0.45347324
book 0.40792572 0.37318337 0.21472304 0.42762083 0.23306541
sandwich 0.3595057 0.47638908 0.528506 0.4898348 0.5442695
microwave 0.3492845 0.5770093 0.91842157 0.986851 0.999631
cake 0.3231012 0.6036444 0.37133574 0.63554156 0.44707495
