microwave 0.87850463 0.65744174 0.0015399233 0.98857206 0.23727006
sandwich 0.61271566 0.59634507 0.38726854 0.6263173 0.40841705
microwave 0.60881907 0.46117494 0.9191487 0.6118232 0.99968636
spoon 0.6083831 0.18244979 0.20516552 0.23182938 0.22710167
spoon 0.562407 0.18572697 0.3746414 0.20669523 0.432906
microwave 0.54223657 0.006009751 0.0 0.36236307 0.13522416
spoon 0.53993124 0.3289596 0.20538731 0.35279992 0.24247704
spoon 0.5060829 0.35166514 0.20470096 0.39001557 0.26212618
sandwich 0.48079795 0.592313 0.40440908 0.6206394 0.42498985
spoon 0.4755505 0.3688817 0.28876796 0.38684028 0.3484759
spoon 0.45606214 0.18798953 0.29315284 0.22827533 0.35367486
cell phone 0.45238307 0.03584925 0.0 0.3669905 0.1353046
cell phone 0.45016652 0.46117494 0.9191487 0.6118232 0.99968636
toaster 0.44790354 0.60496646 0.6726561 0.6398417 0.90175337
spoon 0.4425803 0.35500023 0.28891212 0.36460772 0.34887052
spoon 0.40471876 0.3426556 0.28917298 0.3548387 0.34927115
spoon 0.40276957 0.3412873 0.3674215 0.3552309 0.44066763
spoon 0.38877538 0.22189465 0.2933927 0.23944753 0.35257968
spoon 0.36866888 0.21505979 0.37451324 0.23772992 0.43229505
spoon 0.34354174 0.37434414 0.3690109 0.39266977 0.4408256
