wine glass 0.8889707 0.63328445 0.4092106 0.6843771 0.5243868
clock 0.8619964 0.005100824 0.40893582 0.23307654 0.56625056
clock 0.8112881 0.5112387 0.8207216 0.6162752 0.9107115
wine glass 0.7849971 0.56334054 0.23972014 0.65260625 0.38776314
wine glass 0.7545647 0.5888884 0.40361458 0.64989424 0.47182438
wine glass 0.6317257 0.30158076 0.9109551 0.31384042 0.94280916
bench 0.59661674 0.56731546 0.68248934 0.6142484 0.72964656
spoon 0.52658814 0.608665 0.5413266 0.66779125 0.70658
wine glass 0.5225522 0.59749967 0.34305584 0.655894 0.41000232
spoon 0.5223462 0.5889773 0.4703668 0.6205905 0.5520491
spoon 0.50718546 0.63305837 0.41318333 0.6844011 0.52587765
spoon 0.45593333 0.5975032 0.49623254 0.6476811 0.60825056
spoon 0.33231536 0.29350534 0.8686771 0.31142846 0.9041481
wine glass 0.32744464 0.29268765 0.9375494 0.31330597 0.967235
