cake 0.9607042 0.65629774 0.46966016 0.99919754 0.6199608
cake 0.95032144 0.6404811 0.34268463 0.9955208 0.47360575
microwave 0.91449445 0.55042183 0.17876525 0.7799673 0.35508847
couch 0.7839378 0.44756588 0.50588185 0.6252853 0.629505
spoon 0.7175134 0.5987459 0.5740873 0.63551956 0.61872095
clock 0.712008 0.57015455 0.55175894 0.6269917 0.5797829
tennis racket 0.6331579 0.5156824 0.3591785 0.56961966 0.37247172
spoon 0.6036619 0.42484817 0.85133713 0.4454291 0.8784117
fork 0.60213935 0.52711976 0.32530263 0.54460126 0.33343592
knife 0.59060514 0.4800278 0.25500005 0.53647625 0.2632562
sink 0.55608773 0.393289 0.9189979 0.8193264 0.96902883
knife 0.5487516 0.4812139 0.23055114 0.5433923 0.23988171
fork 0.49399498 0.5477049 0.32888076 0.56084746 0.33995834
microwave 0.49317738 0.56647885 0.34996593 0.6340598 0.42056566
couch 0.4868315 0.5226752 0.76329255 0.56437576 0.7896842
sandwich 0.46309763 0.5954009 0.58924365 0.606638 0.60803807
knife 0.4303253 0.4787788 0.21079601 0.5473767 0.22371037
cake 0.42713496 0.5494031 0.493767 0.59212315 0.54298025
tennis racket 0.42659128 0.5089839 0.34587562 0.56706005 0.3583055
cell phone 0.38190898 0.5107328 0.3769004 0.5478754 0.43435064
sandwich 0.35481438 0.5959231 0.58120155 0.60709614 0.59262574
knife 0.32401162 0.47972775 0.26611692 0.5329749 0.2746486
knife 0.31811705 0.48102185 0.27388284 0.5308293 0.2864028
