cake 0.8841563 0.8362393 0.06561629 0.9962027 0.28874463
cake 0.87782663 0.5223407 0.657163 0.7031264 0.7521069
cake 0.8455523 0.5218773 0.56618625 0.69139385 0.64915186
cake 0.8281535 0.52411336 0.31144264 0.68983257 0.3795646
cake 0.81167114 0.8355032 0.67469275 0.9979048 0.9077709
cake 0.7968454 0.831214 0.39639178 0.99161386 0.6138991
cake 0.7844212 0.5220077 0.4901612 0.7016577 0.56010073
cake 0.72765464 0.5223972 0.22909729 0.677831 0.3130721
cake 0.62460726 0.52224374 0.39541054 0.6998272 0.46197736
clock 0.5971686 0.44085076 0.6181112 0.51579213 0.6412
cell phone 0.54709136 0.41859072 0.72055566 0.45660213 0.74483407
cake 0.4284382 0.6707772 0.59073937 0.70652175 0.724236
tennis racket 0.40646183 0.462771 0.8183813 0.52239734 0.84181273
spoon 0.38623974 0.49710816 0.5318265 0.51466423 0.55752635
cake 0.38571268 0.49404368 0.9346716 0.5321863 0.9740302
cake 0.3399978 0.70938104 0.0 0.9949845 0.05890483
toaster 0.33558866 0.51506454 0.42821246 0.531633 0.53581774
cake 0.32127133 0.71176624 0.8965627 0.82732844 0.9996941
