cake 0.9373387 0.73032117 0.30977997 0.9988963 0.41219404
cake 0.93628865 0.72423905 0.52765995 1.0 0.6261862
couch 0.93115276 0.42297345 0.08456111 0.7055345 0.16886416
cake 0.8618104 0.7257929 0.737847 1.0 0.836939
microwave 0.82732654 0.35560894 0.75036865 0.50614613 0.8566821
clock 0.6371477 0.63042563 0.12815358 0.7011388 0.15664877
tennis racket 0.55569637 0.45830834 0.43113112 0.51097023 0.45343143
couch 0.5515335 0.42055833 0.38987884 0.46016005 0.40360197
tennis racket 0.5091286 0.44597733 0.40761334 0.50950617 0.4315949
clock 0.44478634 0.44597733 0.40761334 0.50950617 0.4315949
knife 0.40546018 0.49277627 0.77181715 0.5419748 0.7806346
knife 0.32288942 0.4951521 0.7817155 0.5441485 0.79469347
fork 0.3106928 0.49463734 0.78460205 0.54455006 0.8063991
