couch 0.90372044 0.3566415 0.53203285 0.62539136 0.6599772
cake 0.86780506 0.6773531 0.62548554 1.0 0.7766571
clock 0.8408168 0.50726295 0.55912286 0.63106537 0.6063486
couch 0.8243493 0.30346173 0.80379045 0.4209025 0.8739947
couch 0.78804815 0.43360886 0.9598265 0.56791615 0.99934095
fork 0.70004517 0.54093486 0.13990754 0.5639393 0.15191403
fork 0.6477546 0.51736045 0.13657999 0.5425328 0.1485635
toaster 0.6474172 0.61181295 0.38333362 0.6446599 0.5431602
fork 0.5594411 0.5398227 0.14602593 0.5646323 0.1620298
cake 0.51909006 0.6523521 0.7667243 0.9594974 0.86263674
cake 0.50507224 0.6477521 0.79007494 0.9538973 0.8625803
toaster 0.4901942 0.55481905 0.80194944 0.568615 0.8500765
fork 0.45384094 0.51528484 0.14886895 0.5437486 0.1605637
clock 0.34767497 0.54875284 0.9694883 0.5688577 0.9899755
wine glass 0.32200396 0.3736537 0.37272248 0.4008875 0.38924822
