cake 0.88676304 0.6063033 0.0835865 0.9141241 0.34367517
clock 0.7061058 0.5116129 0.05202069 0.54046786 0.07924055
clock 0.5800128 0.50939465 0.56156224 0.54161584 0.59188676
sink 0.5349354 0.38313752 0.81820005 0.753645 1.0
couch 0.52943504 0.4897114 0.7716174 0.5225271 0.8253795
clock 0.5077528 0.5143773 0.30705598 0.5601172 0.36439064
cake 0.4058208 0.5648937 0.025043791 0.750775 0.08635804
cake 0.40554753 0.5652706 0.030681493 0.79015595 0.13900878
couch 0.40061978 0.48947215 0.5527885 0.5393144 0.60095423
cake 0.38071185 0.5642908 0.02631988 0.78291935 0.1086422
