cake 0.95105374 0.69776815 0.6680066 0.9940667 0.91428334
cake 0.9060324 0.8242094 0.24158165 0.9989285 0.40393707
sink 0.89437675 0.4069176 0.79254246 0.6348475 0.93200696
microwave 0.8567583 0.5746234 0.21551612 0.6695037 0.38315448
cell phone 0.83564025 0.5587664 0.0049234033 0.63479584 0.123117045
cake 0.79422957 0.87778866 0.38197204 1.0 0.57473195
cake 0.67163914 0.64312553 0.8072504 0.99030685 0.9547918
cake 0.6670833 0.69698507 0.76354504 0.77961516 0.818259
clock 0.6140222 0.585842 0.58630574 0.6454221 0.6207596
couch 0.60417515 0.539812 0.17388792 0.6067188 0.21914484
microwave 0.53192496 0.5768543 0.26975197 0.668344 0.38330448
couch 0.5124427 0.5361186 0.56775314 0.638173 0.64055794
cake 0.46516794 0.6023041 0.8693858 0.65327394 0.9372719
toaster 0.45231622 0.5680571 0.64336497 0.5806882 0.72574
sink 0.34353125 0.47280654 0.9343037 0.770355 1.0
toaster 0.3389891 0.5977442 0.48710567 0.62180686 0.571618
toaster 0.33136827 0.5584875 0.47290796 0.5703859 0.5479395
microwave 0.32266197 0.5587664 0.0049234033 0.63479584 0.123117045
