cake 0.9632584 0.5882784 0.7541239 0.8695043 0.8419169
cake 0.95201266 0.58240443 0.6785455 0.8427462 0.76144874
cake 0.9356225 0.57775086 0.8670874 0.8543081 0.9664467
cake 0.9225402 0.71560645 0.35433418 1.0 0.5102838
cake 0.8553855 0.6503766 0.32930323 0.8197179 0.44070867
clock 0.672805 0.6396818 0.2394218 0.6858557 0.26571095
couch 0.6429177 0.46559924 0.61509246 0.5837109 0.69320554
cake 0.62191194 0.68908674 0.20996553 0.99256015 0.33492756
sandwich 0.60242736 0.53620243 0.5701733 0.54819214 0.5815992
clock 0.5654309 0.5439262 0.6450729 0.5889522 0.66126615
couch 0.5577053 0.5992401 0.22387375 0.68591994 0.2777829
tennis racket 0.5226395 0.52766067 0.69467753 0.55784625 0.70123893
sandwich 0.5117118 0.5430097 0.5616725 0.5620174 0.574385
sandwich 0.50319296 0.57444763 0.7427205 0.5886378 0.7530762
toaster 0.46486995 0.5721304 0.65129167 0.5924404 0.6877722
spoon 0.44660544 0.69342834 0.3654316 0.71716833 0.40503418
sandwich 0.42840397 0.54623604 0.5733938 0.56336975 0.5865606
toaster 0.41515395 0.5712397 0.45304936 0.5836839 0.550391
sandwich 0.35421005 0.58619994 0.7330456 0.59901077 0.74878395
wine glass 0.34732255 0.5651498 0.8224438 0.61112636 0.83682173
banana 0.33912346 0.5409157 0.58881855 0.56341296 0.60400486
sandwich 0.33786526 0.533477 0.5963835 0.5595516 0.60832256
cake 0.3311131 0.65922993 0.32632428 0.93826675 0.4434021
spoon 0.32458594 0.5721304 0.65129167 0.5924404 0.6877722
spoon 0.32420385 0.5387313 0.56576407 0.5673956 0.60836625
toaster 0.31796739 0.5705062 0.48553857 0.5832115 0.5495799
