cake 0.951566 0.6061195 0.6310464 0.99942243 0.92059267
couch 0.8407812 0.4933989 0.62115896 0.6199119 0.8390846
tennis racket 0.70717275 0.5059249 0.35188466 0.5304422 0.365542
tennis racket 0.69134223 0.50426126 0.37542582 0.53084517 0.3880856
tennis racket 0.64860266 0.5057507 0.36390764 0.53081185 0.37687197
microwave 0.5449562 0.5378704 0.3114592 0.60760176 0.34831262
spoon 0.5313239 0.55621725 0.18811391 0.56606084 0.22186986
couch 0.45514706 0.4854405 0.17069432 0.5648041 0.22393501
toaster 0.42467514 0.53972125 0.43378603 0.5580889 0.49687544
toaster 0.37272656 0.5378054 0.38960534 0.56108075 0.49767086
microwave 0.36348045 0.35011473 0.4977261 0.4889039 0.58076304
microwave 0.35510144 0.49222797 0.49478438 0.5821293 0.57914126
cell phone 0.32099125 0.35011473 0.4977261 0.4889039 0.58076304
