cake 0.9594674 0.66159385 0.11622834 0.9900388 0.318278
cake 0.94937843 0.6619392 0.70264626 0.98280436 0.9044531
cake 0.8876972 0.6576835 0.42695 0.9794961 0.59397435
spoon 0.5453506 0.47925305 0.34642884 0.5004982 0.3994018
spoon 0.51289403 0.48145178 0.5929569 0.49835518 0.6295647
couch 0.39812362 0.5611848 0.19053482 0.62140995 0.33812982
spoon 0.39804056 0.47316343 0.21296932 0.49937767 0.26585788
spoon 0.38179585 0.48692435 0.47706702 0.5000942 0.53375375
couch 0.35699755 0.47537732 0.702723 0.49833107 0.7366174
couch 0.3341172 0.47830817 0.7407375 0.49954197 0.778248
