cake 0.9503278 0.6843706 0.50433457 0.94532615 0.7307798
cake 0.91673565 0.6532872 0.6490681 0.85976017 0.8212055
clock 0.87479144 0.5057228 0.16402298 0.5702359 0.23041783
spoon 0.7339415 0.3183216 0.85584354 0.3410383 0.91643083
spoon 0.7240659 0.29881248 0.5136327 0.31446055 0.5613514
spoon 0.6055718 0.33943775 0.4467173 0.3548685 0.48161188
spoon 0.5698832 0.33190626 0.51519126 0.35264206 0.56045234
microwave 0.5624439 0.528579 0.6011594 0.7015703 0.8223127
spoon 0.5595891 0.27531147 0.86401707 0.28322077 0.9144893
sandwich 0.53779805 0.52764785 0.9104499 0.5361675 0.92609704
wine glass 0.5248987 0.29283977 0.43689513 0.31862217 0.48146465
sandwich 0.51790905 0.52835584 0.9435419 0.5357014 0.96268976
wine glass 0.48274624 0.31276235 0.9594784 0.33761075 0.9986295
sandwich 0.47930104 0.5272505 0.89807016 0.5360918 0.91076756
wine glass 0.46581876 0.42379764 0.5417904 0.43647715 0.5561701
sandwich 0.4089152 0.5285108 0.9270673 0.53540576 0.94501716
spoon 0.40808204 0.2704238 0.9694793 0.28681663 0.9917944
sandwich 0.4056273 0.52857316 0.9606262 0.53579354 0.9763777
spoon 0.34768608 0.31276235 0.9594784 0.33761075 0.9986295
wine glass 0.34567463 0.42667907 0.5176868 0.4371354 0.5304789
spoon 0.32570544 0.29283977 0.43689513 0.31862217 0.48146465
