cake 0.7957276 0.60784847 0.63340735 0.7782174 0.68189895
spoon 0.6830573 0.51485157 0.09600322 0.5486177 0.15832953
spoon 0.64605755 0.5021935 0.49778944 0.54562634 0.56069344
toaster 0.59464383 0.50896233 0.55524075 0.52007604 0.6452035
banana 0.5882752 0.50208575 0.111715324 0.5195768 0.14224143
banana 0.5363011 0.50330925 0.17043756 0.52115 0.20074068
banana 0.40893814 0.50721323 0.19581117 0.5186699 0.20835666
banana 0.3670782 0.5087982 0.13409366 0.5180695 0.14544822
banana 0.35896146 0.50974464 0.1868653 0.5200836 0.2006369
toaster 0.3436683 0.5220707 0.28088835 0.5361908 0.3865603
cake 0.33670712 0.5767982 0.6465993 0.6122511 0.70191
spoon 0.33372542 0.5183303 0.15598375 0.545331 0.20740849
cake 0.30283004 0.5929562 0.636981 0.61409515 0.68954957
