toaster 0.91175514 0.66133225 0.7210564 0.80877286 0.9938782
microwave 0.8507759 0.5536723 0.37871593 0.83319294 0.54677784
spoon 0.7459735 0.5584567 0.7347354 0.6188298 0.79385704
sink 0.64827216 0.13972698 0.0 0.99052805 0.16057491
tennis racket 0.63555306 0.5021761 0.17530037 0.5902453 0.18948366
tennis racket 0.57460105 0.502659 0.19114886 0.58439755 0.20593856
tennis racket 0.5231102 0.5125525 0.2046615 0.56796473 0.21657468
tennis racket 0.44309336 0.4868446 0.5928413 0.5568206 0.61423737
sandwich 0.43496898 0.5571561 0.7429932 0.57570547 0.7588392
microwave 0.37562352 0.6038962 0.64662135 0.8331903 0.68347394
clock 0.31782538 0.4863291 0.5936614 0.55539703 0.61334825
