sandwich 0.7200514 0.38222238 0.39224792 0.41242912 0.43879256
cake 0.71563673 0.53339064 0.45495936 0.94694805 0.78211725
book 0.6102459 0.3741239 0.7102269 0.42825416 0.7766862
wine glass 0.6065676 0.31279877 0.21799959 0.34539273 0.25156036
knife 0.5084217 0.38825843 0.54710084 0.44146314 0.5877699
tennis racket 0.50818294 0.37478268 0.22339338 0.39215738 0.26626885
knife 0.49337137 0.4020814 0.56611544 0.43841556 0.5914459
knife 0.47532922 0.39251772 0.6104774 0.42663297 0.63563627
clock 0.37451625 0.12760068 0.57377774 0.14794736 0.5887152
chair 0.3352178 0.7544264 0.0 0.9990826 1.0
fork 0.33326018 0.39251772 0.6104774 0.42663297 0.63563627
sink 0.32216248 0.122180045 0.0 0.6549939 0.10658465
