cake 0.95484596 0.62856156 0.6895168 0.7979583 0.8252943
wine glass 0.74353313 0.36151403 0.11403341 0.39087105 0.14290854
wine glass 0.7060795 0.37713143 0.1592152 0.40572652 0.19081017
spoon 0.67870766 0.48212293 0.022576228 0.5066688 0.086681575
cake 0.6450725 0.61378664 0.9278862 0.6812795 0.969283
wine glass 0.61043936 0.35450208 0.074538395 0.3886562 0.12111631
cake 0.5971755 0.61019224 0.5185197 0.7774667 0.62821907
clock 0.5888226 0.5751648 0.2516088 0.6323987 0.27003774
wine glass 0.5677111 0.35351416 0.021163318 0.38734344 0.067793645
sandwich 0.53928995 0.61590624 0.13368395 0.6309742 0.16098104
spoon 0.5080496 0.69717604 0.9201131 0.74217016 0.98966277
cake 0.5061444 0.59830487 0.6575463 0.7415724 0.76984954
wine glass 0.49936983 0.369022 0.13833961 0.3986867 0.16589372
spoon 0.47817713 0.4636658 0.09351938 0.47750577 0.15490495
toaster 0.4743054 0.71619827 3.744089e-05 0.7342052 0.14983645
spoon 0.4666248 0.4615271 0.023961404 0.4709096 0.085985616
banana 0.45980182 0.6133826 0.7173749 0.62613547 0.7399686
spoon 0.44952857 0.48974574 0.08924219 0.50566214 0.1532489
spoon 0.44673073 0.5997787 0.7052882 0.62944335 0.76848316
bowl 0.43978295 0.6131986 0.12107013 0.629983 0.14103681
cake 0.43380904 0.63683194 0.65938073 0.73510355 0.7691111
couch 0.42389932 0.51284206 0.2059971 0.630841 0.31924367
spoon 0.41265517 0.4754809 0.09159026 0.48305184 0.15343602
cake 0.39688632 0.6015473 0.9763868 0.6820517 1.0
banana 0.3928248 0.61590624 0.13368395 0.6309742 0.16098104
spoon 0.35933635 0.6167734 0.11441006 0.6377701 0.2077005
wine glass 0.34872594 0.3523312 0.00021275248 0.38829467 0.014086375
spoon 0.34139246 0.7067219 0.986553 0.7448895 1.0
sandwich 0.33297673 0.6131986 0.12107013 0.629983 0.14103681
sandwich 0.3237881 0.6133826 0.7173749 0.62613547 0.7399686
spoon 0.3129819 0.62565935 0.19490471 0.645007 0.26046073
