cake 0.951599 0.5883176 0.14400579 0.672937 0.27435285
cake 0.91145927 0.56687444 0.334889 0.63603103 0.42837125
cake 0.8866811 0.6697874 0.06958376 0.99847305 0.34869134
cake 0.86511123 0.5516088 0.462002 0.6103167 0.53362954
banana 0.71793425 0.6098624 0.45987782 0.64895374 0.49229446
banana 0.6734129 0.61262256 0.49981385 0.64788854 0.5285618
spoon 0.6524778 0.321901 0.605272 0.34797272 0.63180476
spoon 0.6493256 0.3163862 0.6314393 0.34659868 0.65498614
wine glass 0.58898634 0.328106 0.5541085 0.35310417 0.57206833
clock 0.5784545 0.52319235 0.73233193 0.56893003 0.7459262
tennis racket 0.5510253 0.51916623 0.9360539 0.5727663 0.9506023
banana 0.5245663 0.61508167 0.5295311 0.65154403 0.5521834
couch 0.49724674 0.4122704 0.681166 0.5669243 0.7679078
wine glass 0.49183202 0.32726288 0.5728197 0.35173985 0.5899359
tennis racket 0.47524703 0.5170872 0.5864409 0.5574931 0.5960145
tennis racket 0.46251833 0.5211197 0.92417437 0.57141805 0.9368221
wine glass 0.46030837 0.3944423 0.54936004 0.43290463 0.5643356
spoon 0.4346648 0.5346403 0.66728026 0.56868845 0.7134302
tennis racket 0.4265484 0.5171112 0.9277867 0.54616284 0.93538237
microwave 0.38520247 0.70052415 0.6923081 0.96817005 0.79599506
tennis racket 0.384709 0.5171573 0.9396411 0.546456 0.94711876
wine glass 0.37240568 0.39250493 0.57726234 0.4318164 0.5894037
tennis racket 0.35809225 0.4909267 0.5524565 0.5539489 0.5673605
wine glass 0.34420976 0.41699022 0.5859594 0.4316894 0.59815544
toaster 0.33668295 0.5653725 0.7793944 0.6028868 0.9197953
tennis racket 0.33033016 0.49182507 0.572072 0.55763835 0.588745
wine glass 0.33007315 0.321901 0.605272 0.34797272 0.63180476
spoon 0.32820827 0.4077793 0.6066591 0.43136427 0.6496971
clock 0.3173877 0.3944423 0.54936004 0.43290463 0.5643356
