spoon 0.8820821 0.56452924 0.72724885 0.6324687 0.7944307
cake 0.8591133 0.5056481 0.42907497 0.68607724 0.49673483
spoon 0.8181714 0.65124285 0.12896067 0.7550741 0.27133277
cake 0.7704488 0.50620806 0.3498335 0.67286205 0.41835004
tennis racket 0.7046427 0.5768451 0.88790315 0.71300024 0.93112904
toaster 0.6876757 0.68244886 0.70715404 0.82619226 1.0
cake 0.64980227 0.5028041 0.2678003 0.58463615 0.3359004
banana 0.56752867 0.6212988 0.12999517 0.68219864 0.27103984
couch 0.5562649 0.49203378 0.041003488 0.5732584 0.11199088
tennis racket 0.46821284 0.3182609 0.025344463 0.35814294 0.033682078
tennis racket 0.44130152 0.42416936 0.017239258 0.45051867 0.024018548
tennis racket 0.43617377 0.4232198 0.029345533 0.44995 0.037206516
sandwich 0.41089222 0.60680926 0.76980764 0.6279019 0.7880165
wine glass 0.40833724 0.42976567 0.040924706 0.45011634 0.048018172
wine glass 0.38203052 0.41730934 0.071978435 0.4497923 0.08061175
tennis racket 0.380993 0.32773247 0.051828824 0.36353892 0.05990562
tennis racket 0.36218798 0.32373008 0.041190535 0.3602484 0.049217038
spoon 0.35901168 0.73755336 0.06938213 0.80373764 0.19302529
wine glass 0.35489166 0.3322446 0.06740911 0.366197 0.075987175
wine glass 0.35477203 0.4232198 0.029345533 0.44995 0.037206516
tennis racket 0.3523039 0.4090228 0.08185844 0.4499445 0.09521194
wine glass 0.35058755 0.42674315 0.009779413 0.45070148 0.016320921
wine glass 0.35041052 0.41648462 0.047790036 0.44966024 0.058797076
tennis racket 0.34703472 0.50901425 0.63870835 0.54644334 0.64827776
tennis racket 0.3437252 0.42466056 0.009645545 0.45007056 0.016693464
tennis racket 0.34139112 0.31705415 0.017247926 0.3568008 0.025422875
wine glass 0.33746034 0.41812333 0.060766846 0.45000088 0.07027468
spoon 0.33156788 0.5478329 0.05506502 0.5754149 0.098633945
tennis racket 0.32439816 0.41812333 0.060766846 0.45000088 0.07027468
wine glass 0.32271403 0.42561328 0.01718496 0.4512966 0.023832133
wine glass 0.32026058 0.42665878 0.002984551 0.45169267 0.008817726
wine glass 0.3153323 0.3339277 0.0830272 0.37012672 0.09167081
microwave 0.308077 0.6393944 0.6061243 0.7554597 0.67127144
wine glass 0.30521044 0.32373008 0.041190535 0.3602484 0.049217038
microwave 0.30114716 0.5482142 0.5491446 0.8675134 0.7285609
sandwich 0.30034682 0.62193567 0.23637462 0.63744235 0.2502413
