cake 0.93649435 0.8130613 0.55196524 0.9980439 0.6932503
cake 0.8155218 0.70330524 0.65804553 1.0 0.77704704
wine glass 0.7805105 0.58988816 0.5225467 0.6622612 0.5514844
cake 0.7346921 0.52460194 0.8426856 0.7178466 0.9104657
clock 0.7201605 0.27486748 0.52845085 0.31863478 0.5486226
spoon 0.71784043 0.7217218 0.19703928 0.82867587 0.37581614
spoon 0.62543464 0.39753664 0.5105994 0.41703472 0.54551876
knife 0.60513556 0.46941456 0.23387268 0.5124639 0.25532737
microwave 0.6051217 0.54401 0.037539333 0.7673077 0.32612658
spoon 0.5868808 0.38013035 0.55537486 0.41866112 0.58225846
wine glass 0.5676578 0.54123425 0.64840716 0.5858442 0.66661316
knife 0.5655978 0.46037227 0.2688793 0.5132056 0.28761148
clock 0.55336696 0.28361997 0.5489762 0.31744513 0.56961954
toaster 0.5481345 0.5218479 0.369823 0.5519977 0.44686225
sandwich 0.54534537 0.74169606 0.27465093 0.7819926 0.31485516
knife 0.54236656 0.4623896 0.26031426 0.51440907 0.2722046
spoon 0.5398347 0.40187338 0.60839003 0.41828656 0.62444097
tennis racket 0.5181099 0.45521235 0.7610772 0.5244572 0.7725752
spoon 0.4760396 0.39520696 0.59526616 0.41821012 0.6199253
spoon 0.4578659 0.29332253 0.5961947 0.31545863 0.6114113
wine glass 0.41671818 0.38013035 0.55537486 0.41866112 0.58225846
sandwich 0.4150476 0.6992844 0.26886016 0.7462822 0.2978679
toaster 0.40699318 0.5667494 0.6630838 0.59510654 0.7232325
spoon 0.40238807 0.3501158 0.5751166 0.3638219 0.6033911
spoon 0.39013922 0.29409 0.61039305 0.31532604 0.62609863
wine glass 0.36269057 0.51704746 0.2814628 0.5629715 0.30624813
clock 0.35013685 0.29353324 0.58266705 0.3167026 0.59606904
spoon 0.3378689 0.6521136 0.508555 0.70209354 0.60339004
spoon 0.32392174 0.29353324 0.58266705 0.3167026 0.59606904
microwave 0.32091126 0.5608581 0.12145534 0.7614003 0.32717004
fork 0.3162561 0.65288764 0.57124007 0.6828278 0.62115884
clock 0.31033018 0.5112566 0.83905387 0.5462778 0.85262215
spoon 0.30788314 0.2927288 0.59718317 0.31566852 0.6245274
