cake 0.8623558 0.74547 0.66853535 1.0 0.9607892
couch 0.8599889 0.57238644 0.87636435 0.65136415 0.9623836
banana 0.59004766 0.6220883 0.7418194 0.63304424 0.76150155
spoon 0.5896961 0.7020282 0.3144895 0.75428504 0.4950523
spoon 0.56854904 0.63175637 0.72401124 0.6481839 0.7714836
couch 0.46455997 0.56580436 0.6044018 0.7190677 0.6740631
couch 0.43725783 0.5766539 0.55516744 0.72346884 0.6206473
spoon 0.32809857 0.68154246 0.19231583 0.7511781 0.2954077
couch 0.31300572 0.5624104 0.5584412 0.7222958 0.6793266
banana 0.30390337 0.7063182 0.36126944 0.7223938 0.3869727
