cake 0.87380385 0.64408827 0.056394003 0.99972844 0.22992736
cake 0.8352793 0.6509296 0.37454712 0.9838448 0.52067065
microwave 0.80519736 0.57235533 0.7399144 0.8753016 0.9520588
cake 0.757857 0.6456403 0.20802179 0.9896933 0.37482342
cake 0.6390092 0.5924209 0.0007750802 0.7587785 0.081262976
spoon 0.5596344 0.5889675 0.95115584 0.64845777 0.9993221
tennis racket 0.51066273 0.52506983 0.44034633 0.55995744 0.44734064
cake 0.48939586 0.6519739 0.5319388 0.8873431 0.6672648
tennis racket 0.45808545 0.52534163 0.4233664 0.5662681 0.43216285
clock 0.43469456 0.58767587 0.45720345 0.62613136 0.47730833
couch 0.3932237 0.54430544 0.44150782 0.6204667 0.49378794
spoon 0.37589103 0.5490051 0.6178135 0.56913936 0.64167565
clock 0.3712081 0.58357245 0.33783224 0.6057137 0.35997894
tennis racket 0.34744805 0.5255876 0.43215814 0.5654216 0.43927488
cake 0.31337377 0.5737568 0.0045018047 0.5957814 0.05990351
