cake 0.9320026 0.82818186 0.70794064 0.9951776 0.9150525
microwave 0.7592476 0.45133138 0.1170628 0.6081729 0.24753809
sink 0.7511068 0.42001936 0.82931995 0.6749826 0.9315469
sandwich 0.65837985 0.5868877 0.19372082 0.6149457 0.21445262
tennis racket 0.636786 0.54283917 0.5853559 0.6227318 0.59927833
cake 0.633018 0.83677334 0.05493185 0.99879116 0.26037005
cake 0.63136166 0.839056 0.4214007 0.99613905 0.5808494
microwave 0.513704 0.60771805 0.40507704 0.6415672 0.55379236
toaster 0.4459222 0.60842407 0.40417582 0.64908457 0.55481035
banana 0.44266447 0.5823763 0.19263148 0.61599106 0.27984503
