couch 0.8128086 0.45665905 0.30453217 0.6245096 0.3869261
clock 0.76569736 0.53971934 0.33308753 0.6246146 0.36415526
couch 0.7335935 0.5182388 0.7985181 0.5902425 0.8400647
toaster 0.6421203 0.70914197 0.04803954 0.9130883 0.4715323
clock 0.6028077 0.5341329 0.50109494 0.58124113 0.52794766
microwave 0.5993527 0.6140498 0.61827254 0.9021902 0.8762747
spoon 0.45922068 0.47439924 0.9430592 0.4948059 0.9608922
spoon 0.4115095 0.47435617 0.92563444 0.49440232 0.9434748
spoon 0.40804672 0.47354916 0.95976365 0.4949466 0.9809444
knife 0.40742192 0.50077796 0.51992065 0.5334665 0.53031987
tennis racket 0.33899286 0.606077 0.0 0.76010174 0.018254858
couch 0.33784693 0.5177194 0.8631367 0.5781811 0.90059155
