cake 0.9424558 0.48361912 0.45335352 0.98057747 0.6289048
couch 0.9365755 0.31209645 0.24059859 0.5014011 0.38087842
spoon 0.84537256 0.45938888 0.30430627 0.49737364 0.396955
cake 0.7927404 0.47339562 0.19210261 0.89438397 0.35106736
clock 0.63572216 0.41305557 0.29385233 0.49723232 0.32619637
spoon 0.63448954 0.4607792 0.00019453093 0.48177946 0.04825279
spoon 0.60955447 0.46434534 0.21232115 0.500247 0.28601864
cake 0.5994931 0.48097387 0.3140527 0.93140525 0.4866693
clock 0.5704342 0.41342682 0.06253752 0.47952473 0.083170235
cake 0.5602872 0.4678477 0.08182231 0.8585928 0.21848783
toaster 0.5587844 0.46390918 0.5406548 0.47898147 0.6596135
banana 0.52075064 0.4303897 0.34176585 0.46035132 0.37036672
clock 0.5157368 0.4232023 0.042706825 0.48043752 0.064221054
knife 0.49058506 0.4066695 0.7791578 0.42992666 0.7924147
wine glass 0.48074996 0.4480247 0.7863895 0.4834089 0.8041044
banana 0.45863622 0.43249738 0.32156047 0.4605208 0.34474042
banana 0.4221096 0.44280264 0.3654136 0.46529454 0.3906873
fork 0.41553906 0.41165245 0.8000581 0.4484598 0.8141037
knife 0.39411128 0.4094329 0.77058387 0.4288769 0.77973986
banana 0.33866054 0.45708013 0.3463364 0.4658825 0.36870942
couch 0.30719152 0.36642352 0.0014766455 0.47986788 0.09648525
