toaster 0.81014377 0.5827198 0.12802778 0.60158455 0.40325266
banana 0.4668708 0.5679306 0.45864087 0.5775714 0.48166165
wine glass 0.4616049 0.23569198 0.54471284 0.2853397 0.60026157
sandwich 0.41557246 0.5679306 0.45864087 0.5775714 0.48166165
sandwich 0.41287494 0.5651368 0.48090613 0.5773394 0.5054497
sandwich 0.3633411 0.5658482 0.43160427 0.5767073 0.4576819
microwave 0.34088853 0.61579895 0.0 0.64546096 0.13189751
banana 0.32083017 0.5651368 0.48090613 0.5773394 0.5054497
wine glass 0.31070447 0.37247938 0.5665086 0.39511484 0.59069496
spoon 0.30931392 0.5679306 0.45864087 0.5775714 0.48166165
