cake 0.92357844 0.74745464 0.6597119 1.0 0.78922695
cake 0.90659106 0.7028436 0.72919655 1.0 0.84457254
cake 0.8726041 0.8044014 0.5840237 1.0 0.7233325
tennis racket 0.617804 0.14695896 0.5374274 0.21578683 0.55303836
couch 0.59247774 0.4697446 0.5279565 0.5906193 0.6082442
couch 0.58525854 0.39943853 0.4855411 0.5103439 0.5351596
sandwich 0.5651385 0.4553491 0.453448 0.47941828 0.4669906
knife 0.558333 0.43349087 0.7897628 0.4741535 0.8065389
sandwich 0.5484642 0.47543186 0.45650178 0.4927403 0.4706055
sandwich 0.52680105 0.4729519 0.44120035 0.4927702 0.45578685
couch 0.44756457 0.40893668 0.23320414 0.4721585 0.2551006
couch 0.44548002 0.4668494 0.022408186 0.5654936 0.06625672
toaster 0.44091478 0.52905893 0.25507584 0.5456339 0.36561725
clock 0.43662798 0.45884937 0.50010604 0.51436275 0.52095217
wine glass 0.43293163 0.5306083 0.6361196 0.5740032 0.659858
clock 0.4181396 0.5391883 0.55311275 0.5935181 0.58415496
wine glass 0.41747665 0.5182512 0.70080334 0.55712336 0.7222274
tennis racket 0.39057198 0.43413672 0.6029716 0.51812667 0.62673277
bowl 0.38638917 0.47205037 0.46970907 0.491409 0.4816613
knife 0.3667985 0.4332358 0.77912295 0.473656 0.7883165
fork 0.355094 0.5195486 0.73392826 0.5278644 0.76423925
clock 0.35494182 0.47455356 0.77642727 0.52596295 0.7991376
sandwich 0.34368783 0.47205037 0.46970907 0.491409 0.4816613
spoon 0.31313768 0.5305066 0.7016724 0.5576686 0.7214518
