microwave 0.88629955 0.44184867 0.570014 0.55622625 0.65331507
spoon 0.78583133 0.6216498 0.017112017 0.7206969 0.17533697
cake 0.7006905 0.55407333 0.83596677 0.60939205 0.9114755
knife 0.62197185 0.53949374 0.20013171 0.5845115 0.22326645
fork 0.61809963 0.5230302 0.3455918 0.545121 0.36030594
cake 0.6104406 0.5651082 0.9040406 0.63886404 0.99985194
knife 0.6033195 0.551543 0.1810446 0.5869019 0.20653148
fork 0.59984386 0.5406569 0.35289726 0.55985045 0.36806312
clock 0.5880716 0.55459726 0.7069516 0.5948486 0.7249285
fork 0.5792121 0.5236356 0.35382065 0.5463006 0.3705221
fork 0.57367283 0.51692903 0.3394832 0.54138684 0.35375577
cake 0.5630841 0.5445389 0.7880093 0.5912471 0.84293365
knife 0.5070683 0.5395511 0.14883246 0.58746314 0.17388307
microwave 0.5032383 0.5581814 0.4974775 0.6655577 0.5627476
knife 0.44394228 0.52818376 0.1926413 0.557325 0.20878328
knife 0.44257346 0.5577271 0.14131807 0.58916205 0.1692789
spoon 0.42890644 0.56422836 0.20551357 0.63242674 0.27997297
toaster 0.4214411 0.61214685 0.6489876 0.6602906 0.7695641
fork 0.37548405 0.5171173 0.35604817 0.52834857 0.36522436
cake 0.34698087 0.53441674 0.7477035 0.59168106 0.8435934
couch 0.3388366 0.507672 0.6813467 0.5960031 0.750433
