clock 0.8118595 0.5013953 0.31226563 0.5972709 0.36370552
tennis racket 0.7475216 0.48670307 0.59805816 0.53326225 0.6092852
couch 0.7258458 0.39734647 0.24363294 0.59594977 0.41579458
tennis racket 0.67352146 0.4758628 0.5776946 0.53150845 0.5881615
tennis racket 0.66868067 0.47651577 0.5882622 0.53137475 0.5983819
tennis racket 0.64800704 0.5388257 0.7281246 0.6548013 0.7514125
tennis racket 0.6018581 0.48781225 0.6085477 0.53266376 0.61909354
banana 0.5956575 0.5322544 0.05857591 0.54795676 0.071438015
spoon 0.55291545 0.567979 0.4290893 0.61758924 0.4784876
banana 0.5102254 0.53067285 0.06997316 0.5468683 0.08207015
clock 0.51018476 0.47659826 0.7373197 0.5323661 0.7726493
banana 0.39043477 0.5309067 0.07911752 0.5461551 0.08986871
banana 0.36851102 0.5393027 0.04928653 0.5533428 0.061405867
banana 0.3563363 0.52440757 0.07642285 0.5339111 0.08484953
sandwich 0.35515183 0.57979673 0.49018908 0.6033078 0.524305
banana 0.34736124 0.525755 0.050752155 0.5364107 0.0616851
sandwich 0.32053682 0.53067285 0.06997316 0.5468683 0.08207015
cake 0.31550884 0.6690813 0.9721346 0.89176524 1.0
clock 0.30668917 0.49426278 0.00028517842 0.5725024 0.020071609
