spoon 0.8310099 0.49922326 0.65395385 0.53564817 0.7085989
spoon 0.81244993 0.53107405 0.3851196 0.5839971 0.44740888
tennis racket 0.77052057 0.4566593 0.35313776 0.55927 0.3757824
wine glass 0.71781796 0.39216664 0.60663205 0.422675 0.63183576
sandwich 0.6620657 0.48042336 0.65645504 0.50105125 0.6807425
clock 0.6331932 0.25359762 0.19965589 0.3098194 0.2503529
spoon 0.6291355 0.39786258 0.7431145 0.42437163 0.799567
spoon 0.62899846 0.49716043 0.19377877 0.52265435 0.23303549
spoon 0.5968434 0.40186772 0.68444526 0.42251635 0.71233356
toaster 0.5942823 0.5952495 0.2645941 0.7948282 0.4969128
wine glass 0.5840015 0.3907258 0.5831119 0.42184308 0.6076977
spoon 0.5812781 0.40293148 0.71271443 0.4226222 0.7392194
spoon 0.54542977 0.28929532 0.13326286 0.31194982 0.18865411
spoon 0.53535104 0.39229777 0.6839402 0.40277508 0.7131349
spoon 0.5008656 0.39258367 0.7134609 0.40367883 0.74043036
spoon 0.43489966 0.39203414 0.64006335 0.4037943 0.6822714
spoon 0.425217 0.4098684 0.63698196 0.42373094 0.67960405
tennis racket 0.4227968 0.5391999 0.30448902 0.60359603 0.32663274
spoon 0.3987254 0.55027276 0.4410867 0.5718622 0.4824611
spoon 0.39753392 0.38707322 0.16055913 0.41718358 0.19708131
wine glass 0.3945031 0.38395828 0.24455507 0.4166054 0.2664786
spoon 0.3726883 0.37900963 0.68453866 0.39665318 0.7147872
wine glass 0.34950942 0.37664023 0.7145227 0.38934007 0.74013996
spoon 0.34923726 0.37664023 0.7145227 0.38934007 0.74013996
spoon 0.34087124 0.38809428 0.2744265 0.41737735 0.31468847
microwave 0.33393216 0.57119 0.88824564 0.953869 0.96793836
wine glass 0.32458532 0.3841699 0.19909143 0.41690862 0.21993211
tennis racket 0.32343572 0.515836 0.2961829 0.55810934 0.30780783
clock 0.31780565 0.32758263 0.13590421 0.41535845 0.16508366
spoon 0.31052938 0.2821068 0.58417505 0.30973876 0.63975793
