cake 0.93031937 0.4867892 0.78933674 0.7858985 0.95004684
cake 0.8938544 0.46071056 0.7023715 0.72783643 0.8079473
cake 0.86591625 0.36977002 0.14524865 0.50086814 0.2282019
cake 0.82559097 0.44251633 0.6272003 0.67309535 0.714052
cake 0.76537603 0.42991266 0.5324913 0.5040705 0.5905316
tennis racket 0.7589439 0.6350377 0.9216442 0.9853772 0.9874356
clock 0.7061471 0.1679627 0.13354181 0.26029423 0.1618471
chair 0.67661184 0.3694246 0.14521952 0.50115657 0.2312089
couch 0.6170824 0.29163626 0.6190672 0.4408745 0.68937397
chair 0.57543075 0.3438291 0.2663268 0.4146884 0.34856138
cake 0.575118 0.43203765 0.88266045 0.4840734 0.9343409
clock 0.57141167 0.43178898 0.43660092 0.5244004 0.5195831
clock 0.5650795 0.11840532 0.27757624 0.25013554 0.3492531
cake 0.52723294 0.45263618 0.5882033 0.842309 0.66695166
wine glass 0.5090683 0.50141215 0.93521094 0.54504794 0.9533384
spoon 0.45163062 0.44234604 0.4364762 0.5247186 0.51991653
wine glass 0.4497403 0.5014458 0.88401496 0.5280365 0.906433
cake 0.44723094 0.37238786 0.30705628 0.41958046 0.39088735
couch 0.4412689 0.35897997 0.42725194 0.52372664 0.5215871
cake 0.43665585 0.4685224 0.057483368 0.58097595 0.07869189
clock 0.41927224 0.16621472 0.093784764 0.2604052 0.122743815
wine glass 0.36774167 0.8073109 0.862766 0.96700704 0.92402923
wine glass 0.35043353 0.4764073 0.9127584 0.5096307 0.9275406
wine glass 0.3406042 0.7673678 0.8738377 0.8338253 0.92657316
chair 0.32427704 0.37238786 0.30705628 0.41958046 0.39088735
microwave 0.313701 0.5650017 0.35265833 0.7978311 0.42511952
clock 0.30981737 0.41781595 0.48338518 0.48724222 0.4991565
cake 0.30841053 0.41421777 0.85507816 0.48263603 0.93775386
couch 0.3015059 0.397779 0.5119926 0.47572133 0.5464846
