cake 0.9807813 0.77382684 0.45883217 0.98234946 0.6386053
cake 0.9748784 0.7280285 0.69029206 0.8917431 0.8304214
cake 0.9538919 0.83472484 0.12799264 0.9941947 0.38218528
sink 0.90301824 0.33746138 0.06882814 0.8368614 0.23291513
couch 0.7107638 0.29437637 0.5304895 0.35085467 0.5592846
spoon 0.6381515 0.4317117 0.5305483 0.4518271 0.5495668
knife 0.6210137 0.5304066 0.29421154 0.56130445 0.30219355
spoon 0.6206255 0.43124413 0.5513324 0.45339572 0.5699952
clock 0.5968186 0.5324032 0.5410847 0.5827468 0.55400246
knife 0.5144801 0.5371157 0.28065798 0.5633589 0.29311827
toaster 0.49495605 0.59404474 0.59609675 0.61405617 0.68840265
spoon 0.45106888 0.47509843 0.58213764 0.49190342 0.59642607
spoon 0.44788015 0.47469914 0.56100774 0.49196646 0.5815201
knife 0.4130654 0.5341552 0.3002372 0.5591635 0.3105549
clock 0.40508223 0.33274886 0.5411036 0.35159212 0.5537622
wine glass 0.4006938 0.40811473 0.24146393 0.43532178 0.2527971
spoon 0.39594868 0.47916237 0.5321144 0.491282 0.5591637
wine glass 0.3695992 0.4086404 0.2551355 0.43530414 0.26606813
wine glass 0.3599116 0.56090015 0.86232936 0.60255694 0.88428175
wine glass 0.3552241 0.43274847 0.575772 0.4531741 0.59082955
wine glass 0.32648218 0.560006 0.80665195 0.60588884 0.83600795
