cake 0.966846 0.6237442 0.35879385 0.91872805 0.48903102
cake 0.9526215 0.6220923 0.5205628 0.9321114 0.65358275
cake 0.9119737 0.5990767 0.2442621 0.8001646 0.30868757
cake 0.86039937 0.60617256 0.30104062 0.8510254 0.37268767
cake 0.8167109 0.60567445 0.6267501 0.8534986 0.69758546
cake 0.80196506 0.5785969 0.20639077 0.7638025 0.26662
clock 0.7963333 0.48482835 0.3713374 0.5765288 0.4049788
spoon 0.70261925 0.47002152 0.8324348 0.48451364 0.85161567
spoon 0.59470433 0.39997026 0.85252845 0.41570616 0.8634224
spoon 0.5112717 0.4038445 0.8103754 0.41847634 0.8329821
tennis racket 0.47246635 0.5232498 0.7753415 0.55023324 0.7828672
tennis racket 0.45603108 0.524469 0.784573 0.550491 0.79169124
toaster 0.4522468 0.5494948 0.5272126 0.56570095 0.64205253
cake 0.3610176 0.6053799 0.30429274 0.6207237 0.33422148
couch 0.34972262 0.5192851 0.8089352 0.5518305 0.82891744
clock 0.34884217 0.5271584 0.40493068 0.57173854 0.41991946
cake 0.32630658 0.6060412 0.30257422 0.7025542 0.3742445
couch 0.30674294 0.53321034 0.67407745 0.560379 0.6998672
