toaster 0.92686874 0.5315233 0.24814478 0.6034767 0.6776254
clock 0.8942418 0.5106106 0.08597879 0.6087086 0.17746413
couch 0.8372048 0.3954492 0.025180005 0.6094021 0.23809426
spoon 0.8030816 0.23983514 0.8207365 0.2707318 0.8992358
clock 0.7312438 0.43976972 0.8281031 0.47731587 0.8612155
couch 0.6529497 0.39624336 0.7913675 0.47399512 0.8856213
sandwich 0.5454114 0.48685184 0.6046308 0.50064564 0.63766944
spoon 0.53223515 0.2624842 0.82732457 0.27115637 0.8934942
spoon 0.5159129 0.3522102 0.83224344 0.37538287 0.8854244
spoon 0.44707224 0.47498408 0.5719399 0.49506852 0.618797
broccoli 0.34498608 0.48685184 0.6046308 0.50064564 0.63766944
