cake 0.9411637 0.70382965 0.60055745 0.99534804 0.8715285
cake 0.91045004 0.6827211 0.337911 0.9917565 0.5810163
cake 0.8375486 0.6125352 0.22746605 1.0 0.29889572
cake 0.799078 0.58855283 0.19314373 0.94419664 0.2561434
cake 0.68885106 0.6406515 0.2742837 0.99885225 0.37008202
microwave 0.6147978 0.3898811 0.84363145 0.68462974 0.95858175
wine glass 0.5859965 0.35614556 0.06557693 0.37896994 0.07835514
oven 0.57813776 0.52800554 0.072327234 0.578798 0.10253491
cake 0.5533238 0.6055078 0.69830686 0.6833453 0.8444089
banana 0.541391 0.52601045 0.25727928 0.5446653 0.26956725
wine glass 0.5153399 0.35729218 0.08244573 0.3811346 0.094457634
microwave 0.50576955 0.528689 0.8457748 0.7454728 0.96095747
banana 0.48251215 0.5364651 0.24703905 0.5489611 0.25699154
cake 0.47439858 0.6103731 0.7254262 0.6844729 0.8420963
wine glass 0.46775135 0.35411683 0.10078975 0.38166058 0.11323983
wine glass 0.42532238 0.30233237 0.099842496 0.32551664 0.1084859
wine glass 0.4211284 0.41684243 0.10955958 0.43577057 0.12163614
wine glass 0.41790006 0.29465094 0.06299199 0.32288456 0.073140025
clock 0.40704712 0.48582506 0.4539878 0.53888863 0.4716471
wine glass 0.40102437 0.29894653 0.07656953 0.3249157 0.09019996
wine glass 0.37971374 0.30227154 0.10982669 0.32655856 0.12036229
wine glass 0.3684328 0.300087 0.087746195 0.3255853 0.10463866
spoon 0.3480649 0.5393376 0.23691835 0.55788106 0.28454056
banana 0.34667096 0.52985346 0.26816702 0.54719675 0.2808435
wine glass 0.34080127 0.41680518 0.11896762 0.43554807 0.12916048
cake 0.3239401 0.58364546 0.62296385 0.64581126 0.7083834
