cake 0.96860373 0.6871674 0.6293432 0.9342945 0.72574943
cake 0.94081265 0.6872513 0.46248603 0.93434376 0.5427277
cake 0.93730503 0.6874936 0.36950392 0.93296516 0.45391762
cake 0.9303757 0.68584126 0.5485071 0.935329 0.6356833
couch 0.80059016 0.47769964 0.19188774 0.638422 0.25883776
microwave 0.6035518 0.6218923 0.436062 0.65054125 0.5822248
clock 0.58624524 0.5622622 0.2111816 0.6391507 0.24051212
wine glass 0.57800776 0.45907897 0.4069388 0.475863 0.42346913
tennis racket 0.51366085 0.56456673 0.6305543 0.6371145 0.65272975
wine glass 0.41954678 0.45876655 0.3691928 0.47677872 0.38587967
toaster 0.36860567 0.6508699 0.12587935 0.66943884 0.1982469
wine glass 0.33996966 0.45888788 0.32756254 0.47740644 0.3462415
