cake 0.954853 0.71807116 0.658896 0.99428344 0.88300484
cake 0.9539005 0.72999 0.34786522 1.0 0.5555075
clock 0.8891989 0.62044245 0.5597735 0.7029018 0.59851676
couch 0.767769 0.51877177 0.5244831 0.70198715 0.64348733
tennis racket 0.6952291 0.49669608 0.23973525 0.5760561 0.2555818
couch 0.67940664 0.49168196 0.6544764 0.5252147 0.7077074
microwave 0.5683043 0.575042 0.4221412 0.64972186 0.5133896
couch 0.54861015 0.50700086 0.28372586 0.54503506 0.32977283
cake 0.5035559 0.6199783 0.55653906 0.8770602 0.7046776
cake 0.48637208 0.6211443 0.5974805 0.6805716 0.7023069
couch 0.47995228 0.5166238 0.4130866 0.5473787 0.43656558
toaster 0.47419348 0.54234356 0.33612984 0.5560801 0.41793215
sink 0.46017328 0.28083342 0.0 0.7903694 0.07421425
couch 0.39831802 0.48368177 0.40782812 0.514917 0.4255614
