tennis racket 0.9340572 0.44088304 0.49703315 0.56375635 0.5446248
microwave 0.78604776 0.58841145 0.0026118744 1.0 0.6028781
microwave 0.76116145 0.25140935 0.8389171 0.6186178 0.954
tennis racket 0.6675775 0.13322568 0.451626 0.16742283 0.4801884
wine glass 0.57644725 0.26746625 0.4446203 0.3066488 0.48607385
tennis racket 0.5299273 0.04331942 0.4430697 0.07233022 0.46830463
tennis racket 0.42750564 0.12078528 0.41067037 0.15865375 0.45566872
wine glass 0.37801 0.72523504 0.6832008 0.81218606 0.81192887
tennis racket 0.35353392 0.03835746 0.46714443 0.06578748 0.49925575
knife 0.3210965 0.9262003 0.8040218 0.9677175 0.9152839
