cake 0.96786994 0.6530948 0.45930135 0.99775857 0.6304387
microwave 0.9083155 0.47100765 0.32876572 0.87473816 0.43342975
cake 0.90031725 0.6847804 0.6109035 1.0 0.8157015
cell phone 0.8416742 0.33353183 0.3359772 0.4535889 0.42614436
cake 0.7993067 0.59140253 0.58827263 0.64357334 0.6408636
cake 0.7783169 0.615738 0.46187323 0.67207605 0.53296596
clock 0.77311647 0.61131424 0.72815454 0.6842365 0.7740259
cake 0.7709664 0.60270005 0.5319718 0.66353494 0.590178
clock 0.66282487 0.2907426 0.22644803 0.3621612 0.25200903
couch 0.63780683 0.49197116 0.6702267 0.52543 0.686864
couch 0.60010743 0.49219078 0.6551216 0.52627885 0.67168504
couch 0.5459044 0.49088475 0.65529037 0.5265889 0.6861404
couch 0.53347623 0.50221485 0.6924947 0.6827799 0.8126802
wine glass 0.4340603 0.56598157 0.0 0.6426893 0.01851407
tennis racket 0.4184954 0.2907426 0.22644803 0.3621612 0.25200903
wine glass 0.3762275 0.29678488 0.0661117 0.34082496 0.084127426
wine glass 0.31536672 0.2993872 0.0541818 0.3403564 0.06671099
