tennis racket 0.75231725 0.51420164 0.82690036 0.56065536 0.853717
spoon 0.710834 0.3026119 0.7132201 0.32490534 0.77656084
wine glass 0.6448571 0.3632356 0.6944973 0.3828023 0.7074896
wine glass 0.62947387 0.36404896 0.7445854 0.3801208 0.76091707
spoon 0.60228235 0.41814277 0.7090842 0.42644474 0.7704525
wine glass 0.5915098 0.36231306 0.7165896 0.3811421 0.7451753
tennis racket 0.5817631 0.5142466 0.84839153 0.5623144 0.8833598
wine glass 0.57275254 0.36258957 0.759379 0.38079545 0.7842946
sandwich 0.43340304 0.4997996 0.0002330875 0.52719903 0.037297335
bowl 0.34901044 0.4997996 0.0002330875 0.52719903 0.037297335
