cake 0.8613448 0.53159606 0.14042625 0.6439206 0.23055834
spoon 0.7178074 0.58263326 0.2983622 0.6344208 0.37062693
toaster 0.71092886 0.6924041 0.3135525 0.76482385 0.4936785
couch 0.6608848 0.4583357 0.5987807 0.5331136 0.6859055
cake 0.6554657 0.5501389 0.04154312 0.66982096 0.14151633
couch 0.65341944 0.45879126 0.7470909 0.5391029 0.78884405
spoon 0.63592845 0.4179471 0.5230641 0.4322813 0.54096085
cake 0.6206749 0.51039934 0.20273858 0.61093974 0.24843985
microwave 0.6079474 0.6600227 0.9045729 0.9953863 0.9976681
cake 0.6007299 0.52050054 0.051818997 0.5553622 0.09258512
wine glass 0.595164 0.4139909 0.8615573 0.44037536 0.8755544
sandwich 0.58429086 0.5782214 0.4066822 0.5874681 0.42411
tennis racket 0.5792672 0.47060645 0.49834964 0.52497816 0.5187708
wine glass 0.5713348 0.4385531 0.9581698 0.46136457 0.9731151
wine glass 0.56931853 0.3140703 0.95590806 0.3490374 0.9828932
clock 0.56119704 0.52348506 0.12049875 0.5735638 0.14823014
tennis racket 0.55254227 0.46968177 0.47469833 0.52374005 0.49801973
spoon 0.5512564 0.38566798 0.98883873 0.40625066 1.0
tennis racket 0.50823915 0.4866378 0.9400343 0.5153196 0.9591949
cake 0.50224304 0.53013384 0.00059389044 0.57024336 0.017819759
spoon 0.4995686 0.4250538 0.46900406 0.43214098 0.50494564
spoon 0.4940097 0.36221033 0.4707852 0.38454628 0.4914292
wine glass 0.4866725 0.41344145 0.8773073 0.44077086 0.8905009
wine glass 0.47856686 0.41414586 0.8375104 0.43949822 0.84580165
wine glass 0.47582716 0.3538077 0.8501909 0.38042393 0.865065
tennis racket 0.46939254 0.4864942 0.970297 0.5172009 0.9893172
spoon 0.45839918 0.37816936 0.9585331 0.40451345 0.98806065
sandwich 0.4481972 0.5578495 0.38487396 0.58418787 0.41843727
wine glass 0.4473138 0.41413817 0.8481686 0.43953604 0.859056
wine glass 0.44622287 0.27909407 0.8652798 0.3151416 0.8823143
spoon 0.43662813 0.3659383 0.5232595 0.38253847 0.54601645
wine glass 0.42917305 0.35583603 0.8682432 0.3686355 0.8871832
spoon 0.4262705 0.55945766 0.36662576 0.61853415 0.44332877
spoon 0.42000464 0.36663935 0.5519163 0.3822068 0.5624743
sandwich 0.41350785 0.5740946 0.3743618 0.5866674 0.38792056
spoon 0.41137704 0.31887144 0.5360481 0.3284817 0.562661
wine glass 0.37324637 0.56766677 0.046540327 0.5823512 0.06007617
wine glass 0.37154725 0.5606593 0.025458492 0.58297193 0.03989342
couch 0.36539876 0.33346263 0.24560519 0.6447038 0.42972535
cake 0.35963008 0.52129185 0.08677845 0.5540719 0.114449814
wine glass 0.3567441 0.36821136 0.8670504 0.38073683 0.88817847
wine glass 0.3554567 0.35230488 0.8368605 0.38140956 0.8459042
sandwich 0.35269535 0.55632097 0.3952232 0.56400704 0.40804636
toaster 0.34761864 0.5455941 0.65698034 0.60743546 0.7539138
spoon 0.3470823 0.40540978 0.46843156 0.41035238 0.5060231
spoon 0.34422722 0.41398206 0.46931887 0.42275345 0.50447464
spoon 0.34089494 0.56761634 0.026088051 0.5833554 0.039705135
wine glass 0.3359092 0.35357574 0.84590644 0.38002872 0.8529958
spoon 0.33295527 0.44077563 0.9884835 0.46054193 0.999366
clock 0.33091262 0.49808827 0.6180901 0.5311258 0.6571041
wine glass 0.32563975 0.43421394 0.98865575 0.45766267 0.9993376
spoon 0.32013437 0.5829537 0.29933813 0.62745833 0.33013257
wine glass 0.30840945 0.43411422 0.9379981 0.45964974 0.94829756
