microwave 0.81417763 0.527308 0.75534636 0.9907316 0.99915296
cake 0.77862287 0.43614128 0.4388777 0.5198591 0.48461026
cake 0.7475537 0.44342643 0.54368085 0.51965076 0.58613986
sink 0.7176829 0.3467014 0.6350977 0.5508342 0.67339045
wine glass 0.61772746 0.3146783 0.15419279 0.36109543 0.16909279
cake 0.59481066 0.7377445 0.5574032 0.8115641 0.58648
toaster 0.56433123 0.5118589 0.12754153 0.55866176 0.28262818
cake 0.5425409 0.43278998 0.49751765 0.4553115 0.524893
tennis racket 0.47335094 0.45487928 0.8050842 0.52376276 0.82315266
spoon 0.44296253 0.20802327 0.12729916 0.24363942 0.16413447
wine glass 0.43539765 0.31644052 0.1396369 0.35970575 0.15398577
wine glass 0.43388748 0.31815335 0.1693802 0.35978818 0.17928247
sink 0.4321502 0.28968227 0.6598783 0.71223867 0.68773764
spoon 0.41173097 0.5307056 0.50171864 0.5630114 0.52601135
cake 0.30879065 0.42349213 0.4539653 0.45797458 0.48002994
tennis racket 0.3069721 0.48897395 0.8350232 0.53566504 0.8554327
