cake 0.9388264 0.66025996 0.47932005 0.9994339 0.7425231
cake 0.9153988 0.7193358 0.71737534 0.9972322 0.99993235
cake 0.91205275 0.5142385 0.7223608 0.60507476 0.82177526
cake 0.8723445 0.5244854 0.8250093 0.61960083 0.91230345
cake 0.8485329 0.6147171 0.2996346 0.92948806 0.51156706
toaster 0.7132689 0.51886773 0.10437655 0.5561029 0.3196285
spoon 0.70014054 0.47531733 0.4814111 0.49828622 0.5279248
spoon 0.6892824 0.42708173 0.47630095 0.44501844 0.50247556
banana 0.66920865 0.56313956 0.517561 0.5893117 0.62822926
spoon 0.6518838 0.49084735 0.34274885 0.5124271 0.39944896
couch 0.6390615 0.37533236 0.0 0.5431206 0.10400511
spoon 0.63903135 0.502379 0.8238905 0.5243562 0.8790189
couch 0.53483444 0.44541958 0.76796925 0.48640177 0.82572836
spoon 0.5048155 0.5142776 0.8588376 0.5280521 0.8950611
sandwich 0.48304886 0.49767545 0.84720266 0.5056923 0.8617167
spoon 0.48006555 0.4122496 0.5151686 0.44078574 0.5281012
spoon 0.47553053 0.4328947 0.49474382 0.44773197 0.51266223
clock 0.44218516 0.47062662 0.78834 0.48699746 0.8017799
book 0.43780845 0.46970108 0.4036442 0.50082153 0.42989764
spoon 0.4358723 0.56479365 0.49806735 0.60942394 0.6408265
cake 0.427671 0.5728943 0.94319326 0.633001 1.0
spoon 0.42204726 0.42573634 0.47617596 0.43257698 0.50245094
clock 0.41906622 0.5059774 5.638199e-05 0.5449896 0.01790377
cake 0.38831085 0.5232748 0.8828423 0.66956735 1.0
sandwich 0.38677424 0.50124955 0.8344911 0.5074364 0.8497785
banana 0.38354367 0.5777393 0.5876193 0.587722 0.60817444
clock 0.38058135 0.4804587 0.7886444 0.52321225 0.80519813
banana 0.37675586 0.56704426 0.5185449 0.5858451 0.5411271
tennis racket 0.35562146 0.49466556 0.11829837 0.53148955 0.13755797
banana 0.3289389 0.5745151 0.6052498 0.5865663 0.62355936
banana 0.30741736 0.57400966 0.53803235 0.58781636 0.56080604
