cake 0.8711747 0.44633764 0.8390542 0.54233634 0.9066591
cake 0.61775696 0.41993445 0.7136024 0.482093 0.75948346
clock 0.60286266 0.44392845 0.782093 0.52145284 0.8217526
toaster 0.59592485 0.48529798 0.47082913 0.52941966 0.5722363
wine glass 0.58765244 0.16679475 0.843228 0.19798428 0.8566985
tennis racket 0.5779093 0.45105192 0.059871957 0.49132472 0.076902315
microwave 0.4461473 0.4490321 0.092025995 0.7797649 0.27189314
spoon 0.40130055 0.4224742 0.22428071 0.44715965 0.26472571
tennis racket 0.36856827 0.45791042 0.03227083 0.5293585 0.056838516
toaster 0.35532817 0.4224742 0.22428071 0.44715965 0.26472571
wine glass 0.35055736 0.16913445 0.81337655 0.2055694 0.82975423
microwave 0.34289017 0.4559743 0.19294307 0.78418815 0.28101882
cake 0.31767386 0.3907413 0.52303904 0.45200422 0.56875604
spoon 0.31449324 0.48025382 0.04340923 0.5583335 0.0999987
tennis racket 0.31217086 0.45711213 0.0365116 0.49283606 0.05497206
couch 0.3099517 0.32773513 0.73279274 0.51576144 0.8728306
wine glass 0.3069753 0.2796577 0.69314146 0.30422634 0.70303905
