cake 0.87946314 0.5842804 0.553973 0.6732182 0.6362876
cake 0.85724896 0.6439606 0.5466031 0.99913335 0.7230766
cake 0.8458208 0.6609446 0.7662328 0.99740416 0.9791613
couch 0.72909147 0.46603832 0.4268119 0.5100424 0.44538286
tennis racket 0.67278004 0.47798887 0.32006833 0.54827017 0.33397207
spoon 0.6622837 0.5946296 0.65383196 0.6665415 0.80325377
couch 0.6507779 0.46495894 0.44863334 0.5133912 0.46746913
tennis racket 0.64610714 0.47632232 0.30267608 0.5527243 0.31756538
cake 0.61317915 0.5799308 0.7397871 0.80781406 0.8649689
cell phone 0.42092636 0.45734352 0.0 0.53244 0.019545853
toaster 0.33807996 0.5136791 0.46968073 0.5306736 0.5504045
microwave 0.31716472 0.45734352 0.0 0.53244 0.019545853
clock 0.31716135 0.4907691 0.4277737 0.51259804 0.44414753
