microwave 0.88763726 0.5410988 0.42866966 0.7603199 0.7404365
tennis racket 0.71682656 0.5132529 0.2727946 0.5552959 0.29471138
tennis racket 0.6970147 0.5193875 0.2530483 0.5558317 0.27346
cake 0.6087922 0.5109103 0.7858771 0.5806025 0.8972956
microwave 0.56174535 0.6591116 0.54710895 0.9537579 0.7276998
tennis racket 0.51789856 0.5251788 0.21203727 0.55720365 0.2319917
spoon 0.4540445 0.4731869 0.25017846 0.4856264 0.3037644
tennis racket 0.4438168 0.5230439 0.23267008 0.556594 0.25319147
tennis racket 0.43855214 0.51367277 0.21381226 0.5369614 0.22603148
tennis racket 0.4109919 0.51379406 0.2119561 0.5536902 0.2282887
fork 0.39709115 0.5030587 0.68969834 0.5168681 0.70199347
tennis racket 0.38156745 0.52460325 0.20278259 0.5566697 0.21798867
wine glass 0.3618364 0.40524423 0.19201884 0.43176895 0.245965
banana 0.34545502 0.65151507 0.95411223 0.6876437 1.0
fork 0.33932868 0.5027912 0.67798394 0.5168405 0.6893653
banana 0.33608857 0.62702394 0.9623782 0.6581929 1.0
tennis racket 0.33306745 0.5242146 0.22542821 0.54157937 0.2353708
tennis racket 0.3249655 0.51405156 0.21660212 0.5231888 0.22514914
