microwave 0.9169026 0.37604764 0.43557099 0.46183422 0.5544828
cake 0.888689 0.60722804 0.47421905 0.99256575 0.60683364
wine glass 0.78185236 0.50265074 0.5091158 0.5491287 0.54102385
tennis racket 0.7184828 0.41733897 0.033531457 0.51151466 0.056525566
cake 0.7118408 0.5156201 0.642144 0.8944698 0.76796716
microwave 0.6316293 0.26432312 0.21756242 0.55057406 0.33908242
cake 0.615929 0.39580402 0.8857359 0.5676893 0.9547443
cake 0.6096311 0.3894168 0.7891796 0.5645066 0.87942046
spoon 0.6005009 0.46604925 0.6585784 0.5002396 0.68648636
cake 0.5821076 0.39801422 0.7263053 0.4300239 0.737104
wine glass 0.57905126 0.44379613 0.75200343 0.4741207 0.77546346
wine glass 0.5241409 0.46604925 0.6585784 0.5002396 0.68648636
microwave 0.5102494 0.2653824 0.21632586 0.6520437 0.34077644
cake 0.5032578 0.3606179 0.72677976 0.43256146 0.75533456
spoon 0.47335392 0.44379613 0.75200343 0.4741207 0.77546346
cake 0.44324028 0.3740523 0.7319758 0.4415589 0.78005254
cake 0.40556258 0.436044 0.7521178 0.7991693 0.86076134
toaster 0.38461038 0.4438015 0.5610553 0.48388642 0.68395627
cake 0.37061518 0.5483592 0.75323206 0.8034784 0.8596924
cake 0.31583884 0.38823068 0.790598 0.46991575 0.8699576
