couch 0.7821279 0.44813165 0.3285315 0.52876335 0.37899584
microwave 0.74336356 0.55595547 0.16067407 0.9965718 0.36652467
tennis racket 0.5635185 0.4947991 0.073721796 0.6270529 0.09389879
tennis racket 0.51570946 0.5363461 0.061238475 0.6314199 0.06829009
clock 0.43148318 0.48778355 0.33860022 0.5283611 0.36808032
clock 0.43109474 0.5065021 0.86303455 0.5910825 0.89756876
clock 0.4080441 0.5996737 0.9143502 0.6958248 0.9398462
toaster 0.38064176 0.6288231 0.6656804 0.9018795 0.9225724
couch 0.33402717 0.42560807 0.833773 0.5261148 0.9348459
couch 0.3328779 0.5454613 0.9058862 0.70004123 0.9588194
