tennis racket 0.68108636 0.45361933 0.16015002 0.53332573 0.19525617
tennis racket 0.6755147 0.4869242 0.13460249 0.53397906 0.1672748
tennis racket 0.649797 0.5911952 0.6435786 0.6448045 0.6644556
tennis racket 0.6308991 0.48569354 0.23503678 0.53322154 0.26643035
tennis racket 0.62729174 0.49482015 0.8036731 0.52293277 0.823954
tennis racket 0.6049816 0.3446937 0.786998 0.4001648 0.8068173
tennis racket 0.5873188 0.48024186 0.7835686 0.5221692 0.805784
tennis racket 0.5584243 0.59886926 0.66261387 0.6478948 0.68677795
tennis racket 0.55389285 0.29001802 0.16791645 0.3445986 0.19998442
tennis racket 0.5488782 0.26406586 0.121194296 0.34312958 0.16523898
tennis racket 0.5412186 0.46358427 0.18532011 0.5349669 0.2340571
microwave 0.46316862 0.72629577 0.49507022 0.94987017 0.7922287
tennis racket 0.45934907 0.49339145 0.75348645 0.5235415 0.78099275
tennis racket 0.4179043 0.2869537 0.19584385 0.34965312 0.23275433
tennis racket 0.41010302 0.4451808 0.72982943 0.5055073 0.756209
tennis racket 0.4075732 0.34667233 0.735827 0.39722106 0.7613065
microwave 0.39580923 0.6378022 0.37064776 0.99025816 0.7995805
tennis racket 0.36882156 0.46483186 0.19352473 0.5079293 0.2218204
tennis racket 0.36378804 0.30487776 0.25443926 0.35226238 0.27741638
tennis racket 0.34515446 0.46517375 0.7704628 0.521988 0.7889026
tennis racket 0.32418525 0.28700128 0.20058645 0.32646665 0.2269877
tennis racket 0.32025698 0.32210097 0.18207176 0.34815088 0.2217798
