cake 0.9558262 0.59128284 0.4349541 0.80303025 0.562898
cake 0.75417703 0.58201635 0.5477504 0.76512647 0.622122
cake 0.7042546 0.5748135 0.61288476 0.7342608 0.6785103
spoon 0.62322485 0.47414345 0.31169924 0.48271066 0.33087042
spoon 0.5834744 0.46427095 0.31231084 0.47194028 0.33002982
spoon 0.57711875 0.46827632 0.33074716 0.48031145 0.36073226
couch 0.526418 0.47781855 0.550633 0.5594532 0.62686425
banana 0.47695786 0.540829 0.4767588 0.5543992 0.49367598
banana 0.46633202 0.5532513 0.47787282 0.5610722 0.48933902
clock 0.4632298 0.52808815 0.57392 0.5620944 0.59813726
banana 0.46259904 0.55968964 0.49042085 0.56727433 0.5062272
banana 0.43858802 0.5559176 0.5027204 0.56756175 0.5173829
banana 0.43786222 0.54923576 0.46326268 0.5578968 0.47610748
banana 0.41210717 0.54850405 0.4932122 0.5569926 0.5043301
banana 0.40678126 0.55783486 0.46606824 0.56776154 0.48285547
tennis racket 0.35425648 0.52917033 0.51860654 0.56185 0.5360284
spoon 0.35379642 0.56238776 0.4083553 0.57272214 0.4257134
cake 0.3162653 0.5587895 0.66658294 0.7034507 0.7152397
