couch 0.8463947 0.45851365 0.46059752 0.7321832 0.6294832
cake 0.80247706 0.8976813 0.4722367 1.0 0.6200413
tennis racket 0.790843 0.5866256 0.46792796 0.7640397 0.49852154
tennis racket 0.7251647 0.3823882 0.63118607 0.46509755 0.6455131
tennis racket 0.72150636 0.39419872 0.7642741 0.4649098 0.7853757
tennis racket 0.7195838 0.39908615 0.6800645 0.46526265 0.691886
cake 0.64338297 0.775024 0.8325449 0.98921806 0.9447856
spoon 0.6172736 0.38933057 0.81965286 0.4097359 0.85808724
cake 0.57715046 0.88908476 0.7701855 1.0 0.8975891
tennis racket 0.5708223 0.41074628 0.6646082 0.46529275 0.67559034
toaster 0.5595373 0.6128885 0.3513416 0.7282865 0.44320363
spoon 0.5441025 0.38481322 0.904463 0.4078779 0.93811554
spoon 0.5423927 0.31469205 0.82826614 0.33691517 0.8609588
cake 0.54163325 0.82369125 0.79591054 0.99919385 0.92701143
tennis racket 0.50185543 0.39961338 0.6487458 0.46533895 0.66245055
clock 0.48884788 0.6159616 0.51774454 0.73513234 0.56415546
wine glass 0.43171245 0.4121661 0.8401742 0.46091074 0.86059976
spoon 0.4257665 0.3413144 0.5058174 0.35318506 0.5267532
spoon 0.42048198 0.33015743 0.50682324 0.33439755 0.5257248
spoon 0.41744637 0.3715035 0.82243556 0.38358894 0.84562975
spoon 0.41645846 0.3282992 0.5625389 0.3340433 0.5847916
wine glass 0.38682702 0.39331907 0.55688614 0.4181822 0.57051855
orange 0.37989068 0.6348224 0.6821048 0.6828831 0.7513684
microwave 0.35935408 0.59756696 0.6049967 0.63650024 0.7807096
spoon 0.3229923 0.33827692 0.5622481 0.34974808 0.58492947
spoon 0.32166263 0.31466848 0.894092 0.3333022 0.9370727
