couch 0.87175256 0.21596453 0.4613088 0.31547028 0.50448084
couch 0.865056 0.20102641 0.50615805 0.31256974 0.5614533
banana 0.8346899 0.48114756 0.2649372 0.5486679 0.3657885
spoon 0.73847413 0.587795 0.4413508 0.656688 0.53994817
microwave 0.73515254 0.20256005 0.7984796 0.47860646 0.9100589
banana 0.6692471 0.546414 0.4478853 0.5955157 0.53253335
couch 0.49470985 0.36979902 0.09072902 0.48160726 0.21906722
spoon 0.40736887 0.6157722 0.3474678 0.6508219 0.40422806
banana 0.4030824 0.5776591 0.2991142 0.62426925 0.33095875
spoon 0.3790369 0.5314467 0.26027387 0.57932323 0.36301404
banana 0.37074474 0.59784585 0.34751403 0.62261194 0.4002372
banana 0.3543828 0.58106893 0.33537886 0.6186938 0.36403748
