cake 0.9636346 0.8022608 0.50118184 0.99738085 0.6650413
sink 0.96253234 0.3312174 0.045237288 0.6816984 0.20986693
couch 0.9581336 0.33548692 0.13347289 0.65325564 0.34649843
cake 0.9528711 0.802184 0.66731465 0.9960905 0.8661822
cake 0.9446785 0.7991 0.28322664 0.9986669 0.46202794
spoon 0.9011687 0.5789755 0.24805528 0.6710668 0.3519013
cake 0.900208 0.8035672 0.07509507 0.99455035 0.29753745
clock 0.8233777 0.54986465 0.19881502 0.65305054 0.28278714
couch 0.7913255 0.45008567 0.5739273 0.53987634 0.59965694
microwave 0.7860999 0.34051594 0.802035 0.66183555 0.9341643
couch 0.76815003 0.4515396 0.41923776 0.5384824 0.44494626
microwave 0.6863281 0.6112257 0.44579774 0.6626694 0.6608401
toaster 0.47690064 0.6112257 0.44579774 0.6626694 0.6608401
microwave 0.4042108 0.5128298 0.8052754 0.6549978 0.932164
tennis racket 0.35811207 0.46939483 0.67558795 0.5191719 0.6874592
sandwich 0.33069414 0.5783007 0.25253367 0.6252146 0.34527403
