cell phone 0.880968 0.25018838 0.8475399 0.35357794 0.9129307
tennis racket 0.79677534 0.16410428 0.81013477 0.2542721 0.8268814
sandwich 0.72905684 0.5055335 0.90594923 0.51999956 0.9202858
spoon 0.7216937 0.3354886 0.80815655 0.36129835 0.8354619
tennis racket 0.7197912 0.17168182 0.79552615 0.25291112 0.8120048
microwave 0.64917606 0.41294688 0.54980147 0.82461435 0.71299505
tennis racket 0.6363014 0.45126504 0.2954076 0.5629048 0.33204305
spoon 0.6285122 0.33650944 0.7730545 0.35992196 0.8016621
sandwich 0.6057787 0.5009415 0.89317226 0.52068317 0.90780485
couch 0.59058225 0.41387507 0.44672632 0.50239563 0.5012904
spoon 0.57376623 0.3195391 0.80879694 0.33052504 0.83566064
sandwich 0.5350851 0.50753504 0.88260853 0.52071506 0.8958198
toaster 0.5255815 0.56700194 0.8947978 0.63267696 0.9993199
wine glass 0.5255583 0.5232004 0.28787193 0.57559925 0.31141213
wine glass 0.51095146 0.52122605 0.26959914 0.56960535 0.29143828
spoon 0.5064934 0.12202953 0.7811885 0.14296323 0.8291428
clock 0.49437755 0.45854682 0.4590451 0.49825326 0.48846388
spoon 0.48397204 0.5371345 0.31974956 0.57033205 0.37722138
tennis racket 0.47183436 0.18334584 0.82678556 0.2544652 0.84282935
spoon 0.40538424 0.3216613 0.80816984 0.35283 0.8363335
tennis racket 0.3052621 0.43504354 0.38216275 0.50998944 0.40469772
