tv 0.96945244 0.65497434 0.17859161 0.7911035 0.29389438
cake 0.93534815 0.7768233 0.056430362 1.0 0.24458662
spoon 0.87992346 0.6662829 0.49455646 0.74677867 0.55522346
clock 0.8638128 0.60924816 0.12439132 0.76546234 0.17782184
tennis racket 0.7330798 0.62840486 0.04230034 0.76948833 0.07060104
tennis racket 0.7198074 0.6270442 0.07827507 0.7691282 0.10709193
wine glass 0.6866022 0.7163342 0.8424034 0.753377 0.88167393
spoon 0.5073172 0.6493997 0.8455014 0.6707885 0.8780532
clock 0.5018677 0.69985336 0.9703801 0.8273418 1.0
wine glass 0.49710098 0.6314135 0.87559474 0.66395885 0.901567
tennis racket 0.43683556 0.5550749 0.8266522 0.66458863 0.84652716
tennis racket 0.39392745 0.60737914 0.4110052 0.753326 0.47451407
wine glass 0.36786568 0.7592365 0.9096693 0.8169452 0.95398283
spoon 0.3379891 0.6314135 0.87559474 0.66395885 0.901567
tennis racket 0.3078932 0.6017517 0.58763564 0.68137 0.63774955
