cake 0.90539736 0.70747906 0.7572908 0.999085 0.934125
cake 0.8658105 0.7047033 0.07570815 1.0 0.24720046
couch 0.7957375 0.46588665 0.6088739 0.5851704 0.65101665
spoon 0.78384423 0.64041716 0.35525677 0.67789125 0.40483043
couch 0.7634472 0.47267333 0.31964964 0.5850127 0.39607018
spoon 0.73105735 0.64028126 0.15408951 0.67966074 0.20747837
spoon 0.71597904 0.6406323 0.58650506 0.6796408 0.6351601
microwave 0.5999121 0.5726914 0.03467142 0.6640119 0.16472846
cake 0.5585712 0.7109959 0.31192023 1.0 0.45116955
bowl 0.5023058 0.597496 0.7747032 0.6310209 0.7923749
spoon 0.4748592 0.6377844 0.80325943 0.6801246 0.85490185
bowl 0.45924762 0.59314597 0.732392 0.6309152 0.7773133
clock 0.45250705 0.47367838 0.25314298 0.65334624 0.29202506
microwave 0.44945627 0.35562518 0.029775336 0.54965746 0.16793495
microwave 0.4447603 0.35549694 0.023619652 0.66971326 0.16892855
clock 0.41404924 0.5302627 0.2957222 0.6556717 0.3242197
toaster 0.35142154 0.6305358 0.41146702 0.65198594 0.5063899
tennis racket 0.34233147 0.47367838 0.25314298 0.65334624 0.29202506
spoon 0.3302701 0.6279264 0.7225067 0.65681964 0.79680103
