microwave 0.89600545 0.5949076 0.7577973 0.87196034 0.93393236
toaster 0.87109804 0.6710922 0.3813849 0.72691846 0.58335215
couch 0.79624104 0.53722537 0.30353373 0.7297517 0.41144222
couch 0.7894036 0.5035373 0.5693513 0.6313934 0.6692691
clock 0.76206785 0.58043426 0.5922276 0.6310624 0.63196707
parking meter 0.5774547 0.7741992 0.00030820072 0.9845834 0.29117858
clock 0.5259399 0.6758879 0.32847095 0.73468274 0.36221868
wine glass 0.47807717 0.3333251 0.64071125 0.364992 0.662268
wine glass 0.4536308 0.30934426 0.63547355 0.3351741 0.66565603
wine glass 0.38162625 0.38696277 0.64421356 0.4248657 0.6547681
wine glass 0.3802755 0.3856955 0.65314984 0.42412472 0.66376066
wine glass 0.3760527 0.38770714 0.6340062 0.42473847 0.64323896
wine glass 0.35629627 0.30639184 0.6660876 0.36361977 0.68185794
wine glass 0.34514832 0.38657215 0.66624564 0.42364377 0.6807533
