cake 0.9635122 0.67057896 0.088083476 1.0 0.28355333
cake 0.935275 0.68230605 0.5648894 1.0 0.72664565
cake 0.90976775 0.671122 0.7269995 1.0 0.92431164
cake 0.8443229 0.6774084 0.29322144 0.9970928 0.4374363
spoon 0.76728004 0.64465976 0.23996645 0.678974 0.2939822
spoon 0.64122176 0.6117234 0.30732605 0.64918375 0.3537251
sandwich 0.58215016 0.48075154 0.3677267 0.5019693 0.38532326
sandwich 0.56351376 0.48171678 0.3529481 0.50091004 0.36890313
wine glass 0.5586881 0.5875458 0.21954717 0.66167295 0.23775421
spoon 0.5235229 0.5001304 0.34826782 0.51729345 0.38796946
couch 0.47090936 0.40389493 0.56935537 0.49445757 0.5888729
clock 0.44663307 0.46216246 0.57255113 0.49553138 0.5856563
wine glass 0.40288582 0.5921484 0.23339519 0.65673053 0.25522113
spoon 0.38123092 0.52415866 0.2888207 0.5414119 0.34920952
wine glass 0.33754516 0.6117234 0.30732605 0.64918375 0.3537251
toaster 0.3035956 0.4829209 0.6230463 0.49903148 0.66980577
