cake 0.75211847 0.6562198 0.14272411 0.909584 0.36545777
couch 0.72756857 0.40853047 0.21879151 0.50296 0.3011284
cake 0.7183615 0.6179103 0.13113521 0.8223185 0.28333473
microwave 0.6766394 0.47195435 0.4354379 0.53076994 0.50113845
cake 0.6748891 0.55913514 0.13573462 0.6172282 0.21725744
spoon 0.54481536 0.50481987 0.20056902 0.5210345 0.27386785
cell phone 0.5317423 0.43223894 0.435785 0.47068912 0.5016913
cake 0.48227814 0.6003429 0.07767482 0.7628643 0.16022605
toaster 0.4681703 0.51459223 0.3681868 0.5368714 0.4548081
cake 0.450662 0.51230764 0.02967439 0.56165624 0.092563204
cake 0.44425324 0.5157798 0.028234111 0.68330747 0.106510885
microwave 0.44225734 0.5004662 0.60403204 0.5735494 0.7589022
banana 0.36845365 0.4946179 0.24375215 0.507029 0.26753095
banana 0.3673098 0.4969523 0.22527665 0.50626826 0.25073737
microwave 0.3645997 0.4896282 0.7219418 0.52091753 0.8739338
clock 0.35247868 0.46910888 0.23900524 0.5033439 0.28064427
cake 0.3390422 0.5666374 0.04235828 0.69501543 0.14938045
cake 0.32739112 0.52136654 0.055082355 0.57560045 0.124430865
sandwich 0.306208 0.4969523 0.22527665 0.50626826 0.25073737
fork 0.30196503 0.46051726 0.6745243 0.4795104 0.68378514
