microwave 0.8071121 0.3062424 0.17834727 0.4081816 0.34421986
tennis racket 0.6904898 0.33163828 0.04394048 0.40153307 0.075230874
cell phone 0.6879707 0.3062424 0.17834727 0.4081816 0.34421986
couch 0.67954445 0.3248595 0.707046 0.40635592 0.74354184
couch 0.6724147 0.36813325 0.73852193 0.40632594 0.77635014
tennis racket 0.6049982 0.331674 0.079857126 0.41658708 0.11497605
spoon 0.59347916 0.41713148 0.00044660614 0.4382525 0.10959877
toaster 0.5643849 0.41789624 0.6739105 0.4370521 0.8793951
clock 0.5290033 0.38243216 0.714609 0.40523213 0.7386219
couch 0.52140033 0.3571433 0.715025 0.40541968 0.73774385
clock 0.5145164 0.3887954 0.74143624 0.40667877 0.7662998
wine glass 0.48937553 0.14500815 0.594528 0.16901219 0.61401886
sandwich 0.47424957 0.40730572 0.11355429 0.43300295 0.14227854
wine glass 0.46289852 0.21609083 0.47519454 0.23947123 0.4896088
spoon 0.42827946 0.41879845 0.068672314 0.43670726 0.11295461
wine glass 0.41495347 0.21316563 0.619945 0.23688065 0.63251764
banana 0.39764073 0.41362983 0.14919229 0.43252635 0.18496916
wine glass 0.38897642 0.14852457 0.49037454 0.17378254 0.51073205
sandwich 0.38609317 0.41195515 0.9124385 0.43608013 0.93928564
bowl 0.3760264 0.3788881 0.9128577 0.41182998 0.938675
spoon 0.36844656 0.3945785 0.0 0.4375989 0.107731186
bowl 0.3620189 0.37109965 0.884473 0.39767343 0.9130079
wine glass 0.3470935 0.2165069 0.41241103 0.23913717 0.4293028
microwave 0.32828248 0.5033707 0.8168614 0.7663943 1.0
