cake 0.963809 0.6910176 0.40604562 0.9921701 0.6298824
cake 0.96192443 0.67267615 0.24863677 0.9980505 0.4567899
cake 0.87534153 0.8135441 0.6949135 0.99746317 0.8560369
clock 0.828186 0.5117108 0.5634091 0.6429941 0.5966706
spoon 0.79145765 0.5885103 0.5936713 0.6479512 0.66018915
couch 0.6995408 0.3683465 0.51529074 0.6438648 0.6686866
cake 0.68588036 0.6099068 0.86884767 0.99999297 0.94821125
couch 0.61449456 0.43949592 0.9463355 0.5879572 0.9809167
couch 0.58009726 0.52344275 0.42978764 0.57434607 0.4481635
spoon 0.5697883 0.5362087 0.76898897 0.57482 0.81855416
spoon 0.5591671 0.55461544 0.90628254 0.58533746 0.9441248
couch 0.55283517 0.48536542 0.59274626 0.6349763 0.66817844
couch 0.52862316 0.52470917 0.40825063 0.5732911 0.42661345
wine glass 0.5227081 0.25244662 0.12063506 0.29925138 0.14074391
banana 0.47992006 0.59474343 0.62122375 0.61749524 0.63978475
clock 0.46858764 0.5397479 0.94901556 0.58753854 0.9755843
toaster 0.45045358 0.5790367 0.32158118 0.59948117 0.40825582
banana 0.3897091 0.5845893 0.5973606 0.6064154 0.6163964
wine glass 0.37456572 0.24711913 0.10537569 0.29587054 0.11581494
cake 0.3727037 0.6558798 0.69501704 0.9914877 0.8796056
sandwich 0.35598767 0.5845893 0.5973606 0.6064154 0.6163964
wine glass 0.3195325 0.33225203 0.13320698 0.36625782 0.14237009
