cake 0.968298 0.66094285 0.3491141 0.931719 0.45937726
cake 0.9432968 0.6640324 0.5279129 0.9362642 0.6309224
cake 0.906909 0.65983236 0.6931263 0.9328601 0.809845
couch 0.5321062 0.5298591 0.7052512 0.57754576 0.7385793
cell phone 0.5104944 0.37263718 0.15703493 0.50231296 0.22332528
microwave 0.44976002 0.5149631 0.15878843 0.6549903 0.22740899
cake 0.41530946 0.57337695 0.891298 0.65478826 0.9332723
microwave 0.38945094 0.37064666 0.15253939 0.64557683 0.2339599
cake 0.35600287 0.6325213 0.8418086 0.85397667 0.94455475
cake 0.3494012 0.5718731 0.9737875 0.5949318 1.0
cake 0.34558183 0.60630447 0.96485233 0.7619067 1.0
