sink 0.8399778 0.32968658 0.16976662 0.62577295 0.31824994
couch 0.7287774 0.49708405 0.44627237 0.5772583 0.47791046
fork 0.6722876 0.5507382 0.541593 0.56982315 0.558351
sandwich 0.6708495 0.6672377 0.4529835 0.6983937 0.47896618
fork 0.6120544 0.51885647 0.5549468 0.5408066 0.56772566
microwave 0.5983752 0.39678708 0.016758181 0.6899236 0.16652012
knife 0.583504 0.5138108 0.6214051 0.5534091 0.63876724
couch 0.5558393 0.5711821 0.2934251 0.6928002 0.37459472
sandwich 0.4988092 0.66859394 0.47705036 0.69851625 0.5046662
clock 0.49880362 0.5350657 0.44705552 0.5744289 0.47680795
tennis racket 0.48693526 0.55912715 0.8230446 0.62058437 0.8375403
sandwich 0.46810824 0.69335073 0.45516014 0.7176342 0.47731614
knife 0.45687604 0.52243656 0.6498425 0.55288935 0.66518855
spoon 0.44864076 0.5873218 0.71760803 0.61686784 0.78657895
knife 0.43708476 0.52381665 0.6447566 0.5527514 0.65505105
cake 0.41260234 0.67213935 0.060313217 0.99042946 0.22377872
banana 0.41187498 0.68576014 0.49696583 0.7188013 0.5283368
spoon 0.40785375 0.6520334 0.34416354 0.7409161 0.4401691
tennis racket 0.40338394 0.52746207 0.8392733 0.6319571 0.85765
sandwich 0.39218888 0.69535255 0.4711397 0.7193134 0.50011116
tennis racket 0.37941372 0.5666184 0.83677346 0.6339688 0.85394865
toaster 0.367013 0.5804301 0.30793935 0.64857966 0.41470116
cake 0.32874793 0.67853826 0.062235966 0.99461365 0.3005197
tennis racket 0.31584036 0.5319483 0.8436393 0.5656546 0.8530943
tennis racket 0.31415048 0.5576482 0.83458465 0.58857995 0.8412346
banana 0.31332922 0.6717712 0.5051341 0.7071343 0.53180015
