cake 0.8989852 0.5578613 0.88607556 0.79612654 1.0
cake 0.88482934 0.61921525 0.64718133 0.724036 0.7026579
cake 0.87622654 0.70029867 0.32874426 0.8904562 0.43327448
cake 0.81567466 0.68674535 0.26142162 0.85972387 0.35122395
cake 0.7921919 0.6719528 0.20022103 0.8308613 0.27944532
cake 0.74194175 0.60879624 0.68165505 0.7048497 0.72699094
clock 0.6645802 0.5242256 0.27119905 0.5909942 0.29656446
couch 0.62480193 0.43537235 0.2357819 0.59344584 0.3469674
cake 0.59712017 0.6579395 0.15913628 0.80355984 0.2208242
cake 0.5568662 0.5653831 0.833731 0.73408544 0.89068764
cake 0.53109205 0.5991127 0.70526206 0.69075143 0.7441983
parking meter 0.4784562 0.80391866 0.00012230873 0.9934197 0.17781094
cake 0.44211152 0.5376091 0.7004092 0.5555196 0.7491205
clock 0.4399449 0.5341475 0.58199966 0.5854772 0.59497523
cake 0.40985623 0.5332947 0.90208143 0.5637024 0.96669537
cake 0.39145705 0.5963163 0.716482 0.68142796 0.7561504
chair 0.37548193 0.82541126 0.587758 0.99411786 1.0
cake 0.37020108 0.62201756 0.06536694 0.8100458 0.14136793
bicycle 0.36613625 0.517663 0.83311343 0.5365336 0.8748983
cake 0.34154147 0.82541126 0.587758 0.99411786 1.0
chair 0.33122674 0.55180484 0.7499674 0.6434353 0.82291526
cake 0.33063957 0.56017697 0.8481788 0.6081817 0.8611081
couch 0.32396412 0.5570048 0.8981187 0.60543835 0.92807096
cake 0.31915736 0.5514716 0.87413865 0.57823986 0.8959318
