cake 0.90727985 0.29660374 0.1534544 0.556375 0.27971733
clock 0.8934961 0.23971392 0.18800235 0.31443903 0.22114879
clock 0.87720746 0.35015848 0.3117313 0.4528773 0.35773924
spoon 0.8170825 0.24754891 0.7671785 0.29427272 0.82946306
clock 0.75548804 0.27123243 0.13886127 0.31642237 0.1695072
spoon 0.737712 0.2582397 0.88539386 0.29397002 0.9490452
cake 0.73688835 0.36443076 0.569529 0.5954637 0.6849759
spoon 0.70929307 0.4486693 0.87248003 0.49198264 0.9267731
couch 0.6501576 0.0836727 0.6455269 0.12610492 0.67255104
cake 0.645618 0.28435677 0.26069278 0.4994235 0.32943863
wine glass 0.5469086 0.25979668 0.8324129 0.29337844 0.86576825
spoon 0.52448606 0.23241137 0.884611 0.25789228 0.92312896
cake 0.49232036 0.298753 0.0 0.53738594 0.106631905
spoon 0.4797023 0.24222907 0.97682 0.28180054 1.0
clock 0.45846945 0.24029495 0.14114857 0.31348306 0.19299638
cake 0.43791524 0.295139 0.061878454 0.4019583 0.1686619
tennis racket 0.3854622 0.20593987 0.65160173 0.25839818 0.6677658
wine glass 0.37624216 0.1691903 0.6456083 0.19507214 0.65783083
couch 0.37511444 0.1523517 0.83210933 0.19337359 0.8541511
clock 0.36695784 0.11026553 0.6499193 0.12555765 0.66522014
clock 0.32639703 0.011896029 0.64434355 0.038545556 0.66995806
cake 0.31890777 0.30314642 0.00040073693 0.54090184 0.16717653
clock 0.31358957 0.07415588 0.83208406 0.12751849 0.8593409
banana 0.30322868 0.44806573 0.8852364 0.4623677 0.9071076
knife 0.3028245 0.074868105 0.8454435 0.10569202 0.85993814
