cake 0.9455543 0.69877774 0.43182445 1.0 0.55572975
sink 0.9375427 0.45060697 0.3221104 0.62425834 0.3781802
cake 0.8866078 0.6247924 0.2232236 0.89998686 0.28961006
cake 0.7375237 0.65391123 0.2768064 0.9302439 0.36076862
spoon 0.69813913 0.6573466 0.4835933 0.69011647 0.5448268
spoon 0.6508399 0.5854454 0.7107945 0.62999314 0.7592538
tennis racket 0.6295431 0.5551633 0.47073472 0.5916416 0.47646278
tennis racket 0.59974235 0.55685633 0.47706518 0.5912367 0.48479447
spoon 0.59312725 0.6179146 0.27859348 0.63575846 0.3206963
tennis racket 0.5907874 0.5531166 0.46376055 0.59152895 0.47022974
spoon 0.5400011 0.6307687 0.4160587 0.6569708 0.44033793
toaster 0.5235672 0.59869033 0.50953746 0.61070913 0.5794536
tennis racket 0.5121363 0.55440617 0.45246163 0.59057003 0.45753703
cake 0.47284922 0.6677688 0.29431134 0.9882434 0.4440164
cake 0.46260408 0.66637087 0.29495612 0.9652312 0.4429911
spoon 0.4482137 0.62549293 0.3314729 0.65160114 0.37464818
spoon 0.43081442 0.64630914 0.39781013 0.6670238 0.45176205
microwave 0.3968604 0.59947383 0.08556056 0.73736906 0.1980021
spoon 0.3543249 0.5817896 0.42433882 0.5922562 0.4482876
cake 0.30077705 0.665413 0.34596708 0.9660517 0.43187764
