cake 0.98060405 0.626761 0.30945024 0.9355739 0.43058476
cake 0.9781868 0.6173964 0.2107334 0.8998937 0.32516757
cake 0.9630387 0.65070736 0.43991372 0.9806535 0.5556848
cake 0.9528812 0.60887486 0.12986249 0.8751378 0.22714135
microwave 0.75171334 0.5296436 0.4400065 0.5979647 0.57180095
couch 0.5790431 0.5007687 0.049760416 0.557712 0.085249424
couch 0.55714154 0.45515078 0.15562314 0.5239423 0.19176283
tennis racket 0.54474884 0.50339395 0.35352838 0.5345623 0.36144054
clock 0.49109155 0.4976141 0.16080123 0.52526087 0.17651722
tennis racket 0.48532075 0.49844575 0.34309205 0.5341354 0.34973678
book 0.46042538 0.52389795 0.09920151 0.54894954 0.113276474
tennis racket 0.39363575 0.53091013 0.65725666 0.5635923 0.6701276
spoon 0.39030433 0.518799 0.39802456 0.5442966 0.41794848
clock 0.35579073 0.5333954 0.056031007 0.5575968 0.07288112
