cake 0.9470012 0.5561424 0.46809578 0.9947928 0.6310991
couch 0.84160715 0.26327857 0.22294497 0.5168301 0.3504871
cake 0.82003266 0.5192783 0.2780105 0.94056344 0.38258344
couch 0.75225765 0.46791834 0.70395297 0.5474357 0.76186925
spoon 0.72800046 0.2785916 0.7862523 0.30337152 0.8119617
spoon 0.6183692 0.40818933 0.83619356 0.43095052 0.86297154
microwave 0.59247035 0.5074473 0.4444835 0.56465334 0.55310696
spoon 0.5877297 0.29575038 0.08974429 0.30668032 0.10751269
spoon 0.57523 0.29374832 0.06948531 0.3053576 0.083575845
cake 0.5571003 0.5073154 0.22002879 0.8215683 0.27560285
spoon 0.53498656 0.21652195 0.83164936 0.23519795 0.86527103
clock 0.5147657 0.43645746 0.2992817 0.5300884 0.32386842
wine glass 0.5056203 0.28150678 0.8322271 0.29538342 0.8463305
spoon 0.4978748 0.49613634 0.33603004 0.5269127 0.3868213
microwave 0.48296297 0.5010434 0.12201161 0.6983206 0.22474536
wine glass 0.4828415 0.32962808 0.8031088 0.34713534 0.8125951
spoon 0.44655457 0.28150678 0.8322271 0.29538342 0.8463305
spoon 0.43136463 0.3851363 0.79597974 0.4037507 0.81087565
wine glass 0.40905777 0.33023638 0.8390942 0.34129438 0.85303265
microwave 0.3997958 0.5266087 0.51084965 0.55922455 0.5524047
spoon 0.37325042 0.288375 0.008965037 0.3004449 0.02872856
spoon 0.3721455 0.5056098 0.35941795 0.5270444 0.3882877
sandwich 0.34845293 0.5040533 0.34704947 0.52309066 0.36023295
spoon 0.34151933 0.2334781 0.7865039 0.2446525 0.81030107
spoon 0.33919877 0.34233066 0.8374957 0.354846 0.8551295
toaster 0.3335848 0.5244657 0.5587938 0.5490707 0.6706717
sandwich 0.31144416 0.49263847 0.34754485 0.5067966 0.3748502
