spoon 0.8740798 0.71315736 0.64956915 0.76283675 0.7067727
spoon 0.7302609 0.65863115 0.47461984 0.7013415 0.52635247
spoon 0.6959659 0.81459403 0.23597541 0.85101664 0.27555278
clock 0.6851027 0.4639663 0.7258599 0.541479 0.7496401
spoon 0.65084565 0.5443258 0.5405311 0.5794752 0.57581013
couch 0.64448005 0.49747062 0.5746603 0.5421423 0.60157645
couch 0.6150041 0.49082038 0.60390735 0.53967047 0.6245177
wine glass 0.59938484 0.77889615 0.6286616 0.8595167 0.66142577
spoon 0.5862119 0.52091813 0.6740411 0.54509026 0.7137932
spoon 0.5728972 0.7914449 0.17316633 0.82828593 0.21370253
couch 0.5268157 0.47864583 0.62818515 0.5413875 0.6557195
sink 0.52631706 0.38603213 0.06008435 0.7584051 0.13059822
clock 0.5209153 0.6655805 0.36062485 0.70075107 0.38260514
wine glass 0.5055988 0.6457661 0.3428949 0.6894696 0.3633775
wine glass 0.42857236 0.653273 0.39095393 0.6956036 0.41797516
microwave 0.4071916 0.37366167 0.28303054 0.5706018 0.36978993
clock 0.3872287 0.5219122 0.57994 0.5434013 0.5949407
clock 0.35991067 0.51925355 0.63275063 0.5407494 0.6468538
clock 0.35870185 0.52003336 0.60691416 0.5425542 0.6213412
microwave 0.3366076 0.39629054 0.28973836 0.49071255 0.3627634
microwave 0.33180714 0.37388238 0.2857926 0.48981348 0.36679953
spoon 0.31910232 0.7128139 0.20509012 0.7487196 0.2353084
couch 0.317323 0.3341349 0.7162589 0.542811 0.7540114
spoon 0.3117693 0.6536486 0.636453 0.69515467 0.67036
