couch 0.96455073 0.48398787 0.20402338 0.6719147 0.27704948
couch 0.9524209 0.3679928 0.44325805 0.59885824 0.5535474
cake 0.73721236 0.55829483 0.7978395 0.6515116 0.88389075
couch 0.71538544 0.42223138 0.7161113 0.6364741 0.74256253
knife 0.63891846 0.60938716 0.15137178 0.6518675 0.1672824
microwave 0.5398531 0.66970384 4.0486455e-05 0.9884049 0.34805256
toaster 0.5117894 0.7034024 0.67004144 0.98992395 0.9200487
microwave 0.47139394 0.53675276 0.28473783 0.6260901 0.35820585
cell phone 0.44620284 0.53675276 0.28473783 0.6260901 0.35820585
microwave 0.4281017 0.7157851 0.00036220253 0.8713268 0.3157748
knife 0.4270119 0.6236511 0.12226778 0.65811884 0.14905357
knife 0.3917193 0.5940423 0.09396003 0.6377232 0.12261622
cup 0.38680565 0.61784637 0.15808506 0.65364444 0.19128023
clock 0.3865377 0.6222241 0.8983538 0.68322325 0.9261464
knife 0.36029887 0.5998591 0.16360119 0.636207 0.17880392
clock 0.34518236 0.60090905 0.90363866 0.65801674 0.9267811
cake 0.338011 0.6081085 0.9523924 0.6585026 0.97230214
chair 0.33208975 0.5566764 0.37011513 0.6086323 0.49251315
knife 0.3150113 0.6166606 0.15731975 0.65366715 0.19604212
knife 0.30893075 0.60506004 0.1325908 0.644338 0.15067837
