sink 0.8828113 0.4176691 0.76793784 0.62555766 0.9583364
wine glass 0.85911715 0.61533326 0.83601534 0.64618105 0.8910875
microwave 0.8010885 0.46724007 0.5025052 0.55303574 0.63680005
microwave 0.7052179 0.557567 0.50183165 0.6256721 0.6308078
microwave 0.67116284 0.57332337 0.08979954 0.6571531 0.2915782
wine glass 0.6692049 0.5860676 0.0016621663 0.63116616 0.05193654
couch 0.6449529 0.51133657 0.18287782 0.5692376 0.23665112
spoon 0.60063857 0.6137997 0.69005895 0.6314541 0.73665655
knife 0.5082466 0.5543156 0.017868029 0.5891225 0.035582103
sandwich 0.41745147 0.5981919 0.72879946 0.63264567 0.77776706
knife 0.40488023 0.56884605 0.0028434044 0.58935255 0.025647746
knife 0.39980242 0.5487617 0.034741797 0.57189775 0.04525028
broccoli 0.39142907 0.8226087 0.8383206 0.83525264 0.85457456
knife 0.37634748 0.5512344 0.03985618 0.58790714 0.05850433
sandwich 0.36297736 0.6114402 0.73678476 0.6332332 0.77668655
knife 0.33726394 0.5696709 0.028713651 0.5892106 0.038480006
bowl 0.31455463 0.5970745 0.86551946 0.63354325 0.9436103
