wine glass 0.7090066 0.31106812 0.20210087 0.363024 0.24757537
wine glass 0.57994276 0.2938294 0.023632905 0.32948503 0.06253139
wine glass 0.5600474 0.39949396 0.1674482 0.44281426 0.21630174
wine glass 0.4964987 0.3978783 0.14082494 0.4401701 0.17002621
wine glass 0.45521468 0.28202397 0.0 0.32416505 0.014594495
toaster 0.45060962 0.52707887 0.7162877 0.5638766 0.8802481
wine glass 0.45021695 0.15919322 0.011733989 0.20476526 0.07614163
wine glass 0.43405744 0.29483485 0.14188173 0.35178053 0.18902916
wine glass 0.4337645 0.4123734 0.3411193 0.44878826 0.3694689
wine glass 0.40590155 0.40970948 0.369432 0.4510329 0.39764622
wine glass 0.4043394 0.41812006 0.042682458 0.43570206 0.066265404
wine glass 0.3685567 0.40755838 0.3274627 0.4489575 0.34652936
spoon 0.33975708 0.2050573 0.14264637 0.2516698 0.22201036
wine glass 0.33101317 0.1495807 0.0 0.19085144 0.01988052
wine glass 0.33045793 0.15895903 0.008247064 0.19716367 0.04486387
wine glass 0.31108463 0.41886163 0.0028629038 0.43477732 0.0389256
