microwave 0.9650544 0.3889585 0.2550091 0.47992465 0.42134506
cake 0.95734006 0.48304322 0.49683347 0.9452668 0.7402576
cake 0.8200637 0.44293514 0.71156144 0.7869733 0.8009405
cake 0.775144 0.36778378 0.66154903 0.4043956 0.71773654
cake 0.75232 0.37153 0.7386282 0.411538 0.805255
cake 0.7210866 0.3955768 0.82491153 0.6285169 0.8671575
sink 0.6815212 0.113027744 0.0061392337 0.6848912 0.16933177
cake 0.67283815 0.41115293 0.7743052 0.6924161 0.8474735
clock 0.6333587 0.42126292 0.6094437 0.4553519 0.6433198
couch 0.53522056 0.38149452 0.59210545 0.45414877 0.667936
clock 0.4736705 0.33800521 0.7948331 0.36003354 0.8096835
couch 0.4575036 0.2880814 0.86815786 0.3842109 0.90927887
toaster 0.43522754 0.38715127 0.9589794 0.40084544 0.99932414
toaster 0.41299832 0.42648536 0.46953368 0.4546344 0.5650554
couch 0.3871419 0.34096003 0.87833476 0.38635525 0.91282916
couch 0.34572747 0.34067523 0.5903476 0.45646518 0.66372067
couch 0.32935652 0.31494188 0.7868687 0.3481968 0.8185334
microwave 0.30976102 0.43507975 0.16610986 0.5626717 0.23800051
