cake 0.9632842 0.61905503 0.45084393 0.9658738 0.57601404
cake 0.9599897 0.6196241 0.591921 0.9649805 0.72410846
cake 0.9494027 0.62025994 0.30485785 0.9645549 0.4331028
couch 0.843716 0.45947582 0.7123851 0.53946745 0.79780775
microwave 0.68511224 0.55256176 0.032600872 0.8638025 0.18910593
spoon 0.65801686 0.34495416 0.25372633 0.3687291 0.28178743
spoon 0.49724707 0.346282 0.19081672 0.3661842 0.22218378
toaster 0.45607558 0.544053 0.45228603 0.5499782 0.56628674
spoon 0.33806467 0.40659028 0.19353582 0.41836762 0.222555
spoon 0.3093774 0.39591253 0.254988 0.4180507 0.28514576
wine glass 0.3069467 0.346282 0.19081672 0.3661842 0.22218378
