cake 0.9539179 0.68195826 0.43460706 0.9722762 0.5621531
cake 0.94920695 0.68079925 0.77292264 0.97267544 0.93267
cake 0.9485352 0.6796373 0.6108103 0.9726385 0.75112736
cake 0.9299781 0.67166364 0.2604262 0.9703203 0.3986654
sink 0.8969101 0.2996676 0.0068392903 0.86297846 0.11456332
clock 0.8441922 0.5177792 0.34948236 0.587946 0.39913672
spoon 0.83424777 0.505869 0.6902985 0.5540028 0.76566416
couch 0.65480936 0.42918482 0.31936473 0.59134924 0.42710716
spoon 0.50214624 0.26698086 0.33955318 0.2869605 0.36733145
tennis racket 0.48765165 0.48483777 0.2703144 0.5520254 0.2946719
spoon 0.44172245 0.33897516 0.6175161 0.36060646 0.6621489
spoon 0.42652443 0.34391207 0.35473418 0.36428002 0.3995229
spoon 0.35100538 0.24017295 0.6412302 0.2827689 0.67259073
