cake 0.9235713 0.82442224 0.39464697 1.0 0.55320585
cake 0.9050628 0.82322854 0.1638259 1.0 0.3239983
microwave 0.8309807 0.5173342 0.80194616 0.6386122 0.9214635
wine glass 0.71080935 0.46964937 0.33852944 0.49099678 0.3538684
clock 0.6811442 0.33766368 0.2502513 0.38624847 0.28775895
wine glass 0.6702816 0.46967366 0.3198001 0.49086997 0.3347287
wine glass 0.6588254 0.46984783 0.30202264 0.49106228 0.3175091
wine glass 0.6460324 0.75700116 0.16735928 0.7909599 0.18759997
wine glass 0.6335712 0.7538957 0.27885622 0.7866129 0.30108726
wine glass 0.6195764 0.45353955 0.22682364 0.49109837 0.25444245
wine glass 0.6171327 0.44910452 0.36594248 0.4699694 0.38529044
wine glass 0.61466074 0.4698239 0.28347933 0.49122164 0.29921
clock 0.58510333 0.3337185 0.4556981 0.38659537 0.48402616
wine glass 0.56828266 0.46134955 0.25606498 0.49040228 0.28127316
toaster 0.5664472 0.62586445 0.44872606 0.6404564 0.5470251
wine glass 0.54240054 0.74049497 0.24575093 0.7706614 0.26505145
cake 0.5282153 0.72593486 0.25975138 0.75374055 0.34620303
wine glass 0.5005113 0.7450753 0.44563806 0.7778177 0.4656489
spoon 0.4813861 0.7390624 0.3447593 0.7667021 0.36337286
cake 0.4658425 0.76256746 0.5107377 1.0 0.64144284
wine glass 0.45566726 0.342592 0.5702772 0.38557723 0.5827826
cake 0.44576105 0.7600762 0.5357722 0.99541354 0.6402141
tennis racket 0.44238934 0.31122455 0.4893444 0.38541698 0.51704544
wine glass 0.44221732 0.7390624 0.3447593 0.7667021 0.36337286
sandwich 0.43580192 0.5986926 0.3130351 0.6173889 0.32516786
spoon 0.43152776 0.4595351 0.45703214 0.46794724 0.4875788
spoon 0.429135 0.45353955 0.22682364 0.49109837 0.25444245
book 0.42371848 0.35782474 0.3993942 0.38993102 0.42411458
wine glass 0.41838107 0.34199393 0.5572968 0.38595083 0.5704412
spoon 0.4112232 0.44271436 0.4568773 0.4525307 0.48682678
spoon 0.39529794 0.46827394 0.3598141 0.4880528 0.388793
couch 0.38974276 0.3418496 0.30642754 0.38646385 0.32432926
wine glass 0.37848943 0.7352444 0.27547568 0.78095424 0.29820824
wine glass 0.37561396 0.61667097 0.280987 0.6311385 0.290491
toaster 0.37166387 0.61522436 0.6623059 0.6380189 0.75031537
spoon 0.36375752 0.47174755 0.457012 0.48929763 0.48721343
wine glass 0.3622631 0.4368849 0.25513908 0.4588053 0.27884302
spoon 0.36142397 0.46134955 0.25606498 0.49040228 0.28127316
cake 0.3542355 0.7684129 0.084972575 0.9960052 0.2091154
spoon 0.34903157 0.727381 0.3635686 0.77883804 0.42324346
spoon 0.3433659 0.72710174 0.41948092 0.76544315 0.4987268
banana 0.32695445 0.5986926 0.3130351 0.6173889 0.32516786
cell phone 0.31770572 0.573766 0.23228249 0.6079584 0.27165142
