cake 0.89770836 0.78507197 0.6596734 1.0 0.88219815
spoon 0.8344709 0.59751856 0.44215134 0.72114015 0.62446654
sink 0.8218234 0.29111654 0.0 0.99081504 0.15452614
banana 0.7820591 0.59176457 0.45127386 0.6551969 0.6230846
spoon 0.7199299 0.63746536 0.4428861 0.71771544 0.62283814
couch 0.6871139 0.515113 0.8419668 0.58843595 0.8893606
tennis racket 0.61743104 0.5171673 0.46319997 0.5811101 0.47575468
cake 0.59830517 0.70139647 0.78707486 0.8724886 0.9493348
spoon 0.58636415 0.4836678 0.9116963 0.5199955 0.94533753
tennis racket 0.5569723 0.5161513 0.47690088 0.5789939 0.49391842
couch 0.5031618 0.4410054 0.77585024 0.595073 0.81481963
spoon 0.4909367 0.56058013 0.40037236 0.5896551 0.45648095
clock 0.47963658 0.4947213 0.660686 0.5860379 0.68095875
banana 0.45145187 0.62994784 0.46441212 0.65184826 0.48397353
banana 0.44247442 0.5989042 0.47899318 0.6526315 0.51938754
wine glass 0.4410322 0.43872848 0.9047313 0.46507886 0.9264772
apple 0.41447502 0.60451275 0.63646984 0.6308538 0.68142414
banana 0.4010398 0.54539603 0.42154846 0.5639067 0.44472042
wine glass 0.3968552 0.4365049 0.93464214 0.46490252 0.9539122
sandwich 0.37498617 0.56708086 0.494177 0.57896924 0.5042427
sandwich 0.3546095 0.5689539 0.48509085 0.5803419 0.49403542
wine glass 0.35213247 0.557944 0.788513 0.5949415 0.81102735
couch 0.31436673 0.42558962 0.6390887 0.58535546 0.692756
banana 0.31110737 0.6308142 0.5278858 0.65192264 0.5605234
carrot 0.30327332 0.60451275 0.63646984 0.6308538 0.68142414
clock 0.30105656 0.557944 0.788513 0.5949415 0.81102735
