cake 0.9721646 0.58394533 0.37610674 0.92007494 0.47239327
cake 0.9511974 0.56763303 0.60509723 0.88124925 0.7258641
cake 0.947948 0.5767899 0.49225098 0.9070446 0.60711104
cake 0.8859374 0.5545701 0.71645766 0.84465694 0.80379885
couch 0.84784776 0.46193206 0.54035664 0.56261694 0.65217376
clock 0.6550838 0.2033281 0.19034526 0.2503397 0.21918973
couch 0.58857316 0.44077176 0.839298 0.5215194 0.8682456
wine glass 0.56893444 0.4078139 0.29241422 0.43827644 0.30800626
microwave 0.5402129 0.5062821 0.33922434 0.5295433 0.4756251
wine glass 0.5366768 0.5009359 0.07533785 0.5256931 0.086343996
spoon 0.52307606 0.49607942 0.10359913 0.524983 0.14793512
clock 0.5206404 0.1994307 0.061620038 0.236457 0.088161975
couch 0.51214737 0.32858807 0.23665921 0.36545783 0.2655069
couch 0.4907722 0.48967165 0.91849744 0.5260193 0.960711
couch 0.4818239 0.44190958 0.64666146 0.5018018 0.67772764
clock 0.47099462 0.23382488 0.28136837 0.29463878 0.29922217
cake 0.46698758 0.5380931 0.79569435 0.80117697 0.8480691
clock 0.43002528 0.26077515 0.49089718 0.31176132 0.51330495
couch 0.40666872 0.38000458 0.5950833 0.43553174 0.6056774
wine glass 0.39927834 0.5009222 0.06336033 0.53185135 0.074319765
clock 0.39415357 0.5079212 0.5726586 0.55980545 0.6341954
clock 0.38063195 0.23662852 0.25977567 0.29288885 0.27640322
couch 0.37346366 0.4492641 0.8172254 0.51863813 0.843954
clock 0.37001085 0.53840816 0.54547375 0.56707764 0.58247477
clock 0.33117858 0.4841892 0.82329226 0.5209323 0.83936584
spoon 0.3236982 0.4148248 0.4772866 0.43677905 0.50543606
clock 0.3199709 0.20666151 0.13608299 0.24423012 0.15897809
couch 0.30940676 0.33378088 0.48126915 0.37525147 0.49812248
wine glass 0.3001975 0.40720913 0.26657477 0.43875304 0.28333953
