cake 0.83864206 0.5977124 0.6441712 0.87180394 0.7327221
couch 0.6946873 0.40169668 0.15463424 0.4810697 0.18416756
clock 0.6547542 0.4684462 0.8319176 0.50144726 0.849798
couch 0.65114063 0.43340757 0.8175386 0.5016716 0.86462784
toaster 0.64669836 0.49310705 0.42799696 0.5231183 0.54323614
cake 0.6346069 0.6185782 0.45444635 0.910424 0.58954763
couch 0.6151606 0.41743618 0.47802258 0.455193 0.49476862
banana 0.61269134 0.49643528 0.5899603 0.51766086 0.6086548
tennis racket 0.59002155 0.46329758 0.6116125 0.49411818 0.62445396
couch 0.5635691 0.40010613 0.07963487 0.48241013 0.118014835
toaster 0.4882012 0.5138599 0.2391546 0.52527976 0.32654497
banana 0.45825234 0.49093854 0.5528607 0.5195701 0.6141717
couch 0.44970044 0.39894688 0.46610114 0.4517825 0.481914
tennis racket 0.43689802 0.45385143 0.6028076 0.49195758 0.61161214
couch 0.39520377 0.38838467 0.118069105 0.4857303 0.15153654
banana 0.39427176 0.4889617 0.5854032 0.50396574 0.59866905
clock 0.3706365 0.4247834 0.4527918 0.45862934 0.46607786
banana 0.3678403 0.4962596 0.55784273 0.5145084 0.5727984
banana 0.34931207 0.50441587 0.5460597 0.5191912 0.5592189
cake 0.3439571 0.5915807 0.6575434 0.7732686 0.76745415
banana 0.34357467 0.5043055 0.60934836 0.51787215 0.6213121
banana 0.3252069 0.51358855 0.57897633 0.5222515 0.5954743
