cake 0.94077325 0.55945057 0.00030489717 0.90508276 0.3094501
cake 0.8785644 0.5437 0.3125178 0.8747655 0.5911834
tennis racket 0.68619007 0.33221382 0.9096967 0.35887343 0.9286238
clock 0.6188322 0.49700338 0.5582249 0.5379922 0.59092844
tennis racket 0.55371237 0.3325923 0.8924119 0.35883647 0.90987945
cake 0.5255224 0.52304006 0.06268222 0.5506089 0.19364004
spoon 0.5205812 0.5159088 0.24663268 0.5504945 0.38587403
clock 0.4743327 0.33860844 0.64350843 0.3712926 0.6639532
banana 0.45683873 0.51456404 0.26245242 0.5336884 0.31499052
cake 0.42284194 0.59311116 0.17515369 0.6283673 0.28289613
banana 0.42086664 0.5164012 0.31257817 0.53321624 0.3536233
toaster 0.41463786 0.5212949 0.62437075 0.5349304 0.7749191
toaster 0.40642205 0.5044806 0.70298684 0.516508 0.83114487
sandwich 0.37859103 0.5205987 0.3479459 0.5314037 0.3682956
banana 0.36904442 0.5205987 0.3479459 0.5314037 0.3682956
couch 0.36793363 0.45519844 0.52771693 0.5324382 0.60190135
banana 0.34560338 0.5177856 0.30941978 0.5316836 0.33733335
spoon 0.343715 0.50622296 0.33120573 0.52775526 0.38284537
tennis racket 0.31339478 0.34470305 0.9330833 0.3607541 0.94138545
