tennis racket 0.6634802 0.6569355 0.33640084 0.70822024 0.3487815
tennis racket 0.64343596 0.648051 0.3751291 0.70750016 0.3855965
tennis racket 0.62712115 0.64588267 0.36170197 0.7096823 0.37564707
tennis racket 0.6063816 0.7255381 0.3271347 0.7694068 0.34080717
tennis racket 0.59417063 0.65792143 0.32449436 0.7090555 0.33665258
microwave 0.560853 0.38664573 0.05315499 0.68470746 0.10465525
tennis racket 0.53263193 0.646248 0.3482418 0.7084495 0.3609004
tennis racket 0.50201875 0.72741014 0.33954334 0.76935315 0.3528192
couch 0.48835236 0.43043754 0.13571945 0.50198233 0.1825653
tennis racket 0.42759168 0.67564124 0.3105604 0.7086765 0.32361913
toaster 0.38320315 0.52575594 0.43468976 0.5367313 0.48506135
tennis racket 0.36811274 0.72278357 0.35191238 0.76976466 0.3656634
tennis racket 0.3644296 0.72511953 0.29846072 0.76938 0.3131814
tennis racket 0.3523264 0.6617604 0.298149 0.69903433 0.3092782
tennis racket 0.35210985 0.7265171 0.31190518 0.7686263 0.32540116
tennis racket 0.34387496 0.644098 0.29980847 0.67063683 0.31088945
tennis racket 0.34075698 0.6454421 0.3097143 0.7087911 0.32436517
