cake 0.93033344 0.65927196 0.54644966 1.0 0.9334388
cake 0.8607498 0.60956806 0.39544863 0.9259543 0.6318408
spoon 0.8469606 0.3563424 0.5502641 0.3896201 0.6339542
tennis racket 0.7812006 0.25610477 0.39330304 0.3797745 0.4633985
spoon 0.7609798 0.64246494 0.6331699 0.6767444 0.70918626
spoon 0.71871716 0.55722475 0.13354227 0.58635056 0.2684527
spoon 0.71243876 0.35037532 0.62564045 0.38927665 0.7169694
wine glass 0.6493301 0.36316288 0.29765275 0.38880754 0.35510978
spoon 0.6492843 0.63833326 0.8203399 0.6698697 0.8881251
tennis racket 0.58814794 0.523017 0.01643586 0.5717934 0.04366092
wine glass 0.5726405 0.62484276 0.7058135 0.6634499 0.7453487
spoon 0.46944365 0.36217445 0.18955056 0.38953722 0.27765676
wine glass 0.46057054 0.35667342 0.7372663 0.3896758 0.774682
wine glass 0.45963675 0.36359245 0.32147095 0.38873076 0.3554841
spoon 0.45763615 0.6223703 0.73169595 0.6456227 0.7920269
cake 0.4233873 0.7783192 0.00038681028 0.9994342 0.16619517
cake 0.41279402 0.58315194 0.88666356 0.68604755 1.0
chair 0.40505043 0.5814705 0.8636356 0.9304209 1.0
wine glass 0.3930354 0.36545926 0.29564512 0.38759112 0.32471478
tennis racket 0.3922797 0.5270893 0.0 0.57117015 0.017265601
spoon 0.37077212 0.37196964 0.0 0.38976914 0.06346133
clock 0.3484063 0.35037532 0.62564045 0.38927665 0.7169694
spoon 0.33708748 0.34610158 0.19266343 0.36215276 0.27458292
wine glass 0.3335748 0.63520926 0.7832588 0.659609 0.82032573
cake 0.32186994 0.7230294 0.0027114488 0.99902105 0.17147192
wine glass 0.31985167 0.6557315 0.8045623 0.69071037 0.84794056
spoon 0.31212828 0.3627839 0.09496646 0.39043117 0.15787688
