couch 0.8048489 0.47067165 0.7505036 0.59716773 0.8476711
toaster 0.7309346 0.6978898 0.21549515 0.86243063 0.5457599
tennis racket 0.5437176 0.53824145 0.60003334 0.5747893 0.6087244
fork 0.53093415 0.5245138 0.22476748 0.55299187 0.23267686
toaster 0.47550166 0.5785397 0.6535003 0.60189027 0.76551676
clock 0.4717618 0.55689627 0.7766649 0.6029168 0.81455797
fork 0.46977085 0.54252523 0.21851149 0.56336355 0.23026884
toaster 0.4644751 0.57239753 0.56448245 0.5895841 0.66609704
couch 0.4207577 0.50207037 0.07682866 0.5455177 0.100210354
tennis racket 0.3853745 0.52416164 0.6707467 0.58005565 0.6792257
couch 0.3452227 0.50495774 0.062893115 0.54592294 0.08081355
tennis racket 0.32609922 0.53437936 0.63812655 0.5779367 0.6547279
spoon 0.30052632 0.56283265 0.90004843 0.60082746 0.93397576
