cake 0.9348308 0.60242856 0.39505005 0.91625255 0.50705665
cake 0.8661204 0.57529205 0.31845465 0.83690345 0.38806382
cake 0.84733576 0.5901389 0.49782893 0.8554249 0.5701873
cake 0.8227272 0.58252835 0.56295526 0.80507004 0.62012494
clock 0.7148163 0.47894835 0.8956369 0.54934597 0.9364908
cake 0.69294935 0.5632702 0.4563967 0.58953214 0.5009725
clock 0.6272953 0.55251193 0.542092 0.59011644 0.55685395
couch 0.43789312 0.5103065 0.36239502 0.541065 0.39912626
tennis racket 0.41848814 0.51136756 0.6534422 0.55223715 0.67019516
cake 0.40207067 0.5698028 0.39927372 0.5982151 0.44899574
microwave 0.35989308 0.5337499 0.63528115 0.70108056 0.8126345
