microwave 0.9358421 0.54854506 0.68306583 0.81414765 0.88333386
sink 0.70111585 0.3540558 0.2679741 0.64433527 0.38466707
spoon 0.67633754 0.30340952 0.11206234 0.33371684 0.15877208
couch 0.6371908 0.46936995 0.8921086 0.595099 0.9692665
clock 0.6366627 0.54063964 0.9133549 0.5972596 0.9399172
clock 0.6284742 0.555299 0.20211697 0.5854221 0.22161725
spoon 0.60967135 0.3683736 0.025673343 0.39854905 0.061690114
spoon 0.5916142 0.55227876 0.0062893704 0.6103996 0.13198829
wine glass 0.5842481 0.39306253 0.21595554 0.41260487 0.23604922
wine glass 0.5707408 0.3138853 0.19740479 0.34224656 0.22242953
wine glass 0.55816853 0.44738495 0.1283343 0.46556982 0.14178623
spoon 0.5363975 0.3899536 0.11707787 0.40344676 0.15412943
wine glass 0.516022 0.43888104 0.19669676 0.46627966 0.2110002
wine glass 0.49303454 0.38951826 0.18803571 0.4102237 0.20931421
spoon 0.46071103 0.38951826 0.18803571 0.4102237 0.20931421
wine glass 0.44381782 0.44660145 0.11637066 0.4660678 0.13726859
wine glass 0.43431067 0.44903305 0.1420333 0.46658468 0.15857573
couch 0.40785038 0.511706 0.1884769 0.5853831 0.23515289
wine glass 0.3791662 0.44033462 0.22043422 0.46551737 0.2353701
banana 0.37704477 0.6644255 0.40750113 0.7181444 0.44099453
spoon 0.36832604 0.3138853 0.19740479 0.34224656 0.22242953
wine glass 0.3674275 0.4400058 0.20988517 0.46554226 0.22281356
sink 0.35467887 0.31286138 0.97339165 0.837851 1.0
