cake 0.9388064 0.56246734 0.530973 0.9258325 0.77056104
cake 0.86302453 0.5538793 0.73757786 0.886975 0.9319564
cake 0.82679266 0.5484859 0.8928047 0.8382745 0.9895521
cell phone 0.57456356 0.42803997 0.75413567 0.47356135 0.88265324
clock 0.56994236 0.47299224 0.45162147 0.5563746 0.5647665
couch 0.5417333 0.27080283 0.3877997 0.5534291 0.6080714
spoon 0.40923354 0.5452732 0.046094958 0.56176126 0.10454253
toaster 0.37220535 0.553449 0.19237773 0.5744273 0.3693037
cake 0.3475717 0.59606373 0.9642218 0.72828114 1.0
banana 0.34634054 0.5858939 0.19953547 0.6045838 0.23010057
