cake 0.9467661 0.71551573 0.28632754 0.8997637 0.40903
cake 0.92587775 0.7151108 0.424631 0.9073025 0.54599947
cake 0.9217432 0.71723366 0.15742658 0.90326464 0.28721893
cake 0.89049804 0.71628064 0.56855804 0.9062757 0.69169116
spoon 0.8654289 0.6124432 0.4017108 0.6518878 0.47657466
microwave 0.7976962 0.57469815 0.4807026 0.62543803 0.6975488
tennis racket 0.66593015 0.563446 0.7023985 0.58904904 0.71385705
tennis racket 0.4192315 0.56110865 0.6870558 0.5882291 0.7023471
fork 0.3333901 0.55092955 0.44105566 0.5709816 0.45505366
knife 0.31127882 0.55723035 0.46533155 0.57273555 0.47823572
