cake 0.9642383 0.7514351 0.38360715 0.9989541 0.5428017
cake 0.9516216 0.6694944 0.15187085 0.99765265 0.3350873
sink 0.90727615 0.40479252 0.39653373 0.59259313 0.49157637
couch 0.8312245 0.5056341 0.27998614 0.6109888 0.36266613
cake 0.6849535 0.69942683 0.4999383 0.92050713 0.61408883
toaster 0.66938347 0.60228384 0.41186476 0.62773794 0.4890154
microwave 0.6141474 0.47476488 0.56104684 0.6492263 0.5928371
fork 0.5933308 0.5249544 0.67111146 0.5437309 0.6829238
cake 0.5193975 0.6452339 0.05733159 0.9987542 0.17288122
cake 0.5115205 0.694965 0.49980393 0.985673 0.6141231
fork 0.5050663 0.55247253 0.6826461 0.5812786 0.70193714
fork 0.5025541 0.5396514 0.66436905 0.5520752 0.6766756
fork 0.46926156 0.5545062 0.66387105 0.5661503 0.67477894
wine glass 0.3525362 0.5829141 0.27254307 0.6221055 0.2936448
cell phone 0.34326482 0.50296307 0.5625437 0.5542217 0.59221953
