clock 0.7966694 0.436629 0.42254296 0.5739862 0.46336952
toaster 0.7466877 0.6197595 0.36643386 0.669504 0.59829724
tennis racket 0.7252082 0.50379634 0.74768865 0.6122046 0.76690006
couch 0.693529 0.5017619 0.092477724 0.62563646 0.15250345
wine glass 0.6588309 0.23825575 0.7081353 0.29692554 0.7327668
tennis racket 0.6445233 0.5032622 0.7210732 0.60926133 0.73874587
wine glass 0.6266343 0.23916973 0.7323791 0.29680938 0.7541516
spoon 0.55376565 0.2813404 0.24092416 0.2934023 0.28033242
wine glass 0.5465801 0.13842334 0.7169863 0.17529789 0.73931956
wine glass 0.5220475 0.36509025 0.72877496 0.42003578 0.75015527
spoon 0.48919407 0.26817092 0.24102965 0.28383398 0.28017566
couch 0.4845149 0.5230824 0.24896501 0.619086 0.3347451
wine glass 0.46775234 0.3648112 0.70840526 0.41965294 0.7261679
clock 0.44041058 0.445134 0.4170893 0.5741101 0.43816814
wine glass 0.43988523 0.24237229 0.75463384 0.2978958 0.77141744
wine glass 0.41143814 0.36434132 0.74997133 0.4202883 0.77045125
wine glass 0.39550063 0.23822927 0.74703264 0.2963837 0.7658558
spoon 0.36839128 0.1523324 0.22636935 0.17384116 0.27954534
wine glass 0.35624617 0.14808454 0.74059665 0.17580265 0.75658274
wine glass 0.32968798 0.23499167 0.6990365 0.29572502 0.7111652
