cake 0.9346893 0.80860865 0.52156514 0.999976 0.63197714
cell phone 0.9246776 0.47484878 0.5728519 0.5487561 0.6647085
microwave 0.8845012 0.56667286 0.56444466 0.6534779 0.6726104
clock 0.794275 0.48184717 0.9145494 0.62375516 0.9774439
sink 0.6616953 0.44351324 0.35699528 0.7462196 0.3829561
spoon 0.65574855 0.65473974 0.10960085 0.69882303 0.17431656
couch 0.5277823 0.3619547 0.8858305 0.62744236 0.99950385
toaster 0.45419022 0.62468076 0.21498376 0.64494425 0.29538387
tennis racket 0.39497244 0.60751486 0.16066141 0.6632732 0.17370512
tennis racket 0.36763087 0.55164385 0.7379112 0.60323334 0.750698
tennis racket 0.34462625 0.606026 0.17526849 0.66838515 0.19422372
tennis racket 0.33207622 0.5504528 0.72568136 0.6036769 0.73652107
