cake 0.9351202 0.80231154 0.34296364 1.0 0.442042
cake 0.9314195 0.798672 0.45460773 0.99959624 0.55003345
spoon 0.89905787 0.62967455 0.44844913 0.6939789 0.5110895
sink 0.8682036 0.37165928 0.123389564 0.817683 0.29504034
cake 0.8593879 0.79910374 0.57098186 1.0 0.6689651
toaster 0.8393806 0.657237 0.8642938 0.7813178 0.9992161
cake 0.76398283 0.8005425 0.22246167 1.0 0.32066312
bowl 0.6451642 0.6400399 0.34744114 0.68328196 0.40367764
knife 0.37256712 0.5549065 0.4610905 0.5737614 0.46617508
knife 0.3205195 0.55682814 0.46508703 0.5883668 0.4753612
