tennis racket 0.7332 0.66874176 0.1653473 0.8044458 0.22861318
tennis racket 0.55469424 0.6724693 0.21369152 0.8088954 0.29046094
tennis racket 0.5217531 0.4467323 0.18777895 0.5343677 0.2381286
tennis racket 0.36368802 0.43844306 0.12982856 0.5263228 0.15690315
tennis racket 0.36206686 0.44402888 0.14995013 0.53026605 0.19531432
knife 0.3555639 0.06704468 0.014376723 0.12494431 0.047983892
sink 0.35088554 0.3131001 0.57876503 0.7918297 0.9201643
tennis racket 0.35078648 0.563533 0.17044836 0.6505948 0.21802247
tennis racket 0.3488277 0.46724606 0.0 0.5288107 0.11136105
tennis racket 0.34524885 0.5790921 0.2136615 0.65362865 0.25721845
tennis racket 0.34316644 0.45850936 0.25192165 0.5439185 0.28760177
tennis racket 0.33684266 0.54689825 0.25277904 0.5904318 0.2911256
tennis racket 0.32055184 0.5699526 0.50727326 0.62908363 0.5721322
knife 0.31746483 0.036053456 0.00064275786 0.101788156 0.03157712
