toaster 0.9345209 0.5598259 0.44895726 0.6529323 0.5795341
clock 0.904812 0.69455105 0.7201559 0.8309969 0.78945047
microwave 0.7457942 0.6119202 0.031548575 0.9988861 0.29323852
wine glass 0.68309367 0.32123247 0.32221752 0.34448972 0.33568156
fork 0.6681346 0.5010811 0.30507252 0.52309096 0.31019732
wine glass 0.6252779 0.31951374 0.29903838 0.34349358 0.31880042
clock 0.57921934 0.48244515 0.5697597 0.55580854 0.58890975
fork 0.526334 0.5050184 0.3112711 0.5307582 0.31720427
fork 0.5150391 0.4985749 0.31262255 0.5153571 0.31705433
wine glass 0.4825046 0.35839573 0.30067283 0.39427602 0.31157196
wine glass 0.46137795 0.2732562 0.31827828 0.29355147 0.3367009
cake 0.45498946 0.5173595 0.95517623 0.5672582 1.0
wine glass 0.4206265 0.40462962 0.31569397 0.42532018 0.32631934
wine glass 0.41087556 0.35962796 0.31916392 0.3930904 0.33435726
wine glass 0.36927372 0.26733407 0.30248892 0.29261982 0.317568
spoon 0.35923043 0.3097203 0.6948088 0.32377476 0.7102236
cake 0.3549285 0.53247666 0.8702761 0.6323482 0.96138906
cake 0.31624737 0.55091715 0.88842696 0.69598967 0.9996367
wine glass 0.31460083 0.4070204 0.29095548 0.4266404 0.29791802
cake 0.31259018 0.52914476 0.8711069 0.6242126 0.9300923
wine glass 0.30391636 0.40659654 0.3022361 0.4260909 0.31209102
