toaster 0.8406598 0.5487895 0.00017994583 0.69025576 0.22576024
couch 0.739646 0.34551752 0.7099393 0.5575612 0.95098317
clock 0.66046774 0.46694073 0.7996899 0.5598396 0.8610456
banana 0.61587507 0.48360148 0.18978558 0.496002 0.21041258
wine glass 0.6151718 0.3405145 0.22262566 0.35107043 0.24604605
wine glass 0.5475383 0.33330396 0.29510832 0.35160443 0.32724667
knife 0.53683764 0.4299012 0.36838335 0.4490305 0.39494482
microwave 0.5013477 0.5033703 0.4712351 0.6727632 0.7055441
couch 0.48899955 0.44985238 0.21686658 0.4911103 0.29480913
clock 0.46982148 0.50877523 0.043938488 0.5405475 0.09298055
clock 0.46129587 0.27205595 0.20122895 0.29570386 0.21736354
couch 0.44944084 0.47255045 0.01760085 0.5452731 0.1075527
banana 0.43618733 0.4859176 0.17493677 0.49763677 0.19260445
sandwich 0.41247126 0.48430482 0.20898294 0.49492344 0.22771415
knife 0.40812248 0.43572137 0.4174869 0.4499633 0.43485665
knife 0.40644947 0.43177402 0.42622215 0.44040406 0.44011897
clock 0.39471665 0.27974665 0.22166973 0.29723966 0.24727193
knife 0.36262366 0.43655616 0.38937414 0.45089483 0.40551722
couch 0.3561543 0.4562537 0.21964067 0.485377 0.25238875
sandwich 0.35326132 0.4859176 0.17493677 0.49763677 0.19260445
knife 0.34600735 0.42970625 0.39824826 0.45055178 0.41328427
wine glass 0.34262785 0.33211675 0.26263794 0.3491337 0.27886203
sandwich 0.3374164 0.48360148 0.18978558 0.496002 0.21041258
clock 0.31658083 0.27338243 0.24869795 0.29785347 0.28033552
couch 0.30772185 0.49655363 0.01901369 0.5404583 0.09744783
wine glass 0.3069917 0.3354368 0.3163812 0.35148284 0.33175308
wine glass 0.30095884 0.27771944 0.2857925 0.29772562 0.32251978
banana 0.30031934 0.48430482 0.20898294 0.49492344 0.22771415
