microwave 0.9399069 0.5107903 0.41311234 0.803148 0.5500186
cake 0.90672815 0.6276655 0.7401417 0.99452215 0.9989285
clock 0.79312146 0.4700736 0.79931575 0.57629955 0.83899766
spoon 0.7435585 0.21908692 0.6267311 0.26271245 0.66733474
spoon 0.6225193 0.35413456 0.31481802 0.37582543 0.33907932
spoon 0.61687833 0.32357153 0.31296867 0.33611426 0.33914787
wine glass 0.58128476 0.31388742 0.62042356 0.37196252 0.6513462
wine glass 0.5780125 0.47451055 0.36416933 0.51847064 0.3793442
spoon 0.5271808 0.34108123 0.3133433 0.3483862 0.3398373
toaster 0.5096165 0.53010374 0.26319057 0.57394534 0.31318146
toaster 0.4224248 0.5318317 0.26472166 0.5437757 0.31139067
spoon 0.40456027 0.23610976 0.5670103 0.26346827 0.60656345
