couch 0.9569721 0.4635609 0.2991662 0.62688744 0.5140785
fork 0.6203672 0.51540333 0.67651135 0.55736595 0.6888267
couch 0.61391526 0.5149684 0.9477294 0.73876226 1.0
fork 0.5898438 0.5236502 0.6941927 0.5594726 0.709234
fork 0.5860382 0.5310117 0.7089111 0.5594305 0.72449625
fork 0.5340894 0.53073746 0.68342066 0.55855864 0.6925921
fork 0.5174873 0.53355634 0.73136795 0.55779254 0.7497394
tennis racket 0.41810042 0.5291037 0.5019662 0.6213333 0.5457115
couch 0.38689864 0.5391587 0.94954115 0.6452818 1.0
toaster 0.3559995 0.6200351 0.0 0.6579382 0.26637113
fork 0.32094923 0.50590104 0.72314674 0.5435768 0.73617
fork 0.31562138 0.5056676 0.7209042 0.5605802 0.7357141
toaster 0.3023929 0.61631763 0.0009740827 0.7483797 0.26394635
