toaster 0.90851223 0.50584716 0.32051784 0.5642252 0.56760406
clock 0.8339656 0.4179681 0.6071202 0.5252095 0.6480139
tennis racket 0.70892626 0.38001737 0.34072483 0.46239182 0.3576334
sandwich 0.543803 0.43158853 0.32015815 0.4436699 0.33124545
bowl 0.46366927 0.44580045 0.11210553 0.4767075 0.14981125
microwave 0.40178582 0.44401315 0.17764395 0.5408715 0.3563971
chair 0.37773106 0.6300911 0.8160736 0.9902389 1.0
clock 0.37190247 0.4717857 0.7271785 0.5028149 0.75140184
chair 0.36061558 0.70673615 0.81629884 0.9894173 1.0
bowl 0.36002937 0.4588152 0.13118875 0.48433873 0.17802763
sandwich 0.34138995 0.42976698 0.32909217 0.4439834 0.34159473
