cake 0.96247834 0.57109195 0.30879018 0.9121167 0.4292194
cake 0.94732285 0.5752251 0.4609641 0.91968703 0.57232547
cake 0.9210125 0.5791907 0.58954966 0.92351365 0.7194812
microwave 0.8494196 0.35248828 0.15043148 0.59079754 0.24566934
tennis racket 0.76670384 0.4988335 0.37096533 0.5394635 0.38440368
clock 0.70482457 0.45157942 0.56739116 0.49371263 0.5911497
tennis racket 0.6951755 0.49682605 0.38657752 0.53663945 0.40028647
clock 0.622775 0.49065953 0.6950755 0.5562869 0.7163726
couch 0.53604686 0.39969823 0.5564347 0.4949952 0.60162324
clock 0.4685228 0.53307176 0.6764179 0.5716845 0.6973774
spoon 0.42293677 0.5488325 0.6559566 0.56647485 0.6732757
spoon 0.39507037 0.468524 0.6801715 0.49467224 0.7060908
spoon 0.38992262 0.46664166 0.71222115 0.49565658 0.74369717
wine glass 0.37371236 0.52017117 0.6555941 0.5663422 0.6781566
wine glass 0.33926645 0.47909653 0.70261115 0.498667 0.7229561
spoon 0.31406865 0.5442955 0.67692786 0.5733294 0.69635946
cake 0.3077176 0.50053245 0.5549858 0.5322393 0.6363799
