tennis racket 0.7762961 0.5350576 0.5299792 0.6541417 0.55007863
tennis racket 0.7741216 0.5369324 0.64236337 0.6539226 0.6666933
cell phone 0.7656484 0.5513514 0.7019203 0.66094464 0.84787154
tennis racket 0.76225036 0.30229595 0.6089343 0.39345014 0.6369716
tennis racket 0.735308 0.540019 0.5568972 0.65319604 0.5798928
tennis racket 0.71696043 0.5395409 0.61576706 0.6528594 0.636543
tennis racket 0.6537362 0.53955674 0.5882074 0.65384376 0.60987395
tennis racket 0.6412446 0.4346153 0.6208552 0.49853012 0.64126694
tennis racket 0.58859533 0.30310437 0.69090414 0.39211544 0.7175294
tennis racket 0.5827254 0.1445613 0.5819478 0.23568214 0.6115495
tennis racket 0.5464846 0.14523992 0.4960119 0.2343844 0.5245516
tennis racket 0.51090866 0.4090988 0.38248235 0.50121367 0.41157305
tennis racket 0.50176156 0.40884247 0.41413417 0.5005485 0.44160333
tennis racket 0.4896466 0.14324123 0.6804663 0.23644459 0.71252453
tennis racket 0.48082867 0.3030302 0.740227 0.39244354 0.7625537
tennis racket 0.4733221 0.43492284 0.5926281 0.4997445 0.61345434
tennis racket 0.46308643 0.14467722 0.7324636 0.23211603 0.7610053
tennis racket 0.44354573 0.3025878 0.71421367 0.39107186 0.73598725
tennis racket 0.4421474 0.44593433 0.50834715 0.5004889 0.5283221
microwave 0.41956952 0.70466375 0.732133 0.987943 0.99818605
tennis racket 0.393935 0.46038434 0.5809553 0.49861434 0.59625036
microwave 0.393747 0.6520804 0.7043757 0.9830353 0.8940787
microwave 0.3744272 0.6746116 0.730999 0.9829123 0.9994345
tennis racket 0.37109867 0.30248746 0.64715177 0.3931406 0.6783629
tennis racket 0.35307238 0.16687728 0.46705198 0.23369189 0.4879042
tennis racket 0.33747882 0.4097334 0.5205147 0.49932882 0.54631245
tennis racket 0.3364139 0.3012014 0.7874876 0.39198932 0.8077607
tennis racket 0.32898217 0.14448288 0.53651434 0.23720297 0.5675575
tennis racket 0.32851672 0.2995016 0.7613428 0.39020315 0.78389126
tennis racket 0.32650727 0.4086381 0.44622633 0.50154346 0.47234836
tennis racket 0.322075 0.44564655 0.53195137 0.4990767 0.5497332
knife 0.31989577 0.35332963 0.021753088 0.52988034 0.06718072
