couch 0.9553443 0.5155722 0.2551724 0.5999857 0.43947068
toaster 0.9385813 0.59501517 0.3985873 0.7062545 0.8293786
spoon 0.85183066 0.2899649 0.19442303 0.33151948 0.267017
couch 0.8281971 0.42711878 0.7465194 0.5941962 0.88900906
clock 0.7990036 0.5483553 0.87191707 0.60138017 0.93765306
spoon 0.69496214 0.2981348 0.08831971 0.33192557 0.1943141
clock 0.54960597 0.5668098 0.30542076 0.60179484 0.38691056
spoon 0.49722221 0.23615256 0.16871525 0.25050735 0.26737735
spoon 0.48975626 0.55085355 0.084867135 0.5920922 0.19075468
clock 0.40264753 0.52669156 0.76745206 0.59636223 0.8536511
microwave 0.39747906 0.64432335 0.9027317 0.9998059 1.0
spoon 0.39562476 0.38028008 0.13205878 0.39779794 0.19160661
couch 0.3302668 0.42747378 0.74986356 0.50765365 0.8859668
wine glass 0.31769225 0.44811714 0.24305168 0.466905 0.26616192
spoon 0.31332812 0.4003233 0.12635887 0.4099281 0.19566974
