cake 0.9539064 0.6109837 0.55323774 0.99760556 0.81853
microwave 0.92888635 0.32939598 0.05565454 0.7123216 0.19751854
cake 0.8448744 0.5502587 0.30940163 0.9174162 0.4298641
cake 0.75822884 0.5554901 0.82574415 0.68095434 0.94357157
wine glass 0.74856776 0.68889254 0.90416 0.7578701 0.94156134
wine glass 0.6945929 0.6880209 0.82390004 0.7549153 0.85945493
spoon 0.6240324 0.48211953 0.22361071 0.5078198 0.27844375
banana 0.56096673 0.620579 0.93807346 0.6528783 0.9658101
spoon 0.55866206 0.66144866 0.7581838 0.7178858 0.857732
cake 0.55861825 0.51865375 0.2756791 0.8218023 0.32990092
cake 0.5410882 0.5590162 0.69953054 0.9681865 0.86667246
clock 0.5206747 0.46900418 0.40959233 0.5214564 0.43744028
spoon 0.5035982 0.6173355 0.8851638 0.67825806 1.0
wine glass 0.49889997 0.47028145 0.5837893 0.49687234 0.5950374
banana 0.4820609 0.61140066 0.90093094 0.65215534 0.93973535
toaster 0.46338588 0.49891803 0.7151197 0.5385782 0.9295851
cake 0.45001513 0.5785009 0.56797785 0.6434006 0.63847536
wine glass 0.43934503 0.6840531 0.8617997 0.76322746 0.902094
banana 0.4268311 0.61592704 0.96560067 0.65435475 0.9939247
spoon 0.39669862 0.4650122 0.70053345 0.4998559 0.7255916
cake 0.3953413 0.55979216 0.69119555 0.6902636 0.8186956
couch 0.35298613 0.3962598 0.38702202 0.5151269 0.46855712
