cake 0.9723293 0.58111703 0.64408505 0.9605018 0.82028437
cake 0.97013813 0.53807586 0.2916875 0.755088 0.4003325
cake 0.91796786 0.5354842 0.23715651 0.7374277 0.2990564
cake 0.9119073 0.5350401 0.18834592 0.721471 0.24467961
cake 0.9045929 0.5491029 0.8302311 0.8840078 0.9721203
clock 0.8272355 0.52130544 0.76965064 0.60993475 0.81403667
couch 0.58559936 0.27879745 0.87436557 0.32447878 0.89813924
clock 0.544971 0.49003357 0.2614909 0.5381794 0.287766
microwave 0.45367694 0.55153394 0.86022353 0.6710648 0.94847715
cake 0.44085267 0.53015393 0.81053424 0.58879876 0.8638519
couch 0.4373441 0.39168704 0.74704164 0.61136174 0.8576893
knife 0.43411386 0.48991808 0.43659955 0.5084605 0.44776893
wine glass 0.429143 0.41842902 0.59020716 0.43302438 0.60413355
couch 0.41986915 0.461339 0.25802463 0.5386231 0.29156464
banana 0.4156364 0.5187149 0.6327841 0.5317576 0.64263105
couch 0.401184 0.34115455 0.86601496 0.39332217 0.90377605
knife 0.38887978 0.4932079 0.44743404 0.5095445 0.45543554
knife 0.38518456 0.49296305 0.45854717 0.5107253 0.4683072
tennis racket 0.38312754 0.6331389 0.4262975 0.67398167 0.44358933
toaster 0.3305709 0.53512067 0.34153166 0.56043756 0.40567085
spoon 0.32581085 0.38120663 0.6150696 0.40542865 0.64352
cake 0.32017666 0.53309524 0.6108833 0.66789055 0.70480293
wine glass 0.31308734 0.41470253 0.6157199 0.43174982 0.6251135
wine glass 0.30201745 0.33813962 0.1391343 0.3614042 0.15394862
