toaster 0.9526674 0.73107815 0.19289523 0.84461915 0.41311264
cake 0.9158512 0.7161736 0.6564532 0.9995581 0.7931592
cake 0.8673664 0.54414225 0.41653812 0.62397194 0.47941935
cake 0.8607017 0.6750291 0.7056152 0.99244744 0.84540504
couch 0.8158396 0.47203723 0.16586801 0.60264504 0.24420804
cake 0.7311433 0.5302315 0.50699896 0.60319126 0.5513883
cake 0.6709744 0.57055515 0.31280652 0.66738254 0.39184877
clock 0.640712 0.5417967 0.47895622 0.57590747 0.4943816
cell phone 0.62380505 0.34944665 0.30492735 0.4668212 0.40329307
toaster 0.37334135 0.6247429 0.0009906627 0.64536977 0.048000235
cell phone 0.31477013 0.46180248 0.6390393 0.5611811 0.7569853
