cake 0.98114073 0.63755673 0.56752264 0.9965235 0.77179193
cake 0.97653323 0.63943774 0.17586954 0.9954959 0.38236165
cake 0.89357084 0.65783364 0.4016943 0.99937606 0.5548321
spoon 0.8373157 0.56843925 0.35401452 0.61626303 0.42156625
couch 0.79606193 0.49728924 0.7021525 0.5840826 0.7568865
clock 0.68122756 0.5569915 0.287742 0.5851441 0.3036985
sandwich 0.6073074 0.5553629 0.39150378 0.5704741 0.40856037
sandwich 0.5441754 0.5396303 0.3916326 0.55804276 0.40786842
clock 0.52932316 0.53682095 0.71826315 0.5843521 0.7416121
sandwich 0.5165813 0.5422393 0.37757114 0.5571476 0.39050868
sandwich 0.45744693 0.55232257 0.40675914 0.5701727 0.41871327
couch 0.44825825 0.5359632 0.2564574 0.5837117 0.2851345
clock 0.44049513 0.5359632 0.2564574 0.5837117 0.2851345
clock 0.43566194 0.51414955 0.5945485 0.58324206 0.6266275
couch 0.4077893 0.5292138 0.27910727 0.58501744 0.31118435
banana 0.37510654 0.537325 0.7480347 0.5831584 0.7928597
sandwich 0.36510688 0.5501711 0.36394057 0.569754 0.37565956
toaster 0.33913288 0.6039523 0.8019847 0.64362454 0.9915753
toaster 0.31580424 0.6046813 0.80620503 0.6401522 0.9558984
couch 0.30614996 0.4145044 0.9330234 0.55253804 0.9909219
