cake 0.96794856 0.63292646 0.3405917 0.99137455 0.4901431
couch 0.8773979 0.43809712 0.2526148 0.63442266 0.3525139
cake 0.849477 0.6057905 0.09769661 0.89975953 0.1804739
cake 0.8269285 0.6251804 0.25470346 0.96132326 0.35796386
cell phone 0.7470985 0.45384428 0.049739756 0.51432943 0.09308223
spoon 0.7304312 0.42031744 0.5400693 0.43765563 0.5581115
microwave 0.69985485 0.56850946 0.6135841 0.714435 0.73398644
couch 0.687297 0.540513 0.7722035 0.5899259 0.799524
spoon 0.6286015 0.580607 0.4592407 0.6084772 0.50626016
spoon 0.61899143 0.4627157 0.75329053 0.47808075 0.7794349
clock 0.60693467 0.57832444 0.2881673 0.63581675 0.32317138
cake 0.6006528 0.6108604 0.17277312 0.92931 0.26103303
cake 0.58692986 0.61624706 0.22673479 0.6444373 0.29100713
cell phone 0.5414531 0.4855385 0.38965926 0.53040695 0.437304
clock 0.5284698 0.56776625 0.42436036 0.60669863 0.45638594
tennis racket 0.49068737 0.5278778 0.9580874 0.6033816 0.98059994
couch 0.47858888 0.52327913 0.41328052 0.60793054 0.46792892
wine glass 0.42673203 0.3982489 0.7600045 0.4321403 0.77775407
spoon 0.420825 0.4097386 0.81013685 0.4312558 0.836142
clock 0.4003655 0.5973695 0.30252117 0.64164793 0.33383834
clock 0.39599562 0.5779227 0.3273325 0.6385206 0.3572446
