cake 0.8230757 0.6089446 0.8376358 0.8510583 0.9164441
tennis racket 0.79278135 0.52922535 0.47694802 0.66993785 0.5013471
tennis racket 0.77204555 0.4438863 0.116179176 0.53240615 0.13896798
microwave 0.725827 0.497359 0.2087318 0.6555764 0.4507288
spoon 0.6934828 0.37514812 0.09637946 0.40553737 0.15053909
spoon 0.6908316 0.37528864 0.1628197 0.4015309 0.2157682
spoon 0.69048613 0.38061067 0.03252679 0.40937763 0.08054641
cake 0.6881263 0.59005135 0.85964406 0.786676 0.94833994
spoon 0.616462 0.65750605 0.7746432 0.6974197 0.79865205
cake 0.60985166 0.45898876 0.81641304 0.48018584 0.86563015
cake 0.6065119 0.48998424 0.9017911 0.64199466 0.9919596
clock 0.57446814 0.4415445 0.88668776 0.4915886 0.9061769
spoon 0.54994375 0.69230235 0.6941523 0.7332328 0.7366323
couch 0.51539326 0.4519386 0.49155924 0.49157375 0.509968
spoon 0.5095109 0.7266539 0.67546064 0.7699632 0.6968749
cake 0.5076713 0.46476874 0.9081361 0.48554954 0.95552135
spoon 0.505514 0.6369523 0.77686995 0.67748004 0.8209141
couch 0.50375324 0.47646224 0.689897 0.54747474 0.74947315
couch 0.496244 0.45509014 0.46449608 0.49713728 0.48448855
couch 0.46629593 0.37426886 0.8682812 0.48574874 0.9220936
couch 0.44729203 0.42880687 0.51003504 0.48880577 0.5355705
couch 0.42386252 0.24499024 0.6129365 0.40406856 0.67935145
clock 0.42025518 0.4030326 0.625355 0.46975887 0.64574385
toaster 0.3711396 0.4730867 0.56179637 0.49586758 0.64386827
orange 0.36833453 0.52181596 0.13258322 0.56441957 0.19207345
clock 0.36121956 0.45831692 0.5162358 0.48778975 0.5333431
orange 0.32856655 0.55550814 0.16728404 0.56189394 0.18757638
spoon 0.3183109 0.081642985 0.08674736 0.12115624 0.17332168
clock 0.3079376 0.43798596 0.87108326 0.4802222 0.88881373
tennis racket 0.30666184 0.8825551 0.74915206 0.9148809 0.76021194
cake 0.30553478 0.46323025 0.7875117 0.49951684 0.8026948
