cake 0.9655906 0.60148734 0.5160661 0.927274 0.6053482
cake 0.9624355 0.6029992 0.2825042 0.924946 0.37691855
cake 0.95351225 0.59943557 0.39900076 0.92907506 0.48707747
cake 0.9530483 0.60401636 0.63302433 0.94999546 0.75417733
sink 0.93457156 0.37561002 0.8670304 0.8831446 0.980327
sandwich 0.7829615 0.568759 0.3070436 0.5900754 0.32336682
sandwich 0.7015275 0.5644895 0.3376985 0.5867237 0.35132346
sandwich 0.67985153 0.5688614 0.32382324 0.5916154 0.34206298
clock 0.44433653 0.5705141 0.40104204 0.59940016 0.42195028
sandwich 0.43171245 0.5703952 0.34872004 0.5887842 0.36394235
fork 0.39404464 0.49893525 0.70612997 0.5229381 0.7109652
banana 0.3766859 0.5703952 0.34872004 0.5887842 0.36394235
toaster 0.37393928 0.5402533 0.48982278 0.55520767 0.5686133
couch 0.32206917 0.41993845 0.6072475 0.5313219 0.6836822
tennis racket 0.31368172 0.49948698 0.70897764 0.54696524 0.71664697
