cake 0.9596967 0.51797175 0.1448263 0.76005465 0.25102144
cake 0.95394695 0.57003725 0.33100012 0.8837648 0.4680607
cake 0.95329183 0.54588014 0.20579302 0.82693267 0.3387609
cake 0.9308685 0.58586895 0.50543475 0.9017492 0.62294734
sink 0.8111418 0.2662292 0.46363872 0.43803698 0.5484701
cell phone 0.7084752 0.2710847 0.07101917 0.39044145 0.1810182
microwave 0.6261194 0.270816 0.068876125 0.3909275 0.17943344
couch 0.54453623 0.3622839 0.39918494 0.41471332 0.41771758
fork 0.44108942 0.4348722 0.30210772 0.4587299 0.32064793
couch 0.4406262 0.36002642 0.36336574 0.38814747 0.38010755
microwave 0.43047652 0.40351447 0.6262505 0.4674323 0.8224375
tennis racket 0.4284006 0.3568776 0.2103738 0.4083227 0.23234956
tennis racket 0.38003045 0.36980918 0.2719751 0.43588558 0.2897339
cup 0.37829724 0.4348722 0.30210772 0.4587299 0.32064793
banana 0.37343243 0.40220475 0.413131 0.41916037 0.43253428
microwave 0.33007282 0.4002185 0.6262715 0.66966087 0.8164513
