cake 0.9299945 0.77655745 0.29189247 0.99858475 0.47691178
cake 0.7896334 0.59446645 0.31695276 0.81414855 0.42064106
tennis racket 0.7557456 0.45614097 0.5900588 0.6066437 0.6398587
cake 0.7460007 0.69501096 0.40192252 0.9964405 0.5249943
wine glass 0.6981328 0.55340695 0.59973705 0.62083644 0.6331495
cake 0.6148687 0.6807298 0.1299748 0.9894837 0.26452595
couch 0.6099117 0.41452965 0.3276702 0.5175999 0.38028386
cake 0.55749667 0.51538867 0.020055974 0.7207193 0.054492883
cake 0.47733244 0.62088054 0.076795846 0.8042717 0.16155478
cake 0.4709838 0.52372956 0.04124655 0.75859004 0.08807288
cake 0.465272 0.70473 0.13046677 0.99875945 0.34374332
cake 0.45494094 0.5125159 0.008757807 0.6997373 0.03456999
wine glass 0.445654 0.55322945 0.55152243 0.6273226 0.5841231
toaster 0.44464567 0.5260966 0.20223606 0.5474902 0.31768346
toaster 0.35733926 0.51583284 0.35205013 0.52938426 0.4251818
cake 0.3467236 0.54061395 0.069023445 0.80112225 0.16173738
cake 0.32698917 0.71785736 0.19283976 0.99953324 0.3439312
