cake 0.9562757 0.56888986 0.49493057 0.86461717 0.6412237
cake 0.9168565 0.61229557 0.44074565 0.9632792 0.5649348
cake 0.9042654 0.53864866 0.5710835 0.79004943 0.69118613
couch 0.8700779 0.26732314 0.53747296 0.41671115 0.65501463
cake 0.84294283 0.50795835 0.62338936 0.7377717 0.73353624
microwave 0.7939221 0.40480378 0.12770271 0.503451 0.3125746
spoon 0.60006064 0.4113791 0.54188967 0.46259564 0.63450384
wine glass 0.59462756 0.18813251 0.6589805 0.20854323 0.6710303
wine glass 0.5389992 0.18797414 0.6721429 0.20833768 0.6809439
wine glass 0.53415763 0.39288393 0.09102154 0.44838214 0.11832057
clock 0.51994646 0.37948868 0.29898313 0.4119676 0.314261
spoon 0.5087649 0.10550633 0.82851297 0.13293026 0.85302573
cell phone 0.48091975 0.29552937 0.0 0.482367 0.045000993
knife 0.46231878 0.3504258 0.08005655 0.39315733 0.094842926
wine glass 0.43281713 0.24332127 0.82837594 0.26229095 0.8401215
couch 0.4270047 0.3445626 0.28569472 0.4140985 0.32835716
knife 0.4239386 0.36122537 0.0986905 0.39260727 0.10704648
spoon 0.3942527 0.16905901 0.7908909 0.18354507 0.80848426
wine glass 0.3899384 0.1770064 0.70333266 0.20615649 0.7200806
microwave 0.38361058 0.29552937 0.0 0.482367 0.045000993
wine glass 0.38229564 0.108618274 0.7924269 0.13677382 0.8070845
banana 0.34670618 0.39770904 0.5558544 0.45136333 0.62629086
knife 0.33888605 0.35575452 0.10576285 0.3924821 0.11563047
banana 0.30358824 0.42612886 0.5948521 0.44541204 0.6105559
