cake 0.97183686 0.7816986 0.3992304 0.9949858 0.5204102
cake 0.9234691 0.7072866 0.5664161 0.98510617 0.6619658
microwave 0.8786413 0.49440953 0.7157086 0.68025154 0.7644825
couch 0.6981886 0.5053119 0.45505273 0.5897739 0.52673393
cell phone 0.63182217 0.3636074 0.7193071 0.4837354 0.7619191
clock 0.60061514 0.57264423 0.19391672 0.60597104 0.21446751
sandwich 0.58170986 0.57232875 0.47378883 0.59738576 0.50018376
cake 0.50441986 0.68746066 0.563193 0.8045615 0.62027425
toaster 0.5013293 0.5868195 0.21208037 0.60418934 0.27744192
sandwich 0.4747288 0.5813035 0.46505758 0.5971785 0.47614756
microwave 0.4744703 0.6657306 0.7127602 0.8392681 0.766657
spoon 0.47177678 0.58849037 0.46113154 0.6248839 0.5059887
couch 0.46245927 0.39197528 0.1376917 0.43704647 0.17805666
couch 0.4389151 0.55854243 0.18624265 0.60589975 0.22327174
spoon 0.40724728 0.5644485 0.26904964 0.5897887 0.2944582
sink 0.38104236 0.032567482 0.9170875 0.99215704 0.99997896
couch 0.3717184 0.5644485 0.26904964 0.5897887 0.2944582
couch 0.3079392 0.48937145 0.18573605 0.6050799 0.23123921
