microwave 0.8253093 0.53288037 0.41873378 0.8774668 0.5942977
wine glass 0.72618073 0.3624786 0.68889356 0.38323382 0.7141496
wine glass 0.7056754 0.36302912 0.6299557 0.38254607 0.6539822
wine glass 0.6759257 0.3612979 0.60118455 0.3831515 0.6277128
wine glass 0.6520662 0.36295754 0.6583924 0.38252318 0.6830119
sandwich 0.65076953 0.49902764 0.26214316 0.5181575 0.27332255
tennis racket 0.6444867 0.45736948 0.36881858 0.54078317 0.3850503
tennis racket 0.63068235 0.45351323 0.40265644 0.5393951 0.41913974
sink 0.5914112 0.0 0.7925142 0.98958105 1.0
sandwich 0.5770557 0.5010205 0.27319154 0.52232987 0.2876121
sandwich 0.55667996 0.49324176 0.28712064 0.5155533 0.30117106
spoon 0.5537211 0.26386327 0.666483 0.27745613 0.6985149
tennis racket 0.5473447 0.453419 0.38491902 0.5399562 0.40296695
spoon 0.54436624 0.26365548 0.6170905 0.27710143 0.64956087
wine glass 0.4930605 0.14191689 0.6712692 0.16692632 0.69133115
toaster 0.4669176 0.5708514 0.09066045 0.81625354 0.31133115
spoon 0.4586052 0.24982695 0.6660251 0.2607405 0.6995968
sandwich 0.4360025 0.51714617 0.28103507 0.532472 0.29582524
tennis racket 0.43190557 0.48482445 0.15051217 0.5717966 0.17168315
spoon 0.39183524 0.2496363 0.6171031 0.2597431 0.64966524
spoon 0.38374698 0.25411576 0.365524 0.2765571 0.41441345
toaster 0.37970266 0.5808087 0.08485225 0.6303315 0.30276316
sandwich 0.37698036 0.5169052 0.26607004 0.53308254 0.27995995
tennis racket 0.37400603 0.50749034 0.058325477 0.5999011 0.07685616
spoon 0.30573133 0.26279107 0.25701597 0.27753708 0.2959471
