cake 0.96104664 0.636122 0.27938217 0.9968148 0.5128275
cake 0.9318278 0.61461204 0.50256866 0.99967605 0.7039886
cake 0.9155529 0.59449416 0.68926936 1.0 0.85403293
spoon 0.8303674 0.62609464 0.083030514 0.66322803 0.1339438
spoon 0.7136539 0.480696 0.18967164 0.49709556 0.21868128
cake 0.7132654 0.65604454 0.0611941 0.9961792 0.28556332
cake 0.69465166 0.6567034 0.08007131 0.9954077 0.283579
spoon 0.60530066 0.6176433 0.53760254 0.64644134 0.5891204
couch 0.5164683 0.4962922 0.062305074 0.5766023 0.12704432
sandwich 0.5025127 0.61243933 0.3718561 0.63223463 0.38459218
banana 0.5007271 0.5976102 0.36042187 0.61757386 0.37650272
spoon 0.4978588 0.3068845 0.18223076 0.33277655 0.22063728
couch 0.48998496 0.4985224 0.5612093 0.5528383 0.60553145
spoon 0.47629517 0.63734984 0.3415665 0.6686892 0.39935893
cup 0.45658004 0.65850466 0.51269835 0.6711558 0.5299836
sandwich 0.43456087 0.5976102 0.36042187 0.61757386 0.37650272
tennis racket 0.40732 0.49244264 0.44336987 0.5520512 0.46439737
clock 0.39719397 0.52867603 0.56317246 0.5451879 0.580796
clock 0.37463182 0.531734 0.085022755 0.56974024 0.10623189
banana 0.37444013 0.5945736 0.34509054 0.6132569 0.35929134
spoon 0.37319937 0.34575692 0.18260692 0.38162735 0.22143824
sandwich 0.36503106 0.61706 0.35988525 0.6322717 0.372116
microwave 0.36220136 0.54274595 0.29603904 0.5941115 0.47226995
clock 0.3586979 0.53585356 0.08448261 0.5823422 0.10731365
spoon 0.35589093 0.40106323 0.18272372 0.44219482 0.21765311
banana 0.33764702 0.58721143 0.41244563 0.60504216 0.4264507
banana 0.33308503 0.58753985 0.34436938 0.59830314 0.35475937
banana 0.3211276 0.5842503 0.3659305 0.5947694 0.37773502
spoon 0.31926557 0.30908117 0.18075544 0.38197276 0.22315538
sandwich 0.31471065 0.6141823 0.34452412 0.63078225 0.35970017
spoon 0.30718723 0.5720646 0.0832317 0.5840195 0.10902816
spoon 0.30497047 0.4556898 0.52034694 0.4904773 0.53284615
