cake 0.96402687 0.6274234 0.05594738 1.0 0.27742487
cake 0.96087873 0.62611544 0.29147172 0.99355096 0.476996
cake 0.93591624 0.6221317 0.5124852 0.996052 0.72414273
clock 0.8253065 0.52313566 0.15106598 0.62946075 0.21365353
sink 0.75792843 0.26667583 0.9117916 0.9822998 1.0
fork 0.64266986 0.54071873 0.90334773 0.5635368 0.91312635
banana 0.6217127 0.5713832 0.58648616 0.6014626 0.6153659
spoon 0.5570889 0.5290959 0.81098485 0.5732722 0.8578329
couch 0.5552384 0.43477565 0.10977456 0.6248202 0.26139718
fork 0.51873386 0.5108193 0.90879023 0.5376759 0.91595936
fork 0.5042102 0.524065 0.8941333 0.54498804 0.9005878
fork 0.46416855 0.511541 0.8978262 0.53838795 0.90439534
fork 0.44888046 0.52602947 0.9042979 0.5421371 0.91230756
spoon 0.36082706 0.59810543 0.5493152 0.6287371 0.65133023
