couch 0.6935284 0.35931826 0.58921605 0.42447412 0.7826103
spoon 0.6160028 0.3554163 0.0 0.4283821 0.06039612
wine glass 0.58740795 0.27292413 0.95584744 0.30891323 0.98155093
spoon 0.55766416 0.2954696 0.91347736 0.30846748 0.95544124
spoon 0.5444963 0.29494223 0.8252059 0.30894688 0.89033127
wine glass 0.53271127 0.20264931 0.85846823 0.23837192 0.88680017
wine glass 0.5107836 0.20321909 0.82940066 0.23883033 0.8566556
tennis racket 0.49729544 0.36372408 0.50229955 0.40692666 0.5267847
couch 0.4473829 0.36529657 0.29275376 0.414072 0.40576413
wine glass 0.4335812 0.274216 0.98072046 0.309094 1.0
tennis racket 0.42132232 0.36381352 0.47865492 0.40740418 0.5021529
toaster 0.4153481 0.41124344 0.48053065 0.4235133 0.60891116
spoon 0.4058132 0.2776912 0.88255775 0.30599028 0.9157442
microwave 0.3932777 0.42617518 0.08261797 0.8589489 0.2345617
spoon 0.3764787 0.29269034 0.8863355 0.30616158 0.91574895
wine glass 0.373986 0.13921124 0.88531125 0.16439644 0.90574574
wine glass 0.36788866 0.14332473 0.8487051 0.164601 0.88374317
spoon 0.35957196 0.2786508 0.91325414 0.3025494 0.95610505
microwave 0.32516524 0.42394114 0.080140874 0.81398964 0.2278456
spoon 0.30970925 0.38903832 0.37916908 0.41330343 0.45461592
toaster 0.30070105 0.41100496 0.45695603 0.48245788 0.7009152
