cake 0.9623663 0.77311206 0.24799274 0.9636384 0.38566363
cake 0.9519247 0.77387166 0.63381267 0.96343815 0.782132
spoon 0.91885334 0.70885783 0.43821618 0.757935 0.5855182
cake 0.8855088 0.77965087 0.44188073 0.9652806 0.5831272
toaster 0.58635277 0.673635 0.46248052 0.6807382 0.5713581
clock 0.50443435 0.66736716 0.10838551 0.6880292 0.12680934
sink 0.4686537 0.6097 0.0 0.8481645 0.06444615
couch 0.4273489 0.64299405 0.10399225 0.6884841 0.13877073
spoon 0.34766805 0.6619803 0.14429958 0.6778592 0.18023506
microwave 0.32143894 0.6217577 0.873582 0.77273947 0.91857636
