cake 0.78969294 0.5986798 0.7530202 0.9578748 0.8832641
cake 0.6152519 0.5589767 0.7954125 0.6723001 0.89591736
sandwich 0.51835865 0.48844925 0.6063501 0.504964 0.6329213
toaster 0.5183226 0.51288885 0.42395148 0.5335282 0.5179419
clock 0.5100393 0.46284822 0.7644929 0.5732773 0.79561526
couch 0.49540257 0.46381986 0.6731941 0.5291203 0.71347696
spoon 0.40796074 0.50237346 0.601404 0.53696334 0.63935167
sandwich 0.39533657 0.4943302 0.6220585 0.5058577 0.6332197
cake 0.36832905 0.5615938 0.80035645 0.85012937 0.8989931
clock 0.35119474 0.5079916 0.69145095 0.54155964 0.709852
banana 0.3337981 0.4927291 0.53764206 0.5099577 0.54967004
sandwich 0.31845698 0.49400738 0.6053482 0.50535816 0.6164409
