microwave 0.9248845 0.57991195 0.16062027 0.92740464 0.40552133
cake 0.8974634 0.57035065 0.8820927 0.75987095 0.9818785
clock 0.82852113 0.5735495 0.5169445 0.6667691 0.58779156
cake 0.750555 0.54304355 0.6408805 0.6005679 0.68475443
cake 0.7449259 0.57316476 0.7981618 0.76551825 0.8851351
spoon 0.6778529 0.110753104 0.061573014 0.15828867 0.12779233
clock 0.66868585 0.5341016 0.7762541 0.57984966 0.80538815
cake 0.65764415 0.55965495 0.6874961 0.6088086 0.7402474
clock 0.63927007 0.52995515 0.37974292 0.5810137 0.4008367
cake 0.6060163 0.5349159 0.74911547 0.56643033 0.7799407
knife 0.56099284 0.55255234 0.0 0.5858472 0.011413806
spoon 0.5226224 0.59284425 0.5984749 0.6633669 0.6878088
knife 0.47396103 0.5287286 0.00045130402 0.5830644 0.020719556
knife 0.47017366 0.54926735 0.023208845 0.5825286 0.044507015
wine glass 0.46975824 0.55650383 0.8568807 0.57913345 0.8704942
spoon 0.443726 0.5857368 0.88250065 0.6111542 0.9154874
spoon 0.4272765 0.2347138 0.38237518 0.26387793 0.42515314
couch 0.37883174 0.4254908 0.46244034 0.6723054 0.6349467
wine glass 0.37406164 0.42327344 0.12198466 0.46084556 0.13071468
spoon 0.37053353 0.5787597 0.00029008463 0.6522122 0.036801867
spoon 0.3618621 0.5868983 0.050441004 0.6339778 0.10205663
wine glass 0.36030278 0.5787597 0.00029008463 0.6522122 0.036801867
wine glass 0.3524984 0.5579141 0.80776644 0.574925 0.8202661
clock 0.33949575 0.22430192 0.024627818 0.29579076 0.042911574
knife 0.32034764 0.5274557 0.00086454954 0.55870944 0.019931093
