cake 0.8534549 0.7487718 0.8803408 0.9975091 1.0
couch 0.808564 0.49350473 0.20275989 0.6171391 0.26328573
couch 0.7418685 0.30472532 0.0033734813 0.7113411 0.15780148
cake 0.7363156 0.8804998 0.43038136 0.994913 0.61939603
spoon 0.69900554 0.58239967 0.95235 0.62124366 0.99839103
cake 0.6731389 0.74961203 0.73251987 0.9974954 0.8509381
spoon 0.6714328 0.562164 0.72997016 0.6081675 0.78119105
couch 0.6662854 0.5231341 0.00062294677 0.703332 0.044281412
wine glass 0.6254001 0.4018665 0.799109 0.43471092 0.81487286
spoon 0.59434843 0.5775742 0.247346 0.6167629 0.28192672
clock 0.59382087 0.64625907 0.018707387 0.689824 0.046529114
spoon 0.5762701 0.3072542 0.314094 0.32522288 0.33865857
spoon 0.55079746 0.59360343 0.78025675 0.61042196 0.7998878
wine glass 0.5379149 0.40117067 0.66617936 0.435129 0.68136436
wine glass 0.5278417 0.40771207 0.68264973 0.43504712 0.7013608
clock 0.51965785 0.6002414 0.0 0.7001575 0.025441963
sink 0.51792896 0.37380144 0.86422086 0.6189316 0.9984071
spoon 0.5153839 0.2949176 0.24127355 0.32604322 0.27695546
wine glass 0.5125654 0.35399893 0.6701836 0.38146448 0.6854542
wine glass 0.51204205 0.4067544 0.6418115 0.43482825 0.6606811
tennis racket 0.5108223 0.5432917 0.4730871 0.6112229 0.48495427
clock 0.510232 0.53515756 0.05686044 0.7048158 0.093032695
spoon 0.49767295 0.29959148 0.74777263 0.32529715 0.7740961
tennis racket 0.49697012 0.5413819 0.63432354 0.5821519 0.6441923
wine glass 0.4915938 0.35804698 0.77151054 0.380587 0.7890546
wine glass 0.4880488 0.40855715 0.70010316 0.43413374 0.7152679
wine glass 0.48649195 0.41247272 0.77309954 0.43490344 0.78547525
wine glass 0.4825593 0.4092241 0.71354365 0.43429986 0.7288827
wine glass 0.47920537 0.3560057 0.6876053 0.3815816 0.7047947
spoon 0.47799402 0.3067428 0.34612736 0.32609135 0.36817244
wine glass 0.47123083 0.40138346 0.8148841 0.43445894 0.8288378
spoon 0.46583152 0.30655164 0.280277 0.32545534 0.30457008
wine glass 0.4649889 0.3067428 0.34612736 0.32609135 0.36817244
spoon 0.46357712 0.31003165 0.68446404 0.32710287 0.70292705
spoon 0.45213124 0.46479547 0.33134067 0.48196232 0.35241765
toaster 0.44525492 0.63970184 0.12354551 0.77816325 0.27083904
tennis racket 0.432955 0.54167587 0.63351476 0.6049903 0.64469934
tennis racket 0.42079 0.5404649 0.62276614 0.6033395 0.63330233
spoon 0.41457433 0.47199297 0.35291454 0.48385406 0.3686919
clock 0.41191792 0.56200844 0.21412736 0.61689293 0.25150046
tennis racket 0.4086898 0.5739762 0.6687846 0.63324505 0.6836864
wine glass 0.400344 0.40942 0.7466335 0.43482363 0.76547253
spoon 0.39668187 0.3669801 0.24744807 0.38089678 0.26948497
orange 0.39591917 0.5791117 0.4973775 0.65678006 0.5771222
banana 0.39083046 0.62300485 0.5659791 0.6555206 0.5874555
spoon 0.3838726 0.3090218 0.7052047 0.32665575 0.72355294
spoon 0.38031673 0.5962922 0.7949929 0.60852545 0.8045738
wine glass 0.37887946 0.30655164 0.280277 0.32545534 0.30457008
wine glass 0.37884736 0.36103904 0.7493116 0.38158578 0.76053256
spoon 0.37400657 0.4181368 0.25028327 0.43479195 0.27485493
wine glass 0.36418113 0.3596737 0.7607571 0.381741 0.77259696
spoon 0.35700768 0.56372774 0.590029 0.60173625 0.6158562
spoon 0.3504253 0.40870488 0.34568146 0.4277132 0.3664026
wine glass 0.3423805 0.46329474 0.80316675 0.48513108 0.81763434
sandwich 0.3317525 0.6245394 0.58481103 0.6517529 0.6046073
wine glass 0.32909238 0.3605703 0.70387125 0.38088107 0.71685255
wine glass 0.32767808 0.40647388 0.78998256 0.43562868 0.80099046
wine glass 0.32338953 0.36165774 0.7181299 0.38023543 0.729056
spoon 0.3203962 0.36349022 0.27245072 0.37899408 0.3032873
banana 0.32020256 0.61474454 0.5615858 0.632709 0.576018
toaster 0.31443092 0.61543524 0.6181845 0.6329303 0.7155028
spoon 0.3121047 0.41724446 0.29084605 0.43196648 0.3351438
clock 0.31056133 0.6456633 0.018460432 0.7246037 0.047003537
banana 0.3094715 0.6169729 0.5323916 0.6579675 0.58958346
