wine glass 0.76548785 0.33756176 0.121255234 0.35396293 0.1445819
wine glass 0.7409789 0.53054285 0.6801055 0.55228126 0.7046508
wine glass 0.7200317 0.53011554 0.6542533 0.5523742 0.67809635
spoon 0.6729227 0.34185186 0.77238905 0.35532483 0.8126407
spoon 0.66534275 0.32904625 0.77243954 0.34009415 0.8130943
toaster 0.6589464 0.5581123 0.21313162 0.65698546 0.50142604
wine glass 0.6544347 0.252355 0.060369324 0.29172316 0.09270765
wine glass 0.6470666 0.32711264 0.60827225 0.35497794 0.6481044
wine glass 0.6388231 0.32794836 0.09950219 0.35398403 0.1294391
wine glass 0.6142855 0.32737193 0.072002746 0.35427532 0.09594301
spoon 0.5797844 0.27859682 0.7391335 0.29356408 0.777178
wine glass 0.5653261 0.25156054 0.10238657 0.29263756 0.13518684
spoon 0.56340766 0.26467273 0.79075867 0.2762271 0.81510055
couch 0.5542704 0.44575164 0.4095591 0.5196785 0.49747023
wine glass 0.5453442 0.3279436 0.64811146 0.35572228 0.6930702
clock 0.5357601 0.37939757 0.35995424 0.42849082 0.39174342
wine glass 0.53423476 0.3186716 0.041029125 0.35474768 0.06357862
spoon 0.5314685 0.27510187 0.7892115 0.29330286 0.83256525
wine glass 0.50790495 0.26509324 0.8131192 0.2758408 0.8299066
wine glass 0.48028678 0.38262677 0.07549083 0.3956561 0.102088995
couch 0.4548445 0.43979108 0.26260507 0.51801056 0.3439564
banana 0.42440563 0.53902084 0.15999295 0.5531905 0.1835193
spoon 0.4173235 0.2741443 0.64709646 0.29271066 0.6847178
wine glass 0.40672982 0.3270869 0.5880463 0.3543367 0.61059743
spoon 0.3900671 0.26963097 0.75024444 0.27950847 0.77580035
spoon 0.38033766 0.31820887 0.737686 0.32775754 0.77101105
spoon 0.3634692 0.26509324 0.8131192 0.2758408 0.8299066
spoon 0.36058953 0.34553683 0.8181699 0.35477638 0.83715266
spoon 0.35305786 0.2659768 0.59793293 0.2921002 0.64512
wine glass 0.3354088 0.38498488 0.040586792 0.39504966 0.05307772
wine glass 0.33308405 0.50516593 0.7115144 0.5516106 0.7578557
couch 0.3328936 0.3714774 0.27497515 0.42774656 0.35077915
spoon 0.32590315 0.31860256 0.7874307 0.33267856 0.83561593
wine glass 0.31852543 0.5230891 0.7107078 0.5529154 0.7577276
spoon 0.31397292 0.37647468 0.7632352 0.39609188 0.8219034
spoon 0.3039901 0.32711264 0.60827225 0.35497794 0.6481044
wine glass 0.30104604 0.3219454 0.057831965 0.35515884 0.07357071
