cake 0.96322995 0.6729245 0.28979394 0.8716905 0.38551512
cake 0.95256615 0.69376993 0.47734496 0.93262064 0.5959585
cake 0.9493827 0.6832134 0.37361646 0.9010176 0.48263997
cake 0.93489635 0.6679518 0.21479021 0.84905386 0.3032974
knife 0.6586779 0.57684624 0.538416 0.59192127 0.55000997
toaster 0.62695765 0.61993957 0.44212958 0.6475686 0.53977895
spoon 0.53139776 0.6230334 0.31198862 0.6415458 0.36631522
knife 0.49426907 0.57646066 0.5296031 0.5921968 0.53645325
sandwich 0.49144065 0.6135888 0.35034135 0.62602633 0.36290905
sandwich 0.48298216 0.61170423 0.32904702 0.6248602 0.34085268
sandwich 0.47240266 0.61251664 0.3394477 0.6253431 0.35165247
microwave 0.47139743 0.5994906 0.5336927 0.6549269 0.649554
sandwich 0.366609 0.6176257 0.31731483 0.624977 0.3290086
