spoon 0.8109907 0.37206253 0.27004206 0.42349005 0.3505726
spoon 0.7082752 0.3715596 0.6282556 0.41229418 0.71343446
sink 0.6947366 0.09412499 0.13715945 0.4065463 0.3117823
tennis racket 0.6452212 0.3261888 0.5439929 0.43082058 0.5667845
spoon 0.6424883 0.20564136 0.7388412 0.2284692 0.7566376
spoon 0.6414479 0.3623841 0.22348437 0.41075352 0.27827886
wine glass 0.62225115 0.20406143 0.80931336 0.2273396 0.82028097
banana 0.6111179 0.3480605 0.34015155 0.36790022 0.35846865
tennis racket 0.5966329 0.36977595 0.4472111 0.4238016 0.46901774
spoon 0.58177775 0.4588746 0.9306858 0.48022127 0.96639496
tennis racket 0.57438356 0.32581645 0.57022494 0.43265775 0.59148055
wine glass 0.53417736 0.20230927 0.87744695 0.22837532 0.8939268
bowl 0.52253324 0.35170373 0.23641837 0.37224463 0.27495563
tennis racket 0.5142381 0.3665173 0.4693129 0.4185797 0.4825514
knife 0.5030105 0.2822382 0.64611304 0.31038922 0.656229
sandwich 0.46950153 0.3624649 0.31937963 0.37668052 0.34696823
banana 0.45999616 0.35028765 0.35475317 0.36785895 0.3685471
wine glass 0.45208535 0.2053543 0.8557905 0.22874053 0.87453496
wine glass 0.44741723 0.20375669 0.7567156 0.22951248 0.77555937
fork 0.4442442 0.28855094 0.7399071 0.30529562 0.7474125
sandwich 0.43004963 0.35539025 0.31130427 0.3740855 0.32692832
toaster 0.42636386 0.37902242 0.7073882 0.40230027 0.77921027
toaster 0.41870973 0.37977737 0.70895493 0.42768633 0.75555384
wine glass 0.41020194 0.2075483 0.7917469 0.22819993 0.8077027
spoon 0.39734173 0.32603136 0.672743 0.3453843 0.69573766
knife 0.39652228 0.2751855 0.65150434 0.3086234 0.66559106
knife 0.37443933 0.28855094 0.7399071 0.30529562 0.7474125
knife 0.36948088 0.28391486 0.724387 0.30412695 0.7345219
sandwich 0.36736283 0.35063094 0.27782837 0.37860376 0.31995085
wine glass 0.36415818 0.20473833 0.7773553 0.22788669 0.7904706
spoon 0.3483836 0.34564453 0.32107353 0.40097377 0.38522667
banana 0.3395822 0.33589128 0.3228998 0.36160058 0.3455083
spoon 0.32387674 0.2075483 0.7917469 0.22819993 0.8077027
spoon 0.3098017 0.2004285 0.83082783 0.22868417 0.85392106
tennis racket 0.30209726 0.39785928 0.95920396 0.42155564 0.96929085
fork 0.30190694 0.27745768 0.73275006 0.30284187 0.7420478
