cake 0.914645 0.64472216 0.4865346 0.9971089 0.71144474
cake 0.8246943 0.63378406 0.29035127 0.99600106 0.47921777
wine glass 0.6754481 0.3270697 0.22822194 0.3545238 0.24550836
cake 0.6172195 0.6285669 0.38212872 0.6696566 0.42851418
clock 0.5711819 0.4111866 0.081517 0.45956308 0.10478669
spoon 0.5589898 0.4483316 0.17042696 0.48794454 0.22153932
toaster 0.5443068 0.58683187 0.27033734 0.6083709 0.3749594
wine glass 0.5294988 0.3212135 0.2128328 0.3517682 0.22875871
couch 0.520396 0.4472515 0.39401075 0.5750075 0.4455301
wine glass 0.48528537 0.3238699 0.19900772 0.34724677 0.21201733
microwave 0.48152155 0.46377766 0.462577 0.6067768 0.5265126
wine glass 0.4700973 0.2707831 0.13854708 0.3308458 0.16231753
clock 0.46859103 0.5281797 0.41047788 0.5764603 0.42769116
wine glass 0.46799493 0.44913068 0.15173513 0.48777717 0.17006671
wine glass 0.45890436 0.24273333 0.04747085 0.31189814 0.0826167
microwave 0.42798486 0.5451123 0.46574017 0.60526836 0.52430195
wine glass 0.41918433 0.4473778 0.127817 0.48487154 0.15027511
microwave 0.40527698 0.45397037 0.804806 0.6359156 0.8254361
spoon 0.38156593 0.609248 0.5388133 0.6233002 0.55901545
wine glass 0.36036262 0.25142366 0.08205066 0.31576508 0.11171872
knife 0.35511658 0.51286465 0.7395012 0.53268206 0.7469067
tennis racket 0.35354778 0.26192597 0.11138688 0.32459188 0.13686378
donut 0.342874 0.5911724 0.58578926 0.6246149 0.6277488
knife 0.33812845 0.5018451 0.7465262 0.532106 0.75555724
toaster 0.33804533 0.5595972 0.61825794 0.5777241 0.6666717
wine glass 0.3356298 0.2865273 0.17328122 0.3394338 0.1889166
tennis racket 0.32903287 0.3238699 0.19900772 0.34724677 0.21201733
sandwich 0.31732392 0.5907829 0.56261826 0.6085923 0.5908222
wine glass 0.31455165 0.26192597 0.11138688 0.32459188 0.13686378
knife 0.30649573 0.49448168 0.7556698 0.5299528 0.7624493
