cake 0.9513974 0.5823771 0.37706387 0.93824923 0.560023
cake 0.9437016 0.57448286 0.262396 0.890899 0.40127215
cake 0.93183696 0.6152525 0.7200391 0.9993781 0.99735266
cake 0.90627396 0.5965489 0.53458524 1.0 0.75066596
clock 0.85900587 0.5234711 0.6242634 0.621557 0.74302256
knife 0.6283639 0.51505154 0.33570918 0.53411466 0.34700182
knife 0.61403143 0.5151647 0.31733742 0.5339852 0.3341467
microwave 0.52715033 0.55680287 0.20016773 0.74475086 0.35949174
clock 0.50491875 0.38936725 0.5424652 0.41686717 0.56742847
couch 0.4260036 0.42341113 0.5621332 0.627373 0.8065793
tennis racket 0.41809046 0.5212647 0.55982596 0.56095684 0.5823638
couch 0.3772718 0.36971396 0.53692836 0.41617787 0.56927335
banana 0.36581558 0.5402992 0.6156518 0.54799426 0.63288665
