microwave 0.9640076 0.3372848 0.53817475 0.57300395 0.86042356
couch 0.7175799 0.29608312 0.9321804 0.3566089 0.9864314
spoon 0.696031 0.3217769 0.150785 0.36108562 0.24935667
toaster 0.6365185 0.38727283 0.0 0.4294163 0.25292513
spoon 0.6168199 0.23496749 0.2585934 0.24453129 0.3232199
knife 0.59676033 0.30840734 0.7854421 0.32999077 0.8163679
spoon 0.5473923 0.23074564 0.17919797 0.24457973 0.25027993
wine glass 0.5361898 0.21313402 0.15199062 0.24246153 0.18019849
knife 0.53141457 0.29746553 0.83625484 0.3307849 0.86642873
wine glass 0.52101976 0.21263155 0.10860441 0.24203023 0.1341954
tennis racket 0.52051693 0.31567004 0.5030702 0.35224918 0.51861846
tennis racket 0.5175971 0.31623194 0.48886162 0.3528808 0.504262
knife 0.4718858 0.2964408 0.803035 0.32908377 0.8266725
wine glass 0.45563763 0.21810623 0.19368778 0.23159246 0.22266005
knife 0.44587824 0.29658625 0.8420689 0.3106732 0.8619746
knife 0.43779293 0.30709186 0.8292868 0.32971856 0.8496384
wine glass 0.40939084 0.21752608 0.24690081 0.23847488 0.2773499
sandwich 0.40336695 0.32629135 0.18129908 0.33483616 0.20281674
clock 0.3288765 0.33564764 0.9372558 0.35611683 0.97502
