cake 0.92468333 0.645046 0.4737823 0.9679086 0.64693236
couch 0.8135904 0.3776653 0.4630636 0.49435714 0.5550585
cake 0.776394 0.6206212 0.60204774 0.90044844 0.74638397
cake 0.7533137 0.59616107 0.6945132 0.84457797 0.81829274
cake 0.74208075 0.578395 0.7694051 0.7941505 0.88442755
fork 0.65685236 0.44548753 0.71122664 0.4650621 0.7230602
banana 0.6122566 0.48950252 0.51694244 0.50517654 0.5361621
spoon 0.6029069 0.3870308 0.29845494 0.40046182 0.32450247
tennis racket 0.5837036 0.46498743 0.20241338 0.50560033 0.21708468
tennis racket 0.5819693 0.47280866 0.19100112 0.50607365 0.2049281
fork 0.5451885 0.44514236 0.70510066 0.4587429 0.7127576
spoon 0.5354955 0.38822395 0.37041098 0.39875293 0.39975637
clock 0.50923723 0.43398324 0.49069348 0.49327818 0.5231819
wine glass 0.50029194 0.24454956 0.29996988 0.26981866 0.31415936
fork 0.48618072 0.46868974 0.7065414 0.48172176 0.71790624
wine glass 0.48567468 0.32962665 0.3001416 0.35590187 0.3152955
wine glass 0.4825493 0.3326965 0.31942877 0.35608 0.33178
wine glass 0.48106018 0.37084833 0.21980019 0.39985088 0.25228932
spoon 0.47676253 0.46983275 0.86189187 0.50120956 0.92425704
spoon 0.4739273 0.29916477 0.36974856 0.3143258 0.39667478
banana 0.45977098 0.4848792 0.5199982 0.5031888 0.5528195
spoon 0.4569085 0.29569238 0.29909885 0.3144136 0.32093108
spoon 0.45412126 0.32930848 0.22992119 0.35330644 0.2584165
toaster 0.44488752 0.49913907 0.27982792 0.5111364 0.3956764
fork 0.44348446 0.46030027 0.7019851 0.4736998 0.7161561
banana 0.44240177 0.4891863 0.5362623 0.5035936 0.555585
wine glass 0.43256867 0.2467298 0.3166287 0.27256387 0.32787842
bowl 0.4283849 0.49594793 0.42485154 0.5155726 0.48573512
wine glass 0.42286575 0.2926169 0.32352808 0.3148011 0.33640894
wine glass 0.41066003 0.29514322 0.29903597 0.3136029 0.32108396
wine glass 0.4100853 0.21539047 0.32137862 0.23239604 0.33297095
microwave 0.4020854 0.4841494 0.69885033 0.66873986 0.9456137
toaster 0.38870904 0.5005234 0.27350092 0.5111287 0.35611564
spoon 0.36119413 0.49074778 0.3470921 0.5452342 0.60296386
wine glass 0.35419324 0.245731 0.3040518 0.27226853 0.32493725
wine glass 0.34783027 0.37096187 0.21778458 0.39943102 0.23159581
bowl 0.33067873 0.4960618 0.4467337 0.51531184 0.48703676
spoon 0.3179859 0.34848943 0.37160382 0.35646364 0.4008089
wine glass 0.30550307 0.2134188 0.31004927 0.23060949 0.32129154
spoon 0.30225852 0.3116345 0.36865452 0.3188739 0.3957034
