spoon 0.80684006 0.566248 0.088003 0.6786187 0.25173256
microwave 0.78282934 0.48715532 0.5616261 0.73177814 0.77048385
couch 0.73816204 0.41237912 0.13216488 0.4958124 0.18248837
banana 0.6386526 0.55855924 0.10775423 0.622999 0.22425047
spoon 0.60993546 0.25400883 0.9362695 0.2897675 0.990235
clock 0.59530854 0.44025925 0.47996372 0.4731352 0.50278
couch 0.58054966 0.46660417 0.80985624 0.50922614 0.83525723
cake 0.5485506 0.44841436 0.22578742 0.47850078 0.26266703
couch 0.54495084 0.44581836 0.78656965 0.50500757 0.8123086
cake 0.5432422 0.4778002 0.25978744 0.5077324 0.312472
tennis racket 0.541152 0.42201233 0.5624016 0.48575166 0.573062
chair 0.52592415 0.47390616 0.0016560443 0.5245455 0.094567984
couch 0.5248898 0.40634212 0.47507247 0.47563723 0.5048768
toaster 0.5244226 0.5717434 0.26575923 0.6617624 0.53487515
tennis racket 0.52390504 0.42438486 0.5518158 0.48269892 0.56229514
banana 0.47095177 0.6449031 0.115275204 0.69463265 0.14875141
spoon 0.45666632 0.28347144 0.8407324 0.29746515 0.8688386
knife 0.43924624 0.4285698 0.84665 0.46673688 0.86023223
spoon 0.4334507 0.35218108 0.9437831 0.36909476 0.97278446
cell phone 0.42820767 0.36763397 0.11881237 0.4080822 0.14177419
cake 0.42685148 0.4907002 0.13637811 0.5221938 0.21263206
spoon 0.4253461 0.2809984 0.8729948 0.2959136 0.8991085
tennis racket 0.41258803 0.34331554 0.8462249 0.37264106 0.85841084
tennis racket 0.40992042 0.42242786 0.5639111 0.45717183 0.57237625
knife 0.40621185 0.44616225 0.8529356 0.47364777 0.8606381
tennis racket 0.4049506 0.3345589 0.8380423 0.37259883 0.8466758
tennis racket 0.37003678 0.31176844 0.8720899 0.3732021 0.8906583
banana 0.36999953 0.6076691 0.13401909 0.62151885 0.15210022
knife 0.36707404 0.43433568 0.8669523 0.47469527 0.8847413
knife 0.36204496 0.433442 0.85957795 0.47377563 0.87156445
tennis racket 0.3565188 0.30986917 0.85609376 0.37385407 0.8688824
cake 0.347303 0.4757462 0.23826556 0.50916 0.31355086
tennis racket 0.32827038 0.42420825 0.5519247 0.45732924 0.5618725
tennis racket 0.3094896 0.4535872 0.55223894 0.48361987 0.56303644
couch 0.30657014 0.3737606 0.0 0.47436804 0.033423
wine glass 0.30483067 0.33047453 0.9757965 0.36638686 0.9972572
