cake 0.91319966 0.66059196 0.492712 0.86652565 0.5867936
cake 0.8950049 0.6961461 0.20178267 0.95880973 0.3116317
cake 0.8815316 0.67617846 0.39633155 0.89590913 0.49617988
cake 0.7509799 0.6167601 0.6704351 0.9953584 0.8178699
wine glass 0.71009666 0.5722843 0.89916503 0.6068787 0.9233185
cake 0.6727291 0.6107718 0.78446823 0.99845064 0.8913303
spoon 0.57748306 0.40042296 0.878097 0.4155781 0.9061186
spoon 0.56723773 0.5315909 0.41367662 0.5599672 0.4469447
couch 0.56495327 0.3881527 0.43192777 0.57703084 0.5468203
spoon 0.5082207 0.34244698 0.8793505 0.3569036 0.9050768
fork 0.5009048 0.51213163 0.23947325 0.525956 0.24321559
spoon 0.4884223 0.3979264 0.9077593 0.41580138 0.92585576
microwave 0.48837197 0.5487904 0.25021273 0.5791895 0.39519948
spoon 0.48590875 0.60186505 0.22533843 0.62370104 0.27825418
clock 0.4470859 0.5049636 0.4754587 0.58867776 0.50360197
banana 0.41840613 0.7024949 0.9795748 0.7313837 1.0
spoon 0.40293223 0.70646316 0.8299345 0.75247705 0.9003501
sandwich 0.3939524 0.54102784 0.5092579 0.5575378 0.5238141
clock 0.38538152 0.5471258 0.47838977 0.5852345 0.5019537
spoon 0.38394707 0.58535874 0.22457339 0.6154448 0.2876313
sandwich 0.38026446 0.54597783 0.534235 0.55780286 0.5462065
sandwich 0.37750277 0.7123273 0.9413376 0.74903387 0.9767412
tennis racket 0.3691525 0.53045684 0.23463728 0.56335676 0.24672364
banana 0.3687874 0.5914265 0.49267307 0.60556275 0.5027569
spoon 0.36742485 0.46063906 0.8649158 0.4737566 0.8891943
sink 0.36598718 0.34296072 0.0 0.9863896 0.14622739
cake 0.35580984 0.60618573 0.7113454 0.992016 0.8940882
bowl 0.34407246 0.576092 0.23312968 0.6031115 0.2646565
toaster 0.336277 0.55177873 0.2518858 0.57033753 0.33218816
sandwich 0.3349519 0.5297589 0.5320163 0.5545443 0.5443413
sandwich 0.33482566 0.5296148 0.51411223 0.5437482 0.5236901
clock 0.33313316 0.53738624 0.6276117 0.55593014 0.6353974
spoon 0.3187304 0.6999725 0.93325514 0.78164685 1.0
sandwich 0.31275365 0.72410506 0.9617709 0.75970995 0.9942341
