microwave 0.947478 0.5614599 0.24501054 0.6500717 0.4078861
couch 0.9181151 0.42648888 0.5674519 0.56594646 0.6616573
cake 0.7795109 0.7328294 0.5510861 0.9944273 0.6392017
microwave 0.70862824 0.5683647 0.88653404 0.7723476 0.92412347
cake 0.5518601 0.59330434 0.7549135 0.6551191 0.7903636
toaster 0.47886607 0.5861405 0.48093605 0.6155758 0.562346
cake 0.45747384 0.69028234 0.5969072 0.89646626 0.6725537
banana 0.3546829 0.6127844 0.4255838 0.62984073 0.43564788
banana 0.34201035 0.6145511 0.40861177 0.63188297 0.4257909
cake 0.33270094 0.7820277 0.52971166 1.0 0.60667974
couch 0.30753133 0.52086335 0.5981941 0.5710042 0.6388627
