cake 0.952598 0.51723284 0.4897042 0.6786744 0.5467232
cake 0.92790353 0.5198543 0.54325485 0.67387086 0.59341073
sink 0.9005225 0.3373507 0.59363204 0.879214 0.6532987
toaster 0.81890404 0.60255015 0.14561822 0.65735936 0.31120926
microwave 0.808353 0.65110826 0.7549062 0.98838705 0.9994942
clock 0.7610978 0.5444172 0.77608496 0.60246664 0.81630176
spoon 0.6220688 0.62325066 0.06501095 0.6826829 0.15679713
tennis racket 0.60652065 0.556087 0.91269267 0.67159325 0.9532558
cell phone 0.5667075 0.0 0.8386951 0.39479083 0.99992806
cake 0.5414988 0.5167143 0.41994438 0.5555041 0.43633774
couch 0.53379923 0.48049495 0.7421027 0.603 0.8180035
cake 0.4313639 0.5146654 0.4809707 0.54494673 0.499284
cake 0.41836098 0.5242399 0.42460462 0.6709712 0.48468336
sink 0.3440828 0.33924335 0.5895713 0.87840086 0.7816306
clock 0.32236254 0.556087 0.91269267 0.67159325 0.9532558
cake 0.3165847 0.5177961 0.41811332 0.554611 0.485167
