cake 0.9191616 0.6692128 0.04597442 0.9807416 0.26914304
microwave 0.916008 0.4958398 0.71279263 0.72429913 0.86184967
couch 0.7830998 0.41593558 0.10502933 0.58169216 0.18804576
couch 0.76216424 0.4949134 0.8694178 0.5505299 0.9260994
wine glass 0.64628035 0.30759558 0.8694916 0.33518207 0.8921772
wine glass 0.538484 0.308647 0.89564276 0.32723588 0.91549873
cake 0.5036024 0.64373165 0.0 0.8848306 0.03517314
toaster 0.47672817 0.5365522 0.31821114 0.56190807 0.40305448
spoon 0.4740535 0.3500326 0.87814003 0.37619343 0.9095858
spoon 0.4653271 0.5116935 0.46544692 0.5320897 0.4937667
clock 0.4361094 0.51727754 0.87662524 0.54470176 0.90099484
banana 0.41447175 0.501066 0.47275153 0.51289064 0.49038878
sandwich 0.37000844 0.5221264 0.43843454 0.53312856 0.44871753
sink 0.36915848 0.41312397 0.9272523 0.7338029 0.97437966
spoon 0.3390536 0.4946868 0.41779006 0.52408975 0.4456731
sandwich 0.3023929 0.52070427 0.45180812 0.5337745 0.46453276
