bird 0.87825054 0.82404727 0.15724105 0.907111 0.25320265
microwave 0.80123276 0.39452875 0.710544 0.6443329 0.8395009
couch 0.74418133 0.5665094 0.38231647 0.6449514 0.45682526
clock 0.6441145 0.5471179 0.33256364 0.59842014 0.3600214
sandwich 0.63956183 0.74891955 0.58491045 0.77046955 0.5992928
cell phone 0.52614516 0.4364072 0.4049139 0.4849594 0.44792247
couch 0.40168986 0.49045792 0.30553415 0.5954927 0.3925937
tennis racket 0.3663264 0.53607935 0.65862864 0.5846479 0.67263275
microwave 0.3653743 0.3909451 0.7049297 0.92631876 0.8446839
book 0.36531383 0.41233373 0.756457 0.44001195 0.78084075
sandwich 0.35974705 0.77319086 0.58907884 0.7930731 0.6046875
