microwave 0.87520546 0.6210091 0.4187361 0.7438106 0.6077658
couch 0.8051177 0.54319537 0.85881376 0.64770585 0.9259696
sink 0.7767385 0.38566238 0.10492377 0.74483335 0.3045321
spoon 0.75184107 0.60241973 0.7371598 0.64393294 0.7925033
couch 0.7401183 0.56716776 0.32581258 0.64686894 0.3678813
clock 0.6888686 0.6123274 0.33691356 0.648397 0.36084244
tennis racket 0.66030496 0.5747647 0.40701506 0.63546085 0.4223204
sandwich 0.61275816 0.78205276 0.32787782 0.8072732 0.35296082
sandwich 0.592042 0.7981492 0.3876847 0.82583845 0.40664303
sandwich 0.5805328 0.77235985 0.34278792 0.8007633 0.36570525
sandwich 0.5629422 0.78076005 0.38346618 0.8048241 0.40391183
sandwich 0.53335035 0.76668197 0.30182272 0.78452444 0.3198948
sandwich 0.5098246 0.7955612 0.36885214 0.82622784 0.3899228
sandwich 0.48798475 0.75974005 0.28365552 0.81495696 0.36987495
sandwich 0.48186353 0.7861833 0.3001286 0.80953074 0.32298777
spoon 0.4748247 0.7939324 0.36007074 0.86261415 0.42308477
sandwich 0.45362055 0.7756041 0.288191 0.8026869 0.3076814
spoon 0.45148498 0.7622939 0.28166947 0.8240965 0.37216195
toaster 0.41185588 0.71398985 0.97933817 0.7558739 0.99926066
wine glass 0.383039 0.5986488 0.64583856 0.6448187 0.6715215
sandwich 0.37268266 0.76198995 0.34523508 0.7777694 0.3602517
wine glass 0.35964254 0.61142975 0.6735195 0.64925605 0.69801855
sandwich 0.35570717 0.7587848 0.3222097 0.7860774 0.3478625
sink 0.31103772 0.38688943 0.10138894 0.8604521 0.30205074
