microwave 0.8691028 0.5737864 0.55933815 0.7276695 0.8727202
couch 0.793245 0.44641194 0.8963709 0.6663162 1.0
spoon 0.74215007 0.6069663 0.25232685 0.6331957 0.35796186
banana 0.5473457 0.59665245 0.26294646 0.6120941 0.29590884
sandwich 0.49536136 0.5950064 0.29654288 0.61075264 0.32909417
sandwich 0.48166654 0.62558275 0.07478041 0.6363612 0.13418603
spoon 0.4594899 0.622554 0.17904735 0.64199346 0.22402647
wine glass 0.41755566 0.6120664 0.053971622 0.6274884 0.09438287
cake 0.4083162 0.7221627 0.0 0.96172214 0.20926566
spoon 0.40096706 0.6120664 0.053971622 0.6274884 0.09438287
banana 0.38148546 0.5924057 0.32699445 0.60903525 0.354606
sink 0.36081293 0.47027433 0.057741053 0.6190015 0.22288534
banana 0.3369315 0.5950064 0.29654288 0.61075264 0.32909417
wine glass 0.31451687 0.6225361 0.17802861 0.64191777 0.22044495
cake 0.30424112 0.66269845 0.0 0.966023 0.20941438
