cake 0.85282063 0.60102326 0.060933623 0.6933265 0.08957212
microwave 0.7567217 0.5531544 0.8098306 0.74074185 0.96918875
cake 0.6780418 0.5747846 0.0005952772 0.70631766 0.034801044
couch 0.64936805 0.5015826 0.3695734 0.55643636 0.392662
cake 0.59793776 0.6622805 0.32439294 0.833427 0.3846688
cell phone 0.5011574 0.36118224 0.81045246 0.55991906 0.9725009
cake 0.48060232 0.71093065 0.4349546 0.9565611 0.52239525
clock 0.47387987 0.5367097 0.3738156 0.5570607 0.38826543
cake 0.4311641 0.6801541 0.37175867 0.8836419 0.44283983
couch 0.3529671 0.5432985 0.74135 0.57909346 0.76769954
