couch 0.85615957 0.39822087 0.22335114 0.5217651 0.31903425
tennis racket 0.66809905 0.28930953 0.2121431 0.3253774 0.22217324
tennis racket 0.6488926 0.4674331 0.7932495 0.54284954 0.81092846
toaster 0.5974429 0.52515894 0.18063211 0.5414464 0.26886737
tennis racket 0.574611 0.46651015 0.8071618 0.5411021 0.82093585
clock 0.5408056 0.45722812 0.2570308 0.52236456 0.28390756
tennis racket 0.5398045 0.44989535 0.8196412 0.5423066 0.8380732
tennis racket 0.47967428 0.21266598 0.09033392 0.26381254 0.118933275
tennis racket 0.4739207 0.43754244 0.7165005 0.5198266 0.74567723
sink 0.43726423 0.34667113 0.5755587 0.5845821 0.59941834
clock 0.4266553 0.21266598 0.09033392 0.26381254 0.118933275
tennis racket 0.4217915 0.27418485 0.22048378 0.3315522 0.23370898
tennis racket 0.3587711 0.16113766 0.09104319 0.21891242 0.10309349
tennis racket 0.3569321 0.49563155 0.8615891 0.5614539 0.88394654
tennis racket 0.33587012 0.17123358 0.070111424 0.2490578 0.092405796
tennis racket 0.33309975 0.49244416 0.860676 0.56678325 0.91782576
