cake 0.92821544 0.7143519 0.5630412 1.0 0.87432534
cell phone 0.83371824 0.38537472 0.88596416 0.47025847 1.0
cake 0.75587386 0.69825023 0.87013906 0.9693131 1.0
spoon 0.74670357 0.5650076 0.27523902 0.5958256 0.3838672
tennis racket 0.7236945 0.52213466 0.70460427 0.58105516 0.72886527
couch 0.6814764 0.4909835 0.72383356 0.58281183 0.7949845
spoon 0.67942345 0.58580375 0.5043801 0.6366093 0.64630044
spoon 0.64773947 0.7211763 0.29181045 0.754536 0.36844912
cell phone 0.6148714 0.5190821 0.33797362 0.55432147 0.44191736
couch 0.6122189 0.4906873 0.49123722 0.56615645 0.59098965
clock 0.5458474 0.5302598 0.5160951 0.5670441 0.56761545
fork 0.53737843 0.5250054 0.3043397 0.5345685 0.31103626
spoon 0.526098 0.5543735 0.21485122 0.57544935 0.28200212
couch 0.49280503 0.41942942 0.70656496 0.4994414 0.77495116
fork 0.47997603 0.5158867 0.30262244 0.5279054 0.3112524
couch 0.4642403 0.51582146 0.81123096 0.59048676 0.9400698
sandwich 0.4466043 0.561356 0.28262562 0.5734163 0.31091452
clock 0.38832667 0.55562294 0.7393284 0.5821222 0.7763706
sandwich 0.38107082 0.5659583 0.20377089 0.58354455 0.23809469
tennis racket 0.36813253 0.51786494 0.4659551 0.5562202 0.4803125
banana 0.3578967 0.55899525 0.29630825 0.57133615 0.33268866
microwave 0.35585842 0.5190821 0.33797362 0.55432147 0.44191736
spoon 0.3074157 0.5659583 0.20377089 0.58354455 0.23809469
