cake 0.92659837 0.74248385 0.25756556 0.8545328 0.42770243
cake 0.8956165 0.7226817 0.024780735 0.8260137 0.17308475
microwave 0.7854671 0.5563803 0.45940414 0.76801395 0.64436007
sandwich 0.7479583 0.65249777 0.922144 0.6824795 0.9464758
sandwich 0.74551225 0.6415896 0.8959885 0.6627179 0.9192447
sandwich 0.7104802 0.64988106 0.87385166 0.6628678 0.8969201
microwave 0.6980897 0.59052694 0.14086746 0.8694612 0.573672
knife 0.65137553 0.5015414 0.7067823 0.5392898 0.7210155
cake 0.5863564 0.84336436 0.5415532 0.99959666 0.6265189
sink 0.57769525 0.28971332 0.11988487 0.7310811 0.25081444
spoon 0.56532687 0.29640704 0.29051098 0.3132873 0.30899444
sandwich 0.5365095 0.6254327 0.9611266 0.6472614 0.9884848
spoon 0.5364405 0.29589888 0.3386636 0.31177637 0.35736522
sandwich 0.5143343 0.6820525 0.9224511 0.7098471 0.94616276
clock 0.5098005 0.53349453 0.4158665 0.6165021 0.46109307
wine glass 0.48853618 0.5915628 0.8403786 0.6529474 0.8641563
sandwich 0.4829875 0.63943934 0.9172007 0.65899193 0.9354743
wine glass 0.46856973 0.35588878 0.6653813 0.38243476 0.68485355
knife 0.46638045 0.51272583 0.7194079 0.5386946 0.7314085
knife 0.4576098 0.51253587 0.6731557 0.5375037 0.68113405
sandwich 0.45548 0.6085013 0.9821967 0.63350797 1.0
wine glass 0.45378363 0.3750001 0.7849422 0.40894488 0.8059153
spoon 0.44676423 0.2850991 0.33951613 0.2925082 0.3568854
spoon 0.4394233 0.28555113 0.2900442 0.2954357 0.30927604
knife 0.43104827 0.5110531 0.65095794 0.53726065 0.6644671
spoon 0.42259616 0.26501092 0.8278104 0.2875572 0.8616245
spoon 0.41672742 0.2736045 0.77187943 0.29013294 0.80063796
knife 0.41354582 0.50248563 0.7299998 0.53635705 0.7420347
wine glass 0.41157734 0.80985695 0.100821346 0.8862861 0.1365744
spoon 0.40066126 0.2617629 0.77145815 0.2713443 0.8009902
wine glass 0.39808854 0.38073343 0.76778704 0.40885141 0.7831418
spoon 0.39325202 0.38073343 0.76778704 0.40885141 0.7831418
spoon 0.3786919 0.25840995 0.8292164 0.2655116 0.85355765
knife 0.35123822 0.51248586 0.67919415 0.53745675 0.6918749
spoon 0.341045 0.33972895 0.33112988 0.3652564 0.35759655
wine glass 0.33193883 0.81412375 0.14875461 0.8895757 0.18543382
spoon 0.32753554 0.887585 0.2474988 0.9464381 0.29526448
spoon 0.31840333 0.26813132 0.43777132 0.29304463 0.45444995
spoon 0.31059608 0.256157 0.6645757 0.28213426 0.6835667
wine glass 0.30506584 0.5915423 0.8139809 0.65465224 0.8369524
banana 0.30466905 0.6085013 0.9821967 0.63350797 1.0
wine glass 0.30424342 0.8237739 0.25320753 0.90231556 0.28953
knife 0.30186468 0.51159465 0.6938592 0.529129 0.70767176
wine glass 0.30069026 0.8179257 0.20239246 0.89644563 0.23773685
