cake 0.8229046 0.5828875 0.85190946 0.6246734 0.94896835
toaster 0.8136159 0.64544934 0.32375824 0.7147165 0.6019809
banana 0.76923645 0.588787 0.7593603 0.6457637 0.8854885
cake 0.6090718 0.59255934 0.971692 0.6309646 0.9997539
clock 0.5869903 0.55662024 0.16557983 0.6200273 0.20239702
fork 0.5139431 0.73572403 0.743491 0.7644891 0.8323187
couch 0.4558604 0.47245824 0.13322234 0.6173288 0.23733944
couch 0.41197044 0.4355498 0.4722555 0.5847304 0.5485521
couch 0.37770474 0.43941885 0.45474657 0.59001166 0.54824936
banana 0.3160639 0.5997363 0.7755914 0.62255275 0.7989763
