microwave 0.8865783 0.73945767 0.2431614 0.9196803 0.7973517
spoon 0.7375228 0.28949988 0.6784738 0.34881514 0.80705196
spoon 0.6469421 0.27643606 0.20833677 0.34561828 0.36515826
knife 0.6111151 0.6601766 0.8371955 0.6946493 0.8756326
knife 0.56166744 0.62260735 0.7405259 0.66319466 0.77955055
wine glass 0.5542874 0.69197017 0.74551237 0.7701741 0.84474945
knife 0.51796335 0.64759624 0.7911347 0.67436135 0.81961703
knife 0.48329002 0.65692884 0.738296 0.6966544 0.77312285
knife 0.41745886 0.64927524 0.70737517 0.69558626 0.7552528
knife 0.40496024 0.6733004 0.7752365 0.698225 0.7971963
knife 0.32719034 0.64679456 0.8221406 0.6756141 0.84297556
knife 0.3051828 0.65871733 0.77132374 0.69757456 0.79490674
