cake 0.9417982 0.69753873 0.39861733 0.9885261 0.5138696
cake 0.9332058 0.69985074 0.5394699 0.99488515 0.653886
cake 0.90596795 0.6957681 0.2581725 0.98793423 0.37812012
sink 0.89323914 0.29084167 0.13667226 0.72436386 0.28245035
spoon 0.74436975 0.51262796 0.5855344 0.56306756 0.63193625
spoon 0.6657785 0.093800046 0.00016182847 0.1465718 0.042329617
spoon 0.64922345 0.20025617 0.0 0.2312709 0.025854439
spoon 0.6323786 0.3611067 4.1317195e-05 0.40944216 0.021110948
spoon 0.6115696 0.5289059 0.0 0.5782498 0.028954376
microwave 0.60993356 0.4976952 0.76255465 0.8707731 0.9992335
banana 0.6009006 0.47328985 0.3371571 0.4976919 0.36441562
wine glass 0.5161969 0.36050823 0.065295905 0.41174263 0.09689085
spoon 0.49525046 0.3457562 0.0 0.36327532 0.01738583
spoon 0.48530638 0.30406955 0.0004951749 0.3226195 0.020207789
bowl 0.47279453 0.47520018 0.32336435 0.49682447 0.34569338
spoon 0.47271067 0.2804583 0.00032103993 0.31279606 0.02058789
banana 0.47133768 0.4750976 0.35484028 0.49743038 0.37294757
bowl 0.4512953 0.48983082 0.32217422 0.5021214 0.33874688
toaster 0.44588044 0.5096441 0.44048735 0.5382433 0.55701125
wine glass 0.3836589 0.35764635 0.033263918 0.41028136 0.053810786
banana 0.37399656 0.48073694 0.37135747 0.49932408 0.38424888
spoon 0.3625349 0.13041103 0.02023833 0.15708667 0.055377573
wine glass 0.3575133 0.27764732 0.02637598 0.325748 0.039397456
spoon 0.35391518 0.21709627 0.040496316 0.2514612 0.09065522
wine glass 0.34428236 0.27855885 0.037225213 0.32664827 0.053146232
spoon 0.33862817 0.4652095 0.0 0.49080664 0.029732406
spoon 0.32704738 0.21647203 0.06404468 0.25117624 0.08978797
wine glass 0.3169285 0.24507703 0.9419629 0.27081284 0.95534855
spoon 0.30258262 0.4607849 0.7756752 0.5052583 0.81223357
