tennis racket 0.7411075 0.5017561 0.69307965 0.56337535 0.719425
tennis racket 0.71212554 0.45710477 0.8760249 0.55515116 0.92271763
tennis racket 0.6961607 0.32259756 0.10952501 0.42569637 0.14496027
tennis racket 0.6122459 0.32176226 0.16595626 0.42567617 0.19211741
tennis racket 0.52746457 0.52650654 0.8396601 0.5558156 0.86102295
tennis racket 0.434362 0.5262884 0.816908 0.5558716 0.837754
tennis racket 0.41947785 0.49884352 0.72127426 0.53836375 0.75237817
knife 0.40432155 0.52395934 0.97164303 0.5440058 0.98675406
tennis racket 0.36970466 0.52665716 0.8599583 0.55532795 0.88308585
tennis racket 0.36800382 0.498248 0.72204566 0.5682726 0.7564071
tennis racket 0.31252098 0.5260469 0.80358326 0.5549303 0.8179747
