microwave 0.8991924 0.5411585 0.23049487 0.8229816 0.3432023
cake 0.7380652 0.53557885 0.6831115 0.63248944 0.7096949
couch 0.685731 0.4861564 0.08936356 0.58633834 0.14024994
couch 0.6819177 0.45632923 0.27007905 0.54351413 0.326656
tennis racket 0.6216929 0.4882537 0.18456382 0.55871564 0.19958931
tennis racket 0.57166153 0.48429447 0.1662708 0.5565747 0.18387954
cake 0.55413264 0.51962507 0.4849381 0.55401903 0.49776658
cake 0.53289413 0.5215181 0.613695 0.57174486 0.63994646
book 0.4245625 0.2962885 0.32421547 0.34492576 0.3360039
clock 0.4088313 0.4688659 0.37801927 0.5221554 0.4226321
clock 0.40813914 0.48356774 0.37856674 0.51955426 0.40413356
clock 0.3055124 0.5386105 0.54421234 0.5686917 0.56935775
tennis racket 0.3012013 0.4877791 0.18679625 0.5216311 0.19923139
