cake 0.8861899 0.57143825 0.50402254 0.96328455 0.7347477
toaster 0.83180577 0.53667605 0.20311698 0.593097 0.33290008
couch 0.7309212 0.49332786 0.31758147 0.5419158 0.36024976
spoon 0.6205724 0.57552385 0.4655538 0.5938842 0.4995936
clock 0.616849 0.51794904 0.32995102 0.5421663 0.35260865
couch 0.59247816 0.5005002 0.36242875 0.5403017 0.3936195
tennis racket 0.58415276 0.49476504 0.5047582 0.5395558 0.51691276
couch 0.50679225 0.4292491 0.11154948 0.5442336 0.16691227
spoon 0.3890735 0.52742803 0.47269392 0.54044616 0.49170756
wine glass 0.34729546 0.5649725 0.49930322 0.59337926 0.52585757
wine glass 0.33491254 0.57972926 0.4988358 0.59391254 0.52312446
spoon 0.33211243 0.53032017 0.53277147 0.5527679 0.5936086
spoon 0.30652505 0.5128355 0.4129346 0.5381893 0.45001805
wine glass 0.30229202 0.57552385 0.4655538 0.5938842 0.4995936
tennis racket 0.3014804 0.4949566 0.50671035 0.50879896 0.514481
