cake 0.84315586 0.8083003 0.21700555 0.99778944 0.3645805
tennis racket 0.45652398 0.60195583 0.2612349 0.64587545 0.27209428
clock 0.4520751 0.5381546 0.16916734 0.5539033 0.17694297
cake 0.44459847 0.67359906 0.13984795 0.7783976 0.25475034
spoon 0.4108644 0.64056766 0.24419062 0.660796 0.28348404
cake 0.40766296 0.76205856 0.17826346 0.9616369 0.30314562
book 0.37819353 0.32930124 0.057105713 0.38500923 0.102235176
cake 0.3476421 0.7213679 0.16200705 0.9084042 0.26345733
cake 0.33879557 0.59055024 0.31548047 0.62150544 0.33841836
cake 0.33114782 0.7612511 0.17851017 0.9031508 0.30227962
bowl 0.31979257 0.64056766 0.24419062 0.660796 0.28348404
