couch 0.77346313 0.28560808 0.07272615 0.35159972 0.19715403
cake 0.77038443 0.67145705 0.49540868 0.8269465 0.61179596
banana 0.6001995 0.5177427 0.45611137 0.5263218 0.4750216
spoon 0.49544072 0.41734043 0.37428617 0.43011728 0.42144382
toaster 0.4951554 0.5867284 0.051725082 0.62198704 0.13949645
couch 0.46661913 0.39951754 0.37289307 0.43058527 0.4231877
couch 0.4080371 0.46871638 0.3768589 0.49765855 0.4226541
couch 0.360389 0.45022494 0.59459686 0.59212035 0.72302645
banana 0.31851527 0.51944405 0.47624752 0.5301563 0.4875099
couch 0.30476165 0.3292418 0.37614515 0.36185557 0.424649
