microwave 0.9592124 0.5583179 0.3707499 0.6800444 0.607946
toaster 0.7242877 0.6257946 0.69355136 0.66546446 0.904863
fork 0.63801223 0.56664 0.7489884 0.58352363 0.7777954
wine glass 0.6118543 0.43304545 0.2808765 0.4442302 0.2993254
fork 0.6044666 0.54688805 0.75406146 0.5675618 0.78465503
knife 0.5440256 0.52345604 0.3364653 0.5436984 0.35358092
wine glass 0.51529205 0.40806967 0.31225038 0.4183808 0.32920495
wine glass 0.41473052 0.43308932 0.30716175 0.4441815 0.32993484
wine glass 0.41451216 0.40835035 0.34155267 0.41777855 0.3574726
spoon 0.39360783 0.4648857 0.32799754 0.47441566 0.35577825
wine glass 0.3925369 0.40737492 0.2815753 0.41871017 0.30193475
wine glass 0.32429078 0.40839687 0.6268546 0.41878346 0.64111054
spoon 0.30944937 0.40796936 0.6818106 0.41891247 0.7020866
