wine glass 0.81576484 0.6958634 0.8278588 0.7378698 0.8650995
couch 0.7918056 0.44281062 0.57814664 0.5058313 0.69955814
wine glass 0.7685827 0.69281155 0.7632389 0.7330504 0.8079182
wine glass 0.67391783 0.6942441 0.87356806 0.7378556 0.9114834
toaster 0.6180189 0.5661799 0.58977807 0.5852971 0.7587052
spoon 0.6173343 0.7106841 0.9168631 0.72905844 0.9679329
spoon 0.61586684 0.80848616 0.7053351 0.8300379 0.81733364
wine glass 0.610751 0.6987533 0.73564905 0.7397272 0.77229464
wine glass 0.5879953 0.68539494 0.8171805 0.72645384 0.8511355
wine glass 0.5817767 0.69952637 0.67719525 0.7395285 0.7098513
knife 0.57279694 0.48877046 0.08441378 0.52040213 0.1006383
wine glass 0.57220715 0.6934175 0.69855464 0.7349257 0.73066807
spoon 0.5577125 0.80749476 0.8356896 0.828182 0.9447161
wine glass 0.5256888 0.684036 0.8634968 0.7269614 0.89620376
knife 0.51469743 0.49601704 0.09954475 0.52160805 0.119374834
couch 0.51010305 0.49585629 0.21807544 0.5332204 0.34233558
spoon 0.50005335 0.7025273 0.9174954 0.71364415 0.9647565
spoon 0.49373424 0.68285847 0.91017157 0.7057915 0.96484524
wine glass 0.46636987 0.6875138 0.7243719 0.73038375 0.75846934
wine glass 0.45089376 0.68285847 0.91017157 0.7057915 0.96484524
wine glass 0.43572155 0.68953127 0.7256227 0.6992442 0.76000154
spoon 0.39907587 0.8344932 0.8361891 0.85735434 0.9372635
spoon 0.38379827 0.8195125 0.83564204 0.833045 0.94461244
knife 0.3524069 0.48958707 0.069229744 0.52231646 0.09497248
wine glass 0.30695245 0.6849334 0.862839 0.7004161 0.89687854
