cake 0.9633262 0.6140871 0.49424928 0.79801315 0.60190934
cake 0.88893 0.5952357 0.48635754 0.7335642 0.5715714
microwave 0.87354606 0.61852634 0.0 0.99330866 0.36326733
spoon 0.7435661 0.5869462 0.80509555 0.61084527 0.8798342
spoon 0.69609404 0.5856463 0.4294888 0.6122457 0.47189215
cake 0.5199402 0.5878284 0.48646164 0.66017306 0.5718291
cake 0.45801836 0.5904688 0.3293607 0.72954327 0.42229304
spoon 0.44666117 0.58130795 0.93989635 0.609543 0.9685612
spoon 0.38650724 0.5761972 0.9105672 0.6065977 0.94019574
spoon 0.37770352 0.56119865 0.8054724 0.6104659 0.8796495
cake 0.37605125 0.59837997 0.32639796 0.7945524 0.41218394
banana 0.35652298 0.53901994 0.87051743 0.5691695 0.89272374
clock 0.30896834 0.0 0.87017936 0.17603788 0.99976486
