cake 0.83269 0.50825197 0.78175515 0.99580675 1.0
sandwich 0.68295485 0.5552133 0.031347778 0.5745103 0.06097685
sandwich 0.6294351 0.5607169 0.0 0.57827 0.015569072
spoon 0.6147192 0.5242707 0.66973954 0.55118126 0.7576573
sandwich 0.6097385 0.56549317 0.013538181 0.5772801 0.04734172
spoon 0.5393781 0.26487097 0.723202 0.28061518 0.77687955
toaster 0.53078634 0.5471271 0.33765405 0.5668405 0.62645847
spoon 0.5146969 0.57434916 0.0 0.6243888 0.06383913
sandwich 0.51176965 0.54235935 0.0018513718 0.5650344 0.034152232
banana 0.47609267 0.50916 0.67742753 0.52663594 0.7517506
spoon 0.47606635 0.26868773 0.17960337 0.28051853 0.25175923
spoon 0.40551525 0.2668793 0.067520976 0.28060147 0.121718995
banana 0.37158152 0.5122441 0.73453337 0.5284375 0.75416064
