cake 0.9634664 0.7613815 0.5198612 1.0 0.7106253
spoon 0.6571715 0.5067733 0.3749528 0.53019524 0.3850451
chair 0.6551962 0.5658381 0.7633941 0.6850273 0.91307676
chair 0.63405323 0.5693492 0.80351424 0.6914915 0.91191196
wine glass 0.6023467 0.4352711 0.052497253 0.4645518 0.074192286
microwave 0.5943573 0.7639826 0.0 0.98757786 0.07326466
clock 0.58099145 0.59157187 0.10738118 0.6767195 0.13263197
wine glass 0.5658628 0.4322447 0.020167638 0.46300015 0.050714564
cake 0.55739933 0.6627851 0.73972666 0.98388135 0.788725
spoon 0.5439669 0.40756047 0.3756974 0.4307693 0.3879967
spoon 0.54192686 0.5121823 0.3270677 0.53471535 0.34268054
couch 0.53341305 0.48753408 0.09552371 0.678577 0.15806109
wine glass 0.5187274 0.45568442 0.32962042 0.47857928 0.33960414
toaster 0.5054843 0.6215129 0.3157314 0.63675684 0.37554812
tennis racket 0.49804774 0.57659155 0.351705 0.62256974 0.3649577
spoon 0.4929695 0.34716722 0.028201012 0.38069612 0.05886323
cake 0.45004985 0.5938452 0.5932853 0.6316741 0.65433097
wine glass 0.43093336 0.5121823 0.3270677 0.53471535 0.34268054
couch 0.42230326 0.38183874 0.37463817 0.43153763 0.38957128
toaster 0.4220804 0.6457303 0.16525269 0.69370073 0.2991438
wine glass 0.40907383 0.5067733 0.3749528 0.53019524 0.3850451
wine glass 0.40380183 0.45211858 0.3449533 0.47940388 0.35498708
cake 0.4026076 0.6142982 0.6312527 0.64193076 0.68710047
clock 0.3919661 0.5553001 0.9404819 0.5760653 0.951378
wine glass 0.39054912 0.5067372 0.34789988 0.5332503 0.35776505
cake 0.36444572 0.70233464 0.69180167 1.0 0.75789595
cake 0.32870135 0.764335 0.6137945 0.84513533 0.67759436
