couch 0.9493972 0.2953307 0.4931434 0.41310868 0.5642594
couch 0.87505215 0.35689887 0.01253324 0.64139944 0.12338684
couch 0.8743795 0.5090587 0.14865837 0.63348573 0.2751986
couch 0.77367383 0.5082408 0.3476459 0.5643734 0.39955702
microwave 0.75738156 0.7040556 0.63654923 0.99563265 0.9996731
couch 0.7491545 0.4869424 0.5808903 0.56501395 0.6406858
toaster 0.66236085 0.59201765 0.5938755 0.61837816 0.6928642
couch 0.64772934 0.39004987 0.58933216 0.43589324 0.63246995
tennis racket 0.6154673 0.49910966 0.40111446 0.55651844 0.41303045
couch 0.5916225 0.19536914 0.57915646 0.25118515 0.6015585
tennis racket 0.58123106 0.5502671 0.7230954 0.6284842 0.7500963
tennis racket 0.5750873 0.5024564 0.41346636 0.5544853 0.42654482
clock 0.51580507 0.5428289 0.6028618 0.56489366 0.6265237
couch 0.38376996 0.4928502 0.8033986 0.69179064 0.86334074
tennis racket 0.38289186 0.55102146 0.72130007 0.62542534 0.735712
tennis racket 0.33575392 0.52689743 0.40961447 0.5582374 0.42134437
clock 0.3347503 0.5894751 0.18775806 0.63325226 0.23812374
wine glass 0.30685875 0.41665724 0.53150445 0.43443632 0.54290086
