cake 0.9610505 0.72599363 0.46985504 1.0 0.6115507
cake 0.9597936 0.7706701 0.6145261 1.0 0.76280767
cake 0.9419525 0.6446555 0.29239118 0.88369095 0.4082787
cake 0.9293047 0.66327965 0.06402813 0.9355354 0.18972303
cake 0.8606125 0.6115218 0.29176995 0.74297017 0.36073372
couch 0.7889118 0.38391867 0.6310841 0.7003674 0.842312
cake 0.7212906 0.86910284 0.7863052 0.9989268 0.99870086
couch 0.5707504 0.5745469 0.21069106 0.6719758 0.28385484
spoon 0.5481006 0.4380583 0.85370976 0.46274108 0.88381
clock 0.5059358 0.62743044 0.22526598 0.6671821 0.26318493
chair 0.494149 0.59804493 0.06408648 0.78888875 0.22726126
spoon 0.4845261 0.48592487 0.86780304 0.51399183 0.8857704
couch 0.47962213 0.5538474 0.6180076 0.6026659 0.66726166
cake 0.46911618 0.5635192 0.23079905 0.587645 0.2656201
chair 0.4282524 0.6006804 0.06576146 0.7282964 0.21938957
clock 0.39806312 0.6106201 0.61061174 0.70485264 0.68151027
cake 0.36479467 0.5723418 0.3385771 0.6133127 0.35160953
couch 0.33673668 0.6362944 0.67711383 0.69478047 0.76342887
cake 0.33644232 0.62743044 0.22526598 0.6671821 0.26318493
spoon 0.31923568 0.625608 0.6113907 0.7041128 0.6809534
cake 0.3155092 0.6112654 0.31826332 0.672605 0.3632131
