cake 0.9691664 0.75271034 0.3515894 0.9993219 0.4898691
cake 0.9618481 0.75206155 0.12459343 1.0 0.29431534
cake 0.9513727 0.7518263 0.54027814 0.999994 0.6924512
couch 0.924797 0.38581407 0.20626919 0.6242263 0.41465807
clock 0.9003239 0.5378181 0.29353473 0.62061286 0.34163246
microwave 0.83996433 0.37121114 0.06131796 0.6213777 0.18366604
spoon 0.6774465 0.5219779 0.5546362 0.5582955 0.5963314
sink 0.41026983 0.0014957167 0.8799157 0.9936474 1.0
sandwich 0.34378955 0.54764766 0.23286086 0.56775993 0.24546489
sink 0.31104884 0.08007635 0.8804157 0.98564976 1.0
