cake 0.9054068 0.62113583 0.41537642 0.9909322 0.57501346
cake 0.8189266 0.598276 0.33011088 0.89279795 0.43263397
cake 0.8118022 0.57707125 0.26456708 0.82136697 0.34288943
book 0.78242975 0.28056028 0.28168133 0.32636625 0.30935994
cake 0.77159786 0.56172484 0.22047777 0.77868205 0.28158796
sandwich 0.7564418 0.5636852 0.5967763 0.5867733 0.6117813
couch 0.7163116 0.5008683 0.8744974 0.573535 0.94401646
spoon 0.7022156 0.57956344 0.5238253 0.6087271 0.5522063
spoon 0.6966306 0.3447553 0.84016436 0.3723657 0.88347954
spoon 0.68508554 0.5487472 0.34358042 0.5677766 0.3655473
clock 0.63546586 0.5324517 0.45591077 0.57494634 0.49459758
spoon 0.62775385 0.5617566 0.4185997 0.58432513 0.44301417
spoon 0.6242238 0.3552223 0.7759814 0.37732103 0.82382584
sandwich 0.5710855 0.56797093 0.5817051 0.590668 0.59674096
wine glass 0.5509065 0.4152654 0.8193683 0.44773155 0.8333382
spoon 0.5455014 0.5177653 0.3868878 0.52878255 0.4148456
wine glass 0.5430434 0.41802308 0.9129297 0.44384578 0.929514
wine glass 0.5348576 0.43206635 0.7680518 0.44842914 0.78101975
wine glass 0.5276247 0.41907895 0.89799845 0.4439352 0.9132564
couch 0.5253979 0.46609023 0.43029517 0.5692745 0.51769173
wine glass 0.5071312 0.4059424 0.858485 0.44685036 0.87371325
wine glass 0.47935954 0.4197233 0.883104 0.44454157 0.8991453
clock 0.47800335 0.48227376 0.0006931466 0.5220071 0.015962465
wine glass 0.466199 0.42286438 0.8043326 0.447908 0.81873417
wine glass 0.4604404 0.41006407 0.8410847 0.4462699 0.8566538
wine glass 0.46013802 0.5617566 0.4185997 0.58432513 0.44301417
microwave 0.45899087 0.535318 0.2520637 0.56978625 0.33010936
wine glass 0.44627672 0.5487472 0.34358042 0.5677766 0.3655473
sandwich 0.40436748 0.56530476 0.57230645 0.5859828 0.58456486
cake 0.34276256 0.5290986 0.09139317 0.673898 0.16244274
wine glass 0.33844915 0.4271738 0.78331566 0.44792467 0.7962011
toaster 0.31453732 0.565711 0.83212966 0.5880802 0.9369611
spoon 0.31422824 0.44664875 0.42649674 0.45581216 0.44331563
banana 0.3077387 0.5653173 0.5714053 0.58603024 0.58412325
