cake 0.9505996 0.6674212 0.86441547 0.9794063 0.9986158
cake 0.9004457 0.7517205 0.57375896 0.9907081 0.6820916
cake 0.8408235 0.7525121 0.27910832 0.9903828 0.3815761
cake 0.7508876 0.75285167 0.4260475 0.9960311 0.52909684
sink 0.75024784 0.40629128 0.46973628 0.60540605 0.5944306
spoon 0.7466674 0.35991606 0.42274603 0.3708557 0.44285432
cake 0.7229878 0.62210935 0.77032506 0.8960666 0.8820437
microwave 0.6676722 0.5441153 0.29014695 0.60011184 0.3940947
wine glass 0.56105155 0.59585476 0.88572764 0.64800733 0.91363525
cell phone 0.50598454 0.35961768 0.1244393 0.50032246 0.18548676
wine glass 0.41631797 0.6246682 0.9731297 0.6931381 1.0
spoon 0.34397855 0.42019868 0.86531043 0.4417221 0.87969863
spoon 0.32057238 0.40256417 0.24007602 0.4241766 0.26143137
wine glass 0.31280395 0.39853185 0.44295877 0.42502737 0.45339948
spoon 0.31041712 0.45582542 0.2388366 0.47080612 0.27233928
microwave 0.30802113 0.4948557 0.12263213 0.77611554 0.192569
wine glass 0.30776843 0.40768802 0.43571433 0.42541137 0.44579336
toaster 0.30629578 0.59912205 0.43565187 0.6200862 0.56690115
microwave 0.30169895 0.35961768 0.1244393 0.50032246 0.18548676
