microwave 0.8722973 0.6264189 0.65754616 0.7908721 0.7992885
cake 0.8570889 0.92847496 0.22130433 0.99614584 0.3707758
cake 0.83357775 0.8395508 0.1660663 1.0 0.28537518
banana 0.7427035 0.6451613 0.3260487 0.69000757 0.3561047
couch 0.69411933 0.5631512 0.5683529 0.5976499 0.5909634
banana 0.6729085 0.647498 0.3781138 0.6895882 0.40855736
tennis racket 0.5980117 0.59212273 0.92248404 0.6478744 0.94181323
banana 0.5964279 0.6584115 0.35261127 0.690757 0.37931046
toaster 0.5830578 0.61006147 0.3994906 0.6710912 0.5402604
tennis racket 0.48086846 0.58030456 0.9448961 0.6553679 0.9664233
couch 0.4642721 0.52232957 0.5903406 0.5944232 0.6410166
spoon 0.37147596 0.6613117 0.29913968 0.7101305 0.42588806
