cake 0.96574646 0.6747856 0.63516295 0.9542635 0.7757611
cake 0.9471689 0.6652472 0.32295015 0.93891543 0.4557697
cake 0.9426786 0.6821828 0.78470457 0.9578927 0.9537306
cake 0.9273149 0.6733821 0.49449357 0.9533395 0.61060566
couch 0.91391706 0.42392576 0.39785546 0.5979375 0.44308627
cake 0.82034236 0.6154474 0.0 0.8270322 0.10032807
microwave 0.78893733 0.49554104 0.72993755 0.5860589 0.8199693
spoon 0.76615053 0.53394735 0.51130515 0.55568355 0.5384185
spoon 0.72357804 0.57545495 0.3468035 0.60204345 0.4089651
cell phone 0.67997116 0.39020956 0.7269708 0.476323 0.82189035
spoon 0.636026 0.32687274 0.17625704 0.3458424 0.20970154
spoon 0.6066719 0.3250794 0.32262176 0.34611818 0.35339153
spoon 0.5714765 0.32644188 0.2737051 0.3468876 0.3057417
clock 0.5710085 0.6101707 0.07746406 0.64274216 0.09188087
spoon 0.53224516 0.3266738 0.22604378 0.34727564 0.25893587
clock 0.47810465 0.55453897 0.4086005 0.5984518 0.43206668
chair 0.4754266 0.61425006 0.0 0.8168841 0.100250624
toaster 0.39212456 0.58306754 0.621138 0.59963566 0.75748086
microwave 0.37990093 0.38583988 0.72397906 0.5880609 0.82544535
wine glass 0.34435895 0.54104835 0.22510721 0.5529639 0.23391144
tennis racket 0.31407797 0.5048083 0.21245326 0.5523443 0.2457069
cake 0.30410913 0.52096355 0.39621547 0.58133924 0.41098842
