cake 0.9038775 0.69592196 0.48695278 0.987593 0.6408477
cake 0.8757629 0.6995607 0.27403298 0.99141127 0.43157747
clock 0.7666607 0.4857901 0.28923747 0.5739205 0.31458238
spoon 0.71733516 0.54893875 0.31024444 0.58837724 0.40657437
tennis racket 0.70614123 0.4287122 0.3901006 0.49772426 0.4034676
knife 0.69450897 0.43902168 0.44135103 0.46231288 0.4559795
cake 0.6870507 0.69909805 0.052780345 0.9928765 0.23326041
knife 0.6610449 0.43685392 0.42872232 0.46299803 0.44222844
bowl 0.6543267 0.54352045 0.32945102 0.5681756 0.3546006
cake 0.6542952 0.6961168 0.68388 0.98547924 0.85871065
couch 0.64712214 0.3582217 0.2410412 0.57914466 0.38026935
toaster 0.59322405 0.51185656 0.13765657 0.5488053 0.28041753
toaster 0.55531913 0.55789274 0.6203059 0.578422 0.6820971
wine glass 0.53633344 0.24497786 0.7436146 0.26826555 0.75768703
wine glass 0.5343254 0.37929484 0.80755 0.3958699 0.8305654
wine glass 0.52831304 0.36269876 0.7378675 0.395158 0.74949634
wine glass 0.5271454 0.24293819 0.77798903 0.26810467 0.7910683
tennis racket 0.5180098 0.4606408 0.381925 0.49845243 0.39288694
wine glass 0.47649008 0.36359394 0.7023578 0.39406428 0.71592396
wine glass 0.4667652 0.36186168 0.71417916 0.395573 0.7277632
tennis racket 0.4382671 0.45664862 0.40773523 0.4986453 0.4185031
wine glass 0.4355781 0.24406415 0.76203215 0.2679436 0.7713388
wine glass 0.43539232 0.4798872 0.7900361 0.49747694 0.80707717
wine glass 0.4048946 0.37790242 0.7790334 0.3952667 0.80523884
wine glass 0.38148895 0.36290574 0.7283925 0.39540204 0.7367692
bowl 0.3698184 0.54691494 0.36938396 0.568366 0.39400277
bowl 0.36709166 0.5433086 0.33119515 0.5683761 0.3918781
sandwich 0.35358918 0.5544244 0.33926162 0.569464 0.35821524
wine glass 0.3535565 0.3779695 0.7767794 0.39457455 0.7880027
knife 0.34302354 0.42599264 0.43846914 0.44235122 0.44499025
wine glass 0.31613427 0.24494421 0.77164733 0.26835564 0.777987
