microwave 0.9506558 0.5141974 0.08810543 0.7162435 0.25893036
cake 0.8327777 0.65761024 0.4417633 0.99969757 0.58594394
cake 0.76301885 0.71849895 0.554505 0.98498386 0.68372
spoon 0.7137304 0.63965875 0.4598692 0.66778946 0.4992512
toaster 0.70061016 0.6321734 0.33654046 0.6628862 0.43308586
clock 0.68156624 0.5126168 0.70153606 0.5569139 0.71754694
wine glass 0.6753768 0.49769986 0.92170185 0.5149359 0.9334081
spoon 0.66285235 0.5702875 0.24045809 0.6002235 0.2813841
spoon 0.6162135 0.53658336 0.2821688 0.5996082 0.34139204
clock 0.5634357 0.60083574 0.49658465 0.63174933 0.5133462
wine glass 0.55358297 0.42669198 0.91857 0.45761532 0.93138605
spoon 0.5480646 0.5460918 0.2395083 0.60063136 0.2825664
wine glass 0.5454322 0.42909026 0.9008595 0.4570546 0.91505814
spoon 0.535623 0.60973185 0.5764922 0.6342798 0.6091596
wine glass 0.52090025 0.593051 0.5785477 0.6124242 0.60301685
wine glass 0.51955116 0.49555922 0.904966 0.51464605 0.91722417
bowl 0.5005533 0.53280634 0.28572884 0.5662343 0.30582735
spoon 0.4907282 0.5578582 0.28513047 0.602055 0.34081623
wine glass 0.48442256 0.49793163 0.93513757 0.5163999 0.94517833
banana 0.47065789 0.5419253 0.29888642 0.5634372 0.32326537
wine glass 0.4654237 0.42749718 0.93389857 0.45772183 0.9454452
wine glass 0.46348768 0.24672781 0.9131733 0.2976599 0.9362372
wine glass 0.44273397 0.6183764 0.46687505 0.64168096 0.494746
spoon 0.3851926 0.5032589 0.3276168 0.518469 0.35065788
wine glass 0.35422692 0.60973185 0.5764922 0.6342798 0.6091596
couch 0.34089157 0.44440004 0.6760757 0.55616486 0.7337645
banana 0.31938288 0.55949634 0.31277886 0.5669491 0.32322302
