sink 0.9493814 0.32255474 0.10026561 0.9485651 0.2946247
cake 0.93479604 0.79674304 0.60287446 1.0 0.72957844
spoon 0.85012954 0.6628263 0.6021404 0.69649047 0.6381675
couch 0.8402957 0.55740815 0.300761 0.6281395 0.34932688
cake 0.81927145 0.7527298 0.6992605 0.9853026 0.79617786
spoon 0.66471493 0.6413044 0.68442786 0.66805637 0.7152655
microwave 0.64806694 0.5875316 0.61899346 0.63027793 0.74445194
toaster 0.59187335 0.60142154 0.3899735 0.6237285 0.48128417
wine glass 0.5769251 0.64316446 0.61023706 0.6645764 0.63071567
microwave 0.5756957 0.49667072 0.749763 0.60958105 0.8556776
clock 0.46777338 0.6045258 0.57518053 0.6708582 0.60030746
clock 0.46323675 0.598078 0.30873877 0.62735504 0.33812392
microwave 0.39902583 0.6185729 0.757329 0.7407275 0.85420036
clock 0.38279584 0.5792777 0.522404 0.5937496 0.527536
couch 0.37306795 0.52963406 0.54472053 0.6666516 0.63217115
