cake 0.8938877 0.6782737 0.3129112 0.865492 0.45935607
cake 0.88632995 0.6025111 0.06600916 0.7311894 0.20717572
cake 0.87099475 0.5998957 0.20246904 0.73236215 0.33874136
cake 0.85754734 0.6955919 0.42462987 0.9430268 0.603719
spoon 0.7772718 0.6021609 0.46406862 0.63353914 0.5917888
couch 0.61974066 0.57422996 0.20251015 0.62331736 0.24044809
wine glass 0.5499155 0.5660473 0.5231806 0.58755136 0.5578624
toaster 0.5262278 0.6302687 0.6412693 0.65267634 0.76441765
spoon 0.52447045 0.51133835 0.55504084 0.5247127 0.57993114
couch 0.48066318 0.47136742 0.62988126 0.579523 0.67794424
cake 0.48006138 0.58722365 0.31897026 0.6298437 0.36448336
spoon 0.44934636 0.5660473 0.5231806 0.58755136 0.5578624
couch 0.41843826 0.48014608 0.26914597 0.5723138 0.33409575
couch 0.34767503 0.5742223 0.2702139 0.6028091 0.33090097
toaster 0.3252461 0.6084825 0.632045 0.66123617 0.8332531
cake 0.31376114 0.6307019 0.00035977215 0.66937387 0.022450754
couch 0.3104516 0.57499564 0.06735809 0.6069013 0.12660071
clock 0.3035199 0.5099305 0.532775 0.5252757 0.5515897
