cake 0.9013547 0.45858866 0.66831714 0.8974259 0.7967883
couch 0.87536556 0.28415644 0.3477064 0.4497212 0.44588152
cake 0.8311725 0.47078687 0.53599006 1.0 0.7038682
cake 0.7170905 0.5967415 0.2797169 0.99336874 0.45060802
microwave 0.65260637 0.3953564 0.5522939 0.45649487 0.71584475
banana 0.60900205 0.40062118 0.2788571 0.42529768 0.29509866
cake 0.6028956 0.44179577 0.19993201 0.8810028 0.32716718
clock 0.56632173 0.39519066 0.36216533 0.44790012 0.4051392
banana 0.4324204 0.38650414 0.30131403 0.40415117 0.3142847
banana 0.43117607 0.384866 0.2817841 0.4037547 0.29500327
banana 0.43053502 0.40270498 0.2943038 0.42531255 0.30865607
banana 0.41986445 0.400759 0.31091177 0.4254777 0.32541496
sandwich 0.39308947 0.37182358 0.32246637 0.42787686 0.34497118
sandwich 0.3341484 0.40270498 0.2943038 0.42531255 0.30865607
sandwich 0.32451078 0.40070906 0.30749044 0.4244442 0.32145736
banana 0.32178903 0.39769527 0.29537594 0.40690878 0.30310106
sandwich 0.30846578 0.40051064 0.320204 0.4250152 0.33301416
