cake 0.87223583 0.8452524 0.37392366 1.0 0.48008722
sink 0.84625894 0.29954705 0.11116782 0.96285117 0.20642933
wine glass 0.74831367 0.24330176 0.7090927 0.26784834 0.7221101
wine glass 0.7301562 0.24389997 0.69434375 0.26783633 0.7074066
cake 0.71236414 0.8461936 0.54650885 1.0 0.6542646
tennis racket 0.6804996 0.56266797 0.36090663 0.6158922 0.37108204
spoon 0.6633981 0.2972544 0.6873659 0.3117888 0.7137865
wine glass 0.6544713 0.2909502 0.63255006 0.31215087 0.6444585
clock 0.63981134 0.5822322 0.627071 0.6346969 0.6590284
tennis racket 0.61365044 0.56136674 0.34957248 0.6175301 0.3606915
spoon 0.5979324 0.2899712 0.75466657 0.3120675 0.79626226
wine glass 0.5857522 0.24345848 0.68163806 0.26817337 0.69157237
wine glass 0.5819522 0.29148898 0.6170905 0.31180227 0.6301003
spoon 0.56008774 0.58840436 0.70692295 0.6176764 0.7335734
spoon 0.5508837 0.2500451 0.61592394 0.26859456 0.65222055
wine glass 0.5409014 0.29125845 0.6464589 0.31121078 0.65942544
wine glass 0.5261074 0.28460932 0.21600556 0.3127996 0.24235946
sandwich 0.5149922 0.60402167 0.5920116 0.6338853 0.60826623
tennis racket 0.5135558 0.56516016 0.3693977 0.6141425 0.38333243
spoon 0.48333314 0.6064476 0.7546606 0.62130576 0.7701709
sandwich 0.4804712 0.63017327 0.59733397 0.6481758 0.60770446
microwave 0.46597764 0.5962735 0.42423254 0.666484 0.57706255
clock 0.46284094 0.6745863 0.63083667 0.7064513 0.64866143
spoon 0.42806512 0.24685869 0.819728 0.26895726 0.86096513
toaster 0.38229182 0.6470608 0.9517849 0.69794005 0.99847716
sandwich 0.37533608 0.60469323 0.5774575 0.63149095 0.5928064
sandwich 0.36368403 0.66300476 0.5819348 0.6927758 0.604432
tennis racket 0.3428544 0.5677214 0.73737603 0.6089728 0.7588602
clock 0.32559425 0.28087184 0.82021683 0.31274375 0.8326588
fork 0.32439426 0.5567935 0.39659753 0.5845222 0.41025534
clock 0.31661057 0.2277615 0.22095212 0.2670203 0.24181995
clock 0.30878097 0.5557584 0.7922135 0.61568 0.81990904
spoon 0.30733907 0.6054407 0.73628265 0.6231709 0.7536163
wine glass 0.30287692 0.5557584 0.7922135 0.61568 0.81990904
microwave 0.3014594 0.6355611 0.42298394 0.6748076 0.57535404
