cake 0.9563655 0.7020766 0.48391116 1.0 0.6603075
microwave 0.92114806 0.4603896 0.16849527 0.7753237 0.35055777
cake 0.8703481 0.65820426 0.6191182 0.9993941 0.75823796
cake 0.86419094 0.59105223 0.8446227 0.85502964 0.9623968
cake 0.8483447 0.6267953 0.7140255 0.92696726 0.8454428
couch 0.6727518 0.16039774 0.3470616 0.24294136 0.37735024
spoon 0.633811 0.5055288 0.029504195 0.54161805 0.104460075
fork 0.6005811 0.44344053 0.38069424 0.462626 0.38704488
spoon 0.5882223 0.28833485 0.445974 0.30374664 0.47321808
wine glass 0.58761203 0.32836497 0.51802623 0.3600938 0.5320616
spoon 0.4915315 0.28387198 0.5591104 0.31603104 0.5877576
fork 0.4849319 0.45509475 0.3768836 0.4762398 0.38488778
spoon 0.45378765 0.29386526 0.51222134 0.31244633 0.54357636
wine glass 0.43172008 0.33217967 0.5006467 0.35740614 0.51879644
toaster 0.4102784 0.48692873 0.484565 0.49995622 0.54313517
cake 0.40624413 0.50960654 0.827986 0.61077875 0.92498887
wine glass 0.38410488 0.3404736 0.5512549 0.3613375 0.5599162
clock 0.3748705 0.27208102 0.480284 0.30975214 0.49839887
toaster 0.3671525 0.48547935 0.47876605 0.5024438 0.5801694
spoon 0.3606072 0.33070365 0.48103788 0.35806817 0.500985
wine glass 0.36044595 0.3430426 0.53309673 0.36156306 0.5419989
spoon 0.34003007 0.3377649 0.45328328 0.35511175 0.47806433
wine glass 0.33360288 0.33070365 0.48103788 0.35806817 0.500985
wine glass 0.32897553 0.3406975 0.5432852 0.3608024 0.5515395
spoon 0.3288489 0.33345467 0.50113696 0.3586617 0.5185445
clock 0.32146746 0.33070365 0.48103788 0.35806817 0.500985
