book 0.94698596 0.23722208 0.09542561 0.3404821 0.16539633
microwave 0.7701513 0.5220941 0.726923 0.8306171 0.8946812
couch 0.7243436 0.3913022 0.42580634 0.5282949 0.54736674
banana 0.6982344 0.5150411 0.43706664 0.53541005 0.4562063
tennis racket 0.68818015 0.48455587 0.69374627 0.53725934 0.7025849
sink 0.65525085 0.0010829049 0.89213187 0.9992073 0.9939957
couch 0.5893113 0.3106148 0.6198045 0.34990937 0.6484406
tennis racket 0.5877371 0.48519138 0.6730346 0.5364875 0.68356735
banana 0.58772624 0.513783 0.42112324 0.5341725 0.43683353
cake 0.5749191 0.5205727 0.34062326 0.5723085 0.361035
spoon 0.55696183 0.49726942 0.78389883 0.55051297 0.8369671
tennis racket 0.5508455 0.48649386 0.6845992 0.5364712 0.69362944
spoon 0.54994977 0.32641456 0.7089119 0.34754974 0.7377397
spoon 0.5357814 0.40260965 0.75661606 0.43056715 0.7853721
couch 0.5334316 0.43729362 0.29313657 0.5288997 0.36019912
wine glass 0.4925284 0.40696344 0.7447528 0.4327822 0.7593376
spoon 0.47534224 0.4156071 0.66714203 0.4336793 0.6985935
cake 0.44754118 0.5267443 0.30380154 0.8942848 0.34157622
spoon 0.4318987 0.52202004 0.41475075 0.5518386 0.46957445
cake 0.38803306 0.53610927 0.28976125 0.7218314 0.32377088
spoon 0.3827714 0.53517 0.46795395 0.5631495 0.51875377
wine glass 0.38063443 0.41245794 0.6988007 0.43540046 0.7104907
wine glass 0.37953496 0.4052185 0.7071941 0.4358535 0.72092986
banana 0.32467693 0.5457226 0.41195947 0.5595607 0.42990774
banana 0.30250224 0.5448808 0.42946836 0.55957097 0.45184085
wine glass 0.30224887 0.40416327 0.72224534 0.43599692 0.7372335
