cake 0.8802224 0.6051194 0.42775476 0.9692737 0.5455013
cake 0.87371975 0.57932526 0.26973397 0.86847943 0.35080987
cake 0.83796316 0.5688279 0.21033898 0.8293285 0.27766064
cake 0.78148687 0.5903731 0.3412474 0.9029056 0.45109406
couch 0.71138346 0.4468575 0.29036903 0.56846136 0.32847017
cake 0.71109486 0.58965886 0.6270683 0.99822694 0.72747755
wine glass 0.67192805 0.5427461 0.18756391 0.5542704 0.19858126
sandwich 0.53979886 0.539924 0.8115199 0.5525828 0.8260974
clock 0.5380695 0.53776586 0.29270634 0.5672126 0.3151295
spoon 0.5335599 0.5302531 0.80367357 0.5775337 0.85616785
toaster 0.5272161 0.5796909 0.4947713 0.59627056 0.60322124
cake 0.52563506 0.5620636 0.16754828 0.7884509 0.2189001
couch 0.5006336 0.51766926 0.40480572 0.585301 0.43630707
banana 0.49864507 0.539924 0.8115199 0.5525828 0.8260974
couch 0.48252463 0.44832066 0.37444204 0.5876603 0.45743054
clock 0.469982 0.55188334 0.41069043 0.5870123 0.43574375
wine glass 0.42412066 0.5198923 0.20451082 0.56020504 0.22095732
banana 0.3896793 0.52547437 0.80791867 0.5576113 0.85997975
toaster 0.36980972 0.5527087 0.63487196 0.56795365 0.7065941
microwave 0.36160043 0.52441305 0.93548506 0.76980615 0.99972826
