couch 0.9683345 0.33763447 0.38724628 0.5635466 0.54484785
spoon 0.78843457 0.5259832 0.24419262 0.5619736 0.32756978
knife 0.71297306 0.5457722 0.08488387 0.5829133 0.10528454
spoon 0.62580884 0.5447408 0.32049623 0.55909705 0.3442147
couch 0.53355664 0.42842752 0.7124303 0.49525326 0.74448115
couch 0.519226 0.4540192 0.6655618 0.49332803 0.70550025
toaster 0.49967548 0.55543023 0.58038455 0.5741175 0.75051373
knife 0.47393823 0.53545666 0.06779141 0.58371663 0.08637064
banana 0.43896532 0.50296104 0.25341988 0.5264709 0.31543595
knife 0.43374163 0.50659746 0.05561219 0.58336693 0.07468468
wine glass 0.3521925 0.5779308 0.050742414 0.6530336 0.11188668
couch 0.3211767 0.4567971 0.6987688 0.49277255 0.7187119
sandwich 0.30166423 0.50296104 0.25341988 0.5264709 0.31543595
