microwave 0.88859963 0.53882986 0.6342702 0.8268148 0.7899213
cake 0.64131 0.6988078 0.14513648 0.9728964 0.26682162
wine glass 0.6165452 0.38000283 0.8862965 0.42346352 0.93165743
wine glass 0.43086532 0.39131838 0.8311703 0.42803928 0.85551953
tennis racket 0.42894104 0.5220113 0.865755 0.5971493 0.8824809
wine glass 0.42309737 0.20946437 0.8264008 0.25306746 0.84295934
tennis racket 0.3671166 0.54203236 0.8546869 0.6020612 0.8664233
tennis racket 0.3619801 0.52595603 0.87802696 0.6374202 0.8992909
spoon 0.34986353 0.52436686 0.6540573 0.54809207 0.6916688
tennis racket 0.34442514 0.526429 0.8801872 0.6020319 0.8971624
banana 0.3079776 0.5160386 0.6733646 0.532263 0.68669075
tennis racket 0.30139828 0.52497345 0.86270577 0.63776463 0.8837777
