cake 0.914513 0.53235185 0.569598 0.7585409 0.63863176
cake 0.8847135 0.5110503 0.45905268 0.62134284 0.52283126
couch 0.78117067 0.45263672 0.10533444 0.5170127 0.1626547
spoon 0.6516899 0.52321255 0.24524914 0.5592266 0.28896004
spoon 0.6218437 0.52289987 0.28664625 0.5480953 0.31817698
couch 0.6099199 0.48143128 0.04953046 0.5332758 0.10887842
wine glass 0.5505012 0.403678 0.8395053 0.434528 0.85199153
wine glass 0.48782164 0.39471546 0.850286 0.43472308 0.8632728
couch 0.48116747 0.4748283 0.0 0.54911107 0.051969327
spoon 0.4581254 0.55314463 0.23761098 0.57632136 0.25591737
toaster 0.44855234 0.5386688 0.24073678 0.5994657 0.38650447
clock 0.43172774 0.48712787 0.11983364 0.51665825 0.14393826
toaster 0.41405094 0.5585787 0.73990035 0.85370463 0.9188645
wine glass 0.4069119 0.39317083 0.8864749 0.43327057 0.89915055
clock 0.36758238 0.51327187 0.0016047703 0.54687595 0.03138643
wine glass 0.3567684 0.3947346 0.8635012 0.43431783 0.87540746
tennis racket 0.35668984 0.46937475 0.97198045 0.55195165 0.99336004
spoon 0.3120288 0.62723875 0.0906975 0.6757522 0.14005692
couch 0.31113827 0.49746946 0.5790744 0.53413284 0.62258255
toaster 0.30023217 0.5732018 0.79336715 0.7328072 0.9996667
