couch 0.9143154 0.3821882 0.43529135 0.50366676 0.6324417
clock 0.74688077 0.42728898 0.0 0.5459063 0.08942676
tennis racket 0.71100444 0.46806183 0.35458386 0.510555 0.37806424
clock 0.656639 0.42732745 0.4012907 0.50487596 0.45436126
spoon 0.65138173 0.496941 0.91321796 0.52958906 1.0
cell phone 0.52644885 0.52863795 0.52278876 0.615768 0.6174463
clock 0.52405185 0.47154528 0.48083234 0.5015978 0.55480236
microwave 0.46309304 0.5289614 0.5255907 0.61525977 0.6204472
banana 0.31793776 0.46047658 0.9710364 0.48565632 1.0
banana 0.30122337 0.47915402 0.9940412 0.5025445 1.0
