cake 0.9658216 0.69375926 0.37682682 0.9990287 0.6207575
cake 0.9383132 0.65993434 0.59562606 0.9978525 0.7448314
clock 0.9119549 0.50800437 0.72158664 0.62315714 0.77498525
clock 0.9001479 0.5265982 0.3701853 0.6728238 0.42382494
cake 0.88152426 0.6257421 0.8196886 0.99719024 0.91738695
cake 0.8600377 0.638127 0.72152764 0.99729276 0.8380526
couch 0.7239571 0.39247808 0.7145774 0.6322626 0.79845554
tennis racket 0.68389636 0.5265982 0.3701853 0.6728238 0.42382494
couch 0.48828828 0.39545536 0.4541901 0.665552 0.67426175
cell phone 0.44615537 0.26584196 0.0 0.38517615 0.13710064
tennis racket 0.4049883 0.50800437 0.72158664 0.62315714 0.77498525
microwave 0.39966056 0.60329705 0.0 0.92566955 0.18493067
clock 0.34523407 0.5255646 0.92533714 0.5670724 0.94591445
cake 0.32968256 0.6832674 0.9729943 0.82215524 1.0
cell phone 0.31590158 0.3862046 0.9792093 0.47727057 1.0
