sink 0.94531816 0.20512755 0.7319387 0.8453939 0.9609777
cake 0.8929323 0.6609294 0.39045742 0.9304461 0.51069283
cake 0.8532166 0.62364787 0.22381355 0.82738936 0.31162483
cake 0.678025 0.60158825 0.18684039 0.7438855 0.27106214
clock 0.66544694 0.22449331 0.04657314 0.26382038 0.07298687
fork 0.6480731 0.50107104 0.7176388 0.51807004 0.73045856
fork 0.6373432 0.4887085 0.7236608 0.5012328 0.7311853
cake 0.6337052 0.64771116 0.26181543 0.89661163 0.35686833
couch 0.602031 0.4457604 0.1610277 0.49008697 0.1798091
spoon 0.59804124 0.5133792 0.59930724 0.53506565 0.62320894
fork 0.5611658 0.51824725 0.71669394 0.5360902 0.7307332
spoon 0.5418629 0.25559413 0.10383363 0.2760177 0.13211046
microwave 0.44477305 0.5190793 0.4695643 0.54300165 0.58348393
sandwich 0.43855596 0.523982 0.3683898 0.54093796 0.39964288
fork 0.43495846 0.4735875 0.7250064 0.48738968 0.7315238
wine glass 0.4020505 0.4392525 0.3888504 0.46068174 0.40241623
clock 0.3331343 0.46303466 0.25952533 0.51989645 0.26873955
clock 0.33072785 0.30789918 0.4779696 0.35536277 0.49196208
spoon 0.30820122 0.5284693 0.31694585 0.5568108 0.41411126
banana 0.30691242 0.523982 0.3683898 0.54093796 0.39964288
