toaster 0.7790247 0.56148964 0.6881186 0.63044506 0.96269065
microwave 0.6509234 0.5158007 0.0 0.5816957 0.2672258
spoon 0.60956675 0.51245904 0.26538163 0.53286505 0.3359221
spoon 0.5659867 0.5703339 0.9256423 0.64477175 1.0
fork 0.538445 0.48591164 0.690586 0.5021744 0.70575166
fork 0.49315017 0.48664543 0.6812262 0.50119627 0.69484764
spoon 0.4851598 0.5006759 0.39574963 0.5105431 0.43924946
fork 0.47309893 0.51060796 0.6928145 0.5225315 0.7046735
fork 0.46342346 0.49940798 0.6807835 0.5118778 0.6976371
tennis racket 0.45103696 0.4902743 0.4528943 0.53019726 0.46434417
tennis racket 0.41092724 0.49587816 0.4631933 0.5302046 0.4735701
fork 0.3979997 0.5097051 0.67811024 0.5231808 0.6914709
spoon 0.37329835 0.51745343 0.3900561 0.5252669 0.44404462
spoon 0.31231663 0.5034586 0.3390206 0.52270496 0.37673834
