cake 0.9389428 0.6337645 0.2539263 0.8007029 0.4179994
cake 0.9299136 0.64853406 0.0689456 0.83887374 0.2592915
spoon 0.8958876 0.63039047 0.47950125 0.6843986 0.6526883
wine glass 0.721156 0.614171 0.012702545 0.6404338 0.034416616
toaster 0.5219439 0.608079 0.8386514 0.6319372 1.0
wine glass 0.5152414 0.6149664 0.12764762 0.6382191 0.15024711
couch 0.5095883 0.4568293 0.7074585 0.585932 0.7999176
wine glass 0.48906088 0.627182 0.040363047 0.64106965 0.0715261
wine glass 0.48184216 0.61592966 0.08417001 0.6275241 0.11097426
wine glass 0.47314435 0.6068167 0.22514592 0.6163594 0.24789937
couch 0.46797526 0.52741647 0.7349927 0.58671725 0.792053
wine glass 0.4633734 0.6158833 0.21278657 0.62807745 0.23864491
spoon 0.44026598 0.627182 0.040363047 0.64106965 0.0715261
wine glass 0.428164 0.60341865 0.2772448 0.62198454 0.297498
couch 0.4160019 0.5104813 0.83556706 0.55702657 0.921216
couch 0.38190565 0.4730642 0.91218525 0.5851166 1.0
clock 0.34677392 0.5733717 0.98608387 0.5880111 1.0
spoon 0.32741085 0.6068167 0.22514592 0.6163594 0.24789937
wine glass 0.32518733 0.61838967 0.23319104 0.63648504 0.2507894
clock 0.3074669 0.600443 0.14395992 0.6396009 0.1845544
