cake 0.94730306 0.71763295 0.6222057 1.0 0.7400424
cake 0.9449758 0.68286425 0.5319037 0.98836774 0.6365387
couch 0.8585934 0.4235149 0.28796494 0.51061416 0.3407045
cake 0.8385368 0.6966886 0.80371815 0.9964447 0.9250713
cake 0.81490314 0.6812169 0.862603 0.94095176 0.96852964
couch 0.76026213 0.49468127 0.6769562 0.5996699 0.7466785
toaster 0.6121421 0.5854204 0.48529375 0.61226285 0.5947372
clock 0.6088087 0.5544033 0.69302887 0.5993856 0.7179795
cake 0.4547386 0.48757887 0.5915844 0.55672777 0.6159107
clock 0.3061402 0.46954218 0.29859754 0.51174206 0.32788274
