cake 0.9696297 0.59158367 0.55776316 0.9947946 0.7111059
sink 0.9522425 0.36778146 0.48544273 0.55487674 0.57235485
cake 0.9317852 0.53749615 0.15916625 0.84868705 0.26741844
cake 0.9278159 0.55282336 0.3192167 0.9868972 0.48959604
microwave 0.8902659 0.39015543 0.57358366 0.55478823 0.66612476
wine glass 0.72321796 0.30312756 0.0756015 0.32391024 0.091924906
wine glass 0.5699932 0.34847382 0.07124138 0.3915373 0.11106029
wine glass 0.56732494 0.39162615 0.72355527 0.43309116 0.7432787
wine glass 0.5287269 0.40295723 0.80354756 0.42381015 0.8229433
wine glass 0.52076536 0.3028174 0.09324255 0.3281509 0.10851651
toaster 0.5184557 0.52548546 0.3959343 0.55434656 0.4906014
wine glass 0.51695055 0.40333992 0.078402676 0.43037143 0.1030594
spoon 0.50453705 0.39587706 0.82369787 0.42288837 0.8516957
wine glass 0.49688473 0.29816428 0.064851634 0.32388988 0.07683546
wine glass 0.48708478 0.40175954 0.78902984 0.4259621 0.80314076
couch 0.46320638 0.19335128 0.7727505 0.25781333 0.8347318
couch 0.45537817 0.5087383 0.7979622 0.54361534 0.8209096
couch 0.42888132 0.21119434 0.724544 0.2728652 0.77959806
cake 0.4225936 0.64458257 0.23322538 0.9291486 0.34999034
wine glass 0.37015715 0.30560094 0.106501766 0.33263668 0.122328185
