toaster 0.8970695 0.6679376 0.13659604 0.7871083 0.383169
tennis racket 0.80532306 0.5768916 0.58220845 0.66790897 0.6031136
tennis racket 0.7774156 0.57835245 0.6088394 0.6681824 0.62848973
spoon 0.72401345 0.640562 0.7594024 0.6826593 0.83797944
couch 0.6715042 0.5321666 0.36545348 0.66284126 0.44211775
spoon 0.5896581 0.74935627 0.7816365 0.88815963 0.96384037
couch 0.5605274 0.63271964 0.4415472 0.67907107 0.49920008
couch 0.55555177 0.5498782 0.12503472 0.6621687 0.2149092
couch 0.5370778 0.59388965 0.21100079 0.6617457 0.2517115
wine glass 0.5146873 0.19813733 0.06193012 0.2332749 0.08969462
microwave 0.4948274 0.79499257 0.5014308 0.90554553 0.68175143
clock 0.4273143 0.19524588 0.4304731 0.23936109 0.46243274
clock 0.41788548 0.18247321 0.20527785 0.23981155 0.23411386
clock 0.41755512 0.1862709 0.17757085 0.24086219 0.20412254
spoon 0.37050408 0.18626477 0.060703486 0.20182878 0.090669125
tennis racket 0.30915403 0.1862709 0.17757085 0.24086219 0.20412254
