microwave 0.90011364 0.39616656 0.41980535 0.63871765 0.7820216
knife 0.8269932 0.35188878 0.7419988 0.37820238 0.77481496
spoon 0.805369 0.63658786 0.682256 0.7435837 0.96146905
spoon 0.71701396 0.38203067 0.00011512231 0.41259217 0.10261242
knife 0.6742301 0.33665618 0.7634801 0.3780693 0.7883324
tennis racket 0.6501243 0.3629392 0.3915101 0.4067419 0.41019633
clock 0.6407793 0.3814511 0.92980725 0.46617767 0.99975944
tennis racket 0.6322609 0.36313686 0.37339038 0.4064394 0.392361
clock 0.6188538 0.23772717 0.020303994 0.2747898 0.06911388
knife 0.61059034 0.33846322 0.80538756 0.3778843 0.83662075
wine glass 0.5999477 0.2544452 0.098502256 0.27420884 0.126268
spoon 0.5510713 0.1629427 0.0 0.17822547 0.067641646
knife 0.51825154 0.3506384 0.7861777 0.37808645 0.81024766
sandwich 0.5110284 0.3710249 0.028272321 0.38193125 0.05816514
sandwich 0.48560944 0.36911124 0.07594477 0.37942773 0.0943534
bowl 0.46264592 0.37269738 0.08119969 0.3900359 0.10101822
wine glass 0.4535525 0.25442576 0.13021354 0.2747646 0.15891697
wine glass 0.44332626 0.37748805 0.7617811 0.41447732 0.81566685
tennis racket 0.4362344 0.23772717 0.020303994 0.2747898 0.06911388
couch 0.4062389 0.28228325 0.806535 0.47121066 1.0
hot dog 0.33984 0.86944366 0.778624 0.8928572 0.9113098
knife 0.3270947 0.3372939 0.8118271 0.35888854 0.83552355
banana 0.3222082 0.372906 0.056068834 0.38190535 0.077173315
clock 0.31648767 0.46097964 0.93585056 0.505879 1.0
bowl 0.30280253 0.372906 0.056068834 0.38190535 0.077173315
