cake 0.94952285 0.7344062 0.00047387183 0.9909013 0.3486467
spoon 0.73137444 0.8663048 0.54176027 0.9082036 0.5930467
chair 0.7088958 0.73234516 0.65241957 0.99445564 0.99911857
tennis racket 0.6425162 0.47082284 0.62746114 0.5203104 0.640868
tennis racket 0.61906767 0.4717377 0.6071818 0.5205355 0.61562896
spoon 0.56554013 0.29323518 0.27031213 0.30899626 0.30448043
tennis racket 0.53136575 0.46206257 0.614931 0.5197929 0.62613714
tennis racket 0.5234528 0.46626812 0.39758655 0.52481186 0.4122136
wine glass 0.5102368 0.6135203 0.3101435 0.6682585 0.34401038
wine glass 0.51007026 0.621908 0.3422714 0.6705205 0.3666219
spoon 0.505554 0.29253936 0.7064342 0.31019098 0.73713166
wine glass 0.45141006 0.33823392 0.16776049 0.3620311 0.1797809
wine glass 0.42645612 0.33901152 0.2165789 0.3611823 0.23019606
spoon 0.38699716 0.34048855 0.23436292 0.3623965 0.24838214
wine glass 0.3757908 0.5498677 0.66896313 0.5679555 0.6837304
chair 0.37530786 0.7344062 0.00047387183 0.9909013 0.3486467
cake 0.36125267 0.73234516 0.65241957 0.99445564 0.99911857
spoon 0.35996324 0.2880054 0.21969843 0.30716106 0.24753994
spoon 0.34841564 0.28430185 0.16988343 0.30930948 0.19124278
spoon 0.34566313 0.33901152 0.2165789 0.3611823 0.23019606
wine glass 0.3294175 0.3440628 0.8336868 0.3623146 0.84313524
