sink 0.930499 0.3407736 0.12170835 0.87314 0.21699141
cake 0.8787645 0.72057045 0.8403676 0.99791133 0.99175614
banana 0.81007415 0.59011036 0.50265926 0.6233193 0.5244071
spoon 0.71675324 0.4214532 0.6352423 0.44782978 0.6722924
cake 0.66062665 0.7220634 0.67736876 0.99627554 0.80284214
banana 0.64991295 0.5752645 0.48211017 0.6033933 0.50417435
couch 0.6098022 0.33448815 0.6689416 0.37752518 0.6945032
banana 0.57789224 0.5743082 0.4500207 0.6038206 0.4939176
cake 0.5572331 0.7185473 0.49308175 0.9989991 0.6133999
toaster 0.5149535 0.5962145 0.79140705 0.60652 0.85346836
wine glass 0.34918547 0.4006688 0.7974419 0.42118448 0.8089183
banana 0.34800714 0.57477933 0.445629 0.6035727 0.48201245
