spoon 0.63482416 0.46174958 0.7209773 0.4643925 0.76309234
tennis racket 0.6252663 0.34053665 0.3294355 0.37938648 0.36117262
spoon 0.57840294 0.46717033 0.72072726 0.47667518 0.7628034
spoon 0.5579546 0.4447226 0.72175366 0.45166647 0.7622366
tennis racket 0.52699596 0.34349227 0.29756624 0.37959313 0.32655644
spoon 0.5084808 0.66628075 0.26778722 0.6959479 0.29753235
wine glass 0.49540538 0.35362273 0.67781866 0.37896854 0.69392574
oven 0.48394123 0.53410393 0.64873606 0.5740978 0.7302806
wine glass 0.45003483 0.4560708 0.26908353 0.4765112 0.28410786
wine glass 0.4499341 0.35409966 0.6526779 0.37878677 0.6668709
wine glass 0.4320771 0.45652956 0.32357496 0.47706765 0.3342885
wine glass 0.42918906 0.35419795 0.6633479 0.37872037 0.6773243
cell phone 0.39104554 0.52989984 0.1842727 0.608137 0.22882077
wine glass 0.39051765 0.45624173 0.28950062 0.47732216 0.29906213
wine glass 0.38986775 0.34105825 0.36348334 0.3793683 0.39862728
wine glass 0.38714296 0.45610496 0.34396446 0.477518 0.35443613
wine glass 0.37645382 0.45630845 0.30429506 0.47723868 0.31286526
wine glass 0.36559242 0.34057215 0.2662813 0.37935695 0.2967885
spoon 0.3586521 0.45638612 0.65225494 0.4611099 0.7133169
wine glass 0.34973404 0.45632675 0.33489332 0.47732475 0.34328526
wine glass 0.34197485 0.45655775 0.31512666 0.47732967 0.32247704
wine glass 0.3381188 0.45513275 0.20266114 0.48148605 0.21881723
microwave 0.3329093 0.5320126 0.1841971 0.610461 0.22868027
tennis racket 0.33223227 0.7651931 0.18489303 0.7774997 0.19455059
