cake 0.9158661 0.8578158 0.156784 1.0 0.28493148
cake 0.8077739 0.7490721 0.065234095 1.0 0.19605595
cake 0.72455955 0.7154784 0.04453751 0.964252 0.15483625
cake 0.6755388 0.68157256 0.01973534 0.89344174 0.13290778
cake 0.41957927 0.80007994 0.105421744 0.9978681 0.2422669
toaster 0.3879306 0.6256134 0.2919906 0.65871125 0.39223245
banana 0.38626486 0.5846459 0.16295084 0.6142688 0.1991421
wine glass 0.34854338 0.5962734 0.7217264 0.6251375 0.74875057
banana 0.34349167 0.58655506 0.24828249 0.61166275 0.270409
microwave 0.30074483 0.630767 0.5974445 0.8631894 0.68693477
