couch 0.7403212 0.14834736 0.12754846 0.25516647 0.2881733
spoon 0.53530705 0.5318034 0.85745627 0.5659346 0.9428199
banana 0.5173513 0.47702488 0.6659942 0.48620817 0.68344766
banana 0.48693 0.47620595 0.6407489 0.48574632 0.66254586
spoon 0.44314927 0.3456499 0.5313654 0.3623538 0.5957914
sandwich 0.41883248 0.516408 0.9595612 0.5250247 1.0
sandwich 0.39001325 0.5078947 0.87584263 0.52529377 0.9220068
couch 0.37710625 0.32291973 0.52954555 0.36312395 0.5969723
banana 0.37418443 0.53210604 0.8624185 0.55025876 0.9371707
banana 0.31196597 0.50492436 0.6238743 0.51399857 0.6564773
toaster 0.31009653 0.54721355 0.0011546972 0.5659013 0.21443477
