sink 0.9650382 0.45036158 0.42876944 0.8647849 0.57504797
microwave 0.8470679 0.73303825 0.70080453 0.9948583 0.9985936
banana 0.7424671 0.7370777 0.24582568 0.7773967 0.27076057
banana 0.73203397 0.71782655 0.27682504 0.7495589 0.29785714
spoon 0.7190064 0.48411545 0.75205255 0.52784675 0.8215101
spoon 0.5905704 0.7424549 0.26737463 0.7717768 0.34532827
potted plant 0.5269995 0.573394 0.6463433 0.7227495 0.72604257
banana 0.5188563 0.7220156 0.30663675 0.75226456 0.3321042
banana 0.48851684 0.6907637 0.3105506 0.72476614 0.33520028
spoon 0.47883308 0.48641473 0.76948416 0.52727014 0.8217741
banana 0.43501756 0.7180081 0.29445064 0.75177467 0.31716448
spoon 0.4127476 0.48436195 0.75316155 0.5256149 0.77564335
