cake 0.9676673 0.65682447 0.34596118 0.9655936 0.65033823
cake 0.9561827 0.607572 0.11674046 0.8165106 0.23256747
cake 0.8958571 0.6267836 0.21502402 0.8778372 0.36491495
wine glass 0.70755774 0.5570859 0.6730875 0.58535254 0.71936345
sink 0.6096709 0.39353555 0.9469528 0.7269446 0.999935
clock 0.54028076 0.53662944 0.8620547 0.5535021 0.8837977
clock 0.493533 0.5557617 0.46184102 0.5792749 0.5038315
clock 0.4443468 0.5561337 0.71717024 0.5857312 0.7488947
toaster 0.41904885 0.55496633 0.6722412 0.58413243 0.72747266
toaster 0.41061378 0.54503334 0.6515667 0.55325675 0.79374284
knife 0.3419543 0.5053382 0.2256833 0.5230187 0.24039838
