tennis racket 0.80772626 0.5354333 0.17297438 0.64177054 0.21229658
tennis racket 0.72440374 0.49999994 0.13127351 0.6449579 0.17199662
clock 0.6823835 0.51845616 0.24734326 0.58624125 0.29331905
couch 0.6362763 0.3245984 0.7412211 0.41207302 0.8011961
wine glass 0.5800798 0.42195052 0.36215788 0.4409146 0.3824522
spoon 0.57293975 0.4537109 0.3634607 0.46323535 0.38112757
wine glass 0.5597826 0.43390337 0.8013055 0.4629084 0.8136782
wine glass 0.5506197 0.3663862 0.79791147 0.40137273 0.831343
knife 0.5422766 0.47460875 0.26406652 0.5243138 0.27869868
wine glass 0.5375165 0.43436027 0.8327883 0.46291783 0.8438719
wine glass 0.52169704 0.44078937 0.38345245 0.46319917 0.39721766
wine glass 0.5109325 0.44023433 0.3396808 0.4562029 0.3583657
spoon 0.50333804 0.44197872 0.405181 0.4542282 0.42381996
wine glass 0.49607098 0.43310264 0.7702848 0.46271434 0.7809272
wine glass 0.45333573 0.44462007 0.49783468 0.45965427 0.5122521
wine glass 0.45200655 0.3562992 0.82944345 0.4001316 0.84612894
wine glass 0.44490635 0.43387496 0.7821505 0.46245393 0.79103947
wine glass 0.43719995 0.43070376 0.48173845 0.45339328 0.4965012
toaster 0.43391302 0.56672865 0.64682263 0.5768837 0.73980516
spoon 0.43279913 0.45347336 0.48193946 0.46483284 0.49741444
clock 0.42601496 0.3663862 0.79791147 0.40137273 0.831343
wine glass 0.4215225 0.43385738 0.8137785 0.4636837 0.82479787
knife 0.39852285 0.50917804 0.30244282 0.5384617 0.32393798
spoon 0.38581067 0.45318055 0.4382198 0.46284676 0.45625806
microwave 0.38528246 0.59246045 0.2133111 0.9919494 0.37651405
wine glass 0.37891534 0.35144383 0.85654896 0.39881247 0.87577003
spoon 0.37010708 0.45261502 0.49832392 0.46366382 0.5123018
spoon 0.3696036 0.45516288 0.40255502 0.46210596 0.4234436
tennis racket 0.36301112 0.3562992 0.82944345 0.4001316 0.84612894
wine glass 0.3527484 0.43916902 0.45922038 0.46300226 0.47541836
knife 0.34600055 0.47854704 0.25075492 0.5231534 0.2776864
wine glass 0.3440917 0.4271031 0.5153718 0.4600903 0.5327512
banana 0.34302852 0.58773166 0.7656545 0.6125205 0.7932989
toaster 0.33446994 0.6880838 0.04670623 0.75267625 0.22295833
tennis racket 0.33174327 0.5337988 0.8017396 0.5621787 0.8111943
wine glass 0.33171666 0.44114166 0.3621083 0.454589 0.38133204
wine glass 0.32908922 0.6075743 0.08229623 0.6748781 0.1252712
toaster 0.32820725 0.56864864 0.58849907 0.5726996 0.6482339
clock 0.32435113 0.5354333 0.17297438 0.64177054 0.21229658
toaster 0.32348853 0.6860655 0.008173563 0.75417703 0.2223416
knife 0.31880805 0.48730454 0.23641634 0.5230609 0.26195666
spoon 0.3027746 0.55081064 0.5223793 0.5708766 0.5684347
