couch 0.90269417 0.48539928 0.58300865 0.6317243 0.7019454
toaster 0.7360929 0.6305694 0.43302548 0.6590656 0.52550113
cake 0.68987465 0.74948955 0.6600552 0.9990083 0.7813681
microwave 0.63781047 0.5540539 0.31975472 0.64712846 0.49667543
clock 0.60233164 0.62831545 0.9656917 0.66325593 0.98445594
microwave 0.5932349 0.31372595 0.053747 0.6671718 0.22371548
spoon 0.533067 0.61709696 0.8832358 0.642083 0.9125848
spoon 0.5135569 0.5518686 0.25664175 0.5784226 0.30806226
spoon 0.50200206 0.35087097 0.26183283 0.36533925 0.31810153
spoon 0.47586223 0.23441677 0.27288234 0.30206832 0.31500542
clock 0.46199325 0.580223 0.6240802 0.6318845 0.6589246
spoon 0.45922318 0.4105693 0.4889481 0.42051297 0.50526196
spoon 0.45552903 0.38836247 0.4702473 0.39873537 0.48891094
spoon 0.45137545 0.26210806 0.27292964 0.30253273 0.3148643
sandwich 0.4494732 0.5487405 0.2927898 0.5604252 0.30422643
tennis racket 0.43336964 0.35639596 0.116075836 0.45326856 0.13567919
couch 0.42783836 0.60064596 0.95314556 0.66263264 0.99564594
cake 0.42394885 0.72075284 0.6874461 0.99687296 0.8399137
cake 0.41804534 0.7138757 0.7016699 0.79534703 0.8501324
spoon 0.40201885 0.39927137 0.47444928 0.41031697 0.4880119
sandwich 0.34574828 0.5454127 0.2740519 0.5616098 0.29135507
cake 0.33980045 0.5829486 0.8004628 0.68720216 0.88240284
spoon 0.3253721 0.39463475 0.4903184 0.41430542 0.5049474
spoon 0.3198134 0.4102421 0.47290295 0.4194818 0.48930222
spoon 0.3150741 0.23450996 0.2724595 0.26479307 0.31469566
wine glass 0.30168778 0.39463475 0.4903184 0.41430542 0.5049474
