cake 0.94750524 0.8324811 0.52690065 0.99935925 0.67355657
cake 0.94404274 0.68118596 0.22873238 0.9289844 0.32839838
cake 0.9299759 0.7588088 0.38050696 1.0 0.5129473
microwave 0.8953006 0.54990613 0.5700741 0.6299964 0.7065884
cake 0.87726104 0.71249294 0.2821039 0.99383307 0.40160048
sink 0.7939814 0.39459416 0.0016910061 0.79487354 0.16428047
cell phone 0.65190715 0.44785592 0.3412612 0.5072923 0.39692163
spoon 0.6084524 0.5602354 0.3306093 0.5926571 0.3863013
microwave 0.5235231 0.5162195 0.34247455 0.57922465 0.39750817
toaster 0.4166452 0.6031255 0.4379933 0.6226187 0.47353655
toaster 0.39161998 0.60255283 0.4416986 0.64187753 0.5853763
