cake 0.968801 0.5760488 0.14577425 0.98873717 0.30282176
microwave 0.94009364 0.5061723 0.48862997 0.75349975 0.6393367
toaster 0.8852059 0.5607158 0.7024969 0.7127057 0.87986445
cake 0.78888816 0.54504687 0.24521458 0.65159947 0.29901248
tennis racket 0.65532887 0.4705804 0.65564305 0.5344624 0.6688259
fork 0.53225404 0.47411212 0.7019757 0.4935917 0.7094393
fork 0.5238493 0.47911176 0.7290425 0.49758354 0.7376419
fork 0.51725125 0.49017596 0.7148212 0.5128753 0.7261735
fork 0.51176226 0.48735765 0.6972078 0.50523764 0.70670056
fork 0.46358275 0.503735 0.6971076 0.5220073 0.705123
fork 0.42840448 0.49070188 0.7282813 0.51249784 0.73643047
banana 0.38129073 0.5124818 0.4377044 0.52620906 0.45005164
banana 0.34840143 0.5208743 0.44642118 0.5317396 0.4575735
spoon 0.33774307 0.5961953 0.42436677 0.63735116 0.45460653
fork 0.315166 0.47454566 0.7116251 0.50641316 0.7279587
