sink 0.8530547 0.34720302 0.7717652 0.59797037 0.90333253
toaster 0.79740506 0.615853 0.018522799 0.691598 0.21172886
spoon 0.78648144 0.58103895 0.81827223 0.65220255 0.9569241
couch 0.78158796 0.39663723 0.0789792 0.61635816 0.15949029
tennis racket 0.6673764 0.49123287 0.39201716 0.54630107 0.4027163
clock 0.65916365 0.5358405 0.10763814 0.61760753 0.13108711
tennis racket 0.50493056 0.5014983 0.4022149 0.54878646 0.4115732
spoon 0.48110068 0.242584 0.63632894 0.26751715 0.66617393
microwave 0.45740578 0.53682125 0.42437568 0.6053146 0.6341864
tennis racket 0.44666186 0.50294036 0.40970013 0.5572325 0.42326924
tennis racket 0.43152243 0.5014071 0.38253784 0.54535586 0.39242178
sandwich 0.42230317 0.57648766 0.84120625 0.5977272 0.9061106
tennis racket 0.3950153 0.2038014 0.713622 0.2720813 0.72642815
sandwich 0.3888502 0.57930297 0.84014416 0.5958581 0.86774254
microwave 0.3504586 0.54043674 0.51122147 0.6046154 0.63199395
wine glass 0.3118492 0.20563039 0.35663226 0.24428007 0.3741518
banana 0.3012793 0.60574055 0.5249414 0.6442808 0.57088166
