sink 0.9247247 0.39395893 0.43682972 0.56357014 0.51199347
cake 0.9176864 0.53221387 0.12914912 0.7161052 0.22570957
cake 0.9046388 0.5926688 0.31075424 0.9934658 0.4679541
cake 0.8770622 0.53364885 0.03499081 0.7387971 0.1412341
cake 0.87036335 0.57652205 0.22759907 0.9147445 0.33969986
microwave 0.7327548 0.5715671 0.90282285 0.9930134 0.99205697
spoon 0.7300143 0.5185576 0.36819762 0.56506795 0.42680794
cake 0.5851906 0.52015775 0.30291548 0.5434958 0.32410344
cake 0.5691134 0.5271142 0.2524108 0.5473607 0.30099687
cake 0.42916024 0.5193071 0.32439423 0.5431462 0.37400705
fork 0.36073306 0.52915347 0.9793665 0.5538545 0.9989392
fork 0.34334737 0.5004273 0.9875062 0.5247966 0.99964267
knife 0.33894682 0.49490213 0.4128044 0.5206257 0.41953138
spoon 0.32269123 0.5174416 0.38705522 0.52821916 0.40410173
