microwave 0.91067773 0.475877 0.31397647 0.5580866 0.5871989
book 0.87060875 0.22942771 0.14131118 0.30793637 0.21796525
fork 0.6402921 0.47163752 0.61405766 0.49347034 0.63271236
microwave 0.62659115 0.3648305 0.74148506 0.53624064 0.9831494
banana 0.6114437 0.493462 0.21625209 0.51062727 0.23977788
cake 0.5823336 0.5512684 9.8386365e-05 0.9131636 0.17407808
toaster 0.55494386 0.5326127 0.00015253318 0.5500078 0.12075356
spoon 0.54356813 0.4871219 0.13472123 0.56352687 0.2486534
fork 0.54071534 0.47852013 0.62781686 0.495254 0.64155906
banana 0.53866357 0.4938244 0.18321097 0.51160574 0.21775806
banana 0.4841606 0.48334682 0.17664889 0.49702096 0.20010819
fork 0.4728699 0.46915734 0.6312056 0.48817372 0.6466696
microwave 0.4510338 0.5298526 0.7379744 0.6761973 0.9795889
banana 0.42789173 0.4833989 0.14483708 0.51146716 0.23655322
sandwich 0.4004581 0.5026391 0.16377288 0.51250535 0.18551615
knife 0.35516584 0.4615792 0.3333694 0.48071063 0.34784403
fork 0.34742984 0.47715148 0.6385756 0.49463943 0.6513996
banana 0.34294614 0.4930082 0.15700367 0.50514483 0.18284495
sandwich 0.31258273 0.4861028 0.20052585 0.4995745 0.22017117
knife 0.31099927 0.4724952 0.325115 0.48580396 0.3350835
sandwich 0.30359727 0.4938244 0.18321097 0.51160574 0.21775806
