couch 0.9059013 0.31933826 0.4442056 0.46997482 0.53546673
spoon 0.6114802 0.4455502 0.70442367 0.46672913 0.7347754
tennis racket 0.5737784 0.42372635 0.8590582 0.48234886 0.8743276
microwave 0.486371 0.46967188 0.77200615 0.8372332 0.99806714
couch 0.4390809 0.43559304 0.94000167 0.47318068 0.9726363
wine glass 0.41838866 0.45166984 0.048573516 0.4988518 0.08817244
wine glass 0.41565353 0.4577353 0.15285617 0.48199895 0.16475046
spoon 0.33754158 0.28637686 0.6862061 0.31260258 0.73727036
clock 0.3296421 0.40329203 0.47071603 0.458667 0.51115155
spoon 0.30060154 0.3257947 0.6789691 0.3650727 0.71759087
