cake 0.94710964 0.67399204 0.36573678 0.94447315 0.48218173
cake 0.8619649 0.6493021 0.2851796 0.8756634 0.38169387
sink 0.8520682 0.27343714 0.8128717 0.98292685 0.94790924
couch 0.8270349 0.41936657 0.26470754 0.577898 0.33265343
couch 0.67433614 0.48897764 0.4922463 0.55384445 0.527472
cake 0.6715483 0.6325891 0.2225636 0.82300997 0.30530062
tennis racket 0.5973874 0.53057265 0.5848958 0.56235427 0.59338456
couch 0.46946278 0.5176423 0.5073292 0.54962337 0.527061
couch 0.43206364 0.5241029 0.31483883 0.5553522 0.3477019
cake 0.39658585 0.5319755 0.3842761 0.5726896 0.4150486
microwave 0.391145 0.6976664 0.0 1.0 0.112183586
toaster 0.38997823 0.5622869 0.549405 0.5788488 0.65773094
cake 0.35417625 0.5397602 0.41779414 0.57978547 0.43063113
microwave 0.32049385 0.14518853 0.0 0.7834207 0.10737358
toaster 0.31951395 0.56220204 0.556122 0.57661355 0.68221956
couch 0.31488916 0.49844983 0.79914796 0.5435722 0.8153908
