cake 0.90645915 0.6056904 0.51493084 0.9015395 0.62245464
cake 0.90509826 0.6263501 0.38321283 0.9721181 0.5342423
cake 0.8653204 0.522834 0.66654927 0.680484 0.7351747
microwave 0.6929268 0.38944656 0.116915934 0.6107015 0.16756362
clock 0.61599505 0.49467292 0.7993408 0.5190056 0.8207696
tennis racket 0.61425924 0.4239159 0.5389671 0.48339853 0.55015355
cake 0.60884905 0.55088806 0.5561721 0.59420145 0.60980445
cell phone 0.5778813 0.39353007 0.119049005 0.44666246 0.16383061
clock 0.5773366 0.49712694 0.7535266 0.5258418 0.77649313
microwave 0.5304416 0.50135887 0.11496257 0.66463864 0.13294156
couch 0.50803787 0.45929968 0.7521507 0.5267358 0.7771371
couch 0.4204429 0.45895407 0.7971948 0.51865655 0.8223229
clock 0.39051616 0.46509442 0.39885005 0.5250129 0.42383733
clock 0.379659 0.49580806 0.39018255 0.5282535 0.40573382
toaster 0.3171168 0.47336745 0.32758445 0.4900665 0.3717299
cake 0.30960009 0.53480446 0.51518816 0.570474 0.55678385
clock 0.30259985 0.4701044 0.38493326 0.52917206 0.40726724
