cake 0.9259961 0.747422 0.26014474 0.9992516 0.41566995
cake 0.8523337 0.71561384 0.4034636 0.99869275 0.47531897
book 0.84524775 0.33343905 0.5358919 0.38258156 0.5686599
cake 0.79969335 0.81463134 0.011727184 1.0 0.26500311
cake 0.720121 0.74058384 0.07455441 0.78650194 0.15529121
cake 0.6886855 0.67475265 0.3494997 0.69928056 0.45002133
spoon 0.68466234 0.694365 0.34331495 0.71787083 0.3792904
cake 0.6533678 0.7040344 0.19322188 0.7387547 0.25598413
tennis racket 0.6320339 0.5611209 0.56815505 0.6154517 0.5812324
spoon 0.61107093 0.7200065 0.27645817 0.7526098 0.30562636
toaster 0.54688615 0.6009919 0.37643117 0.61246413 0.43194556
wine glass 0.51491654 0.71058834 0.30800715 0.73643166 0.33614817
sink 0.48675263 0.4068375 0.09887017 0.7597371 0.17682026
cake 0.47134277 0.72267467 0.068799146 1.0 0.25559297
spoon 0.4555926 0.7314324 0.23654638 0.76501626 0.26871702
wine glass 0.44925472 0.7325028 0.2361867 0.7670784 0.26924714
tennis racket 0.43040094 0.55238205 0.55721 0.61286014 0.5686788
spoon 0.37827027 0.71058834 0.30800715 0.73643166 0.33614817
toaster 0.32668105 0.57896924 0.7087218 0.5909116 0.8027652
sink 0.30693924 0.36543626 0.0014090836 0.8130727 0.17551766
