cake 0.9710859 0.5346793 0.3003944 0.9944064 0.48577043
cake 0.87282705 0.523419 0.22433484 0.9251641 0.3122223
cake 0.77068347 0.5138818 0.17969953 0.8524123 0.2382855
toaster 0.6614423 0.5155868 0.59755963 0.54515266 0.727346
spoon 0.62860096 0.5348335 0.12978086 0.5619115 0.16523716
tennis racket 0.58975524 0.4625883 0.4126778 0.55926716 0.4294494
sandwich 0.5480496 0.49698538 0.83096063 0.51703733 0.8456069
spoon 0.5196713 0.5387406 0.07612017 0.56630445 0.107214704
couch 0.5132084 0.4603081 0.9272156 0.54200816 0.98207283
spoon 0.51010233 0.28995797 0.8329553 0.31687817 0.8731403
spoon 0.5059722 0.51621205 0.8414776 0.53949463 0.864327
sandwich 0.46432322 0.4884191 0.83726317 0.4986277 0.84644336
sandwich 0.46062553 0.4971605 0.8590302 0.51549345 0.87227935
tennis racket 0.43624556 0.52010673 0.065898284 0.57319266 0.07593027
wine glass 0.41657412 0.36665162 0.9429089 0.39651886 0.9726101
couch 0.38744962 0.45417807 0.514449 0.5127946 0.5658517
sandwich 0.35623503 0.48998457 0.84455866 0.50400877 0.85584885
bowl 0.33299458 0.49698538 0.83096063 0.51703733 0.8456069
sink 0.33029518 0.3752698 0.3871678 0.5427884 0.46649426
wine glass 0.30012563 0.40095228 0.5469836 0.42469585 0.55845714
