cake 0.89038485 0.8519491 0.63875556 0.9970211 0.75464296
microwave 0.7763046 0.65748185 0.32604292 0.75586647 0.5057081
spoon 0.6977493 0.42650288 0.068517566 0.46050468 0.12856095
cake 0.62748617 0.8125652 0.69508463 0.9946821 0.7925419
couch 0.54011077 0.50846124 0.68105376 0.69053817 0.8308861
bowl 0.5253343 0.63285446 0.733048 0.6720706 0.77129024
sandwich 0.5108948 0.74896187 0.5182762 0.76525056 0.5422282
sandwich 0.5102761 0.74293137 0.54233295 0.76576465 0.57010645
sandwich 0.50785995 0.7145067 0.57084435 0.72878486 0.58753735
spoon 0.49103442 0.74293137 0.54233295 0.76576465 0.57010645
sandwich 0.45687476 0.71271884 0.5021589 0.7654248 0.6024796
spoon 0.45198867 0.40948144 0.00045581255 0.45012027 0.02143069
spoon 0.43468812 0.71062505 0.4569731 0.8066679 0.6416205
spoon 0.42490512 0.54003173 0.06292599 0.5592372 0.09096693
spoon 0.4167891 0.6390536 0.23287107 0.6846769 0.2769937
toaster 0.41586965 0.6945339 0.5560994 0.7250903 0.64329183
sandwich 0.38684022 0.73832184 0.5091076 0.760256 0.5318073
bowl 0.37177727 0.6345346 0.7323741 0.67278826 0.8034383
spoon 0.35154366 0.53688633 0.00018184446 0.5577634 0.021798162
sandwich 0.34802413 0.72233534 0.5888003 0.75168216 0.6124567
spoon 0.34015363 0.62928355 0.8550965 0.66731375 0.9317387
sandwich 0.320151 0.7264642 0.5671647 0.76119703 0.5927033
banana 0.31330028 0.71751535 0.49814212 0.76553226 0.60094595
spoon 0.30886552 0.53802395 0.10008072 0.5565675 0.12874004
