cake 0.86389554 0.60904485 0.5964017 0.9491257 0.7203891
spoon 0.69114506 0.6412149 0.36052576 0.68105733 0.45351413
cake 0.63500184 0.7562432 0.4080338 1.0 0.55687094
tennis racket 0.61408055 0.5705022 0.7461995 0.6005852 0.7580762
tennis racket 0.60094965 0.51780593 0.54655904 0.58233386 0.5612865
cake 0.5956087 0.64989465 0.5475048 0.9928917 0.62852407
spoon 0.5183686 0.3865391 0.862322 0.41117638 0.8816228
microwave 0.50891805 0.60067326 0.066121906 0.7194449 0.17188779
wine glass 0.49687633 0.30731502 0.32608852 0.34183422 0.34111664
clock 0.45961756 0.5233157 0.18651938 0.5900101 0.21058485
wine glass 0.41184884 0.30628526 0.27665251 0.34227285 0.29076707
tennis racket 0.37464866 0.5687043 0.73206866 0.598385 0.74559605
wine glass 0.3434176 0.38807222 0.88137245 0.41233882 0.89828086
wine glass 0.31274903 0.30887026 0.34982714 0.34276065 0.35898063
