bowl 0.8260133 0.49270475 0.86184496 0.5645743 0.91498274
couch 0.64281833 0.5098174 0.20624442 0.5506396 0.25115705
clock 0.5195465 0.530071 0.84009326 0.60078067 0.8747127
tennis racket 0.4748027 0.53509367 0.92288697 0.5938528 0.943156
couch 0.4340748 0.4996871 0.83708435 0.5735571 0.8762372
sandwich 0.39402375 0.55911213 0.889707 0.5698061 0.9053505
clock 0.3472634 0.5333441 0.84432364 0.5757249 0.86840236
tennis racket 0.318608 0.43297604 0.75308704 0.47295263 0.7615005
apple 0.3182206 0.5785022 0.888333 0.63541925 0.95720917
broccoli 0.31187814 0.5583401 0.87497383 0.5686562 0.895212
