banana 0.7336161 0.55196196 0.7424514 0.57539624 0.7760087
banana 0.7322888 0.5536427 0.71243894 0.57591325 0.7458066
spoon 0.72389936 0.54425055 0.37038687 0.5929169 0.49081132
banana 0.677596 0.5072614 0.61056226 0.5297301 0.6476716
banana 0.6697767 0.55156934 0.6813303 0.5746367 0.7149031
banana 0.66200423 0.5202078 0.6531995 0.53114396 0.6819936
couch 0.6350723 0.34366274 0.3793373 0.5910504 0.5307483
spoon 0.5203414 0.5244114 0.56854314 0.5654078 0.69596255
clock 0.47871307 0.5672056 0.06900332 0.6494898 0.15062316
banana 0.47828516 0.5188385 0.5791891 0.530756 0.6156866
banana 0.46278992 0.51027274 0.6430232 0.52744436 0.67020184
spoon 0.42720625 0.5270349 0.5668171 0.5797193 0.6979036
couch 0.42019388 0.38587323 0.018044075 0.6497284 0.2366739
banana 0.32537645 0.50518495 0.61011446 0.53016347 0.67132944
