spoon 0.8746289 0.6600431 0.14640927 0.71396184 0.209492
microwave 0.83356047 0.6721751 0.2777735 0.99687266 0.6087327
toaster 0.8223329 0.8056378 0.8179825 0.8742077 1.0
tennis racket 0.744302 0.59752685 0.6616126 0.6949239 0.6761877
tennis racket 0.7284274 0.593904 0.6224856 0.6921205 0.64117306
wine glass 0.717218 0.6493179 0.09730201 0.7176753 0.11900874
spoon 0.70950663 0.66303587 0.75770515 0.6864436 0.7917122
tennis racket 0.62926155 0.60300976 0.6476593 0.7014108 0.6658598
wine glass 0.55759007 0.6572471 0.11948648 0.72919405 0.14056304
spoon 0.38434288 0.63430834 0.757986 0.65617335 0.7898652
cup 0.37762767 0.6044337 0.2337772 0.64140433 0.24714115
spoon 0.36064073 0.65260196 0.75795 0.66711456 0.7901345
banana 0.32950512 0.65589565 0.1774486 0.67578375 0.19425029
knife 0.3274853 0.58352435 0.26204142 0.64218384 0.27828142
