microwave 0.8995377 0.4997744 0.039586306 0.7050456 0.30021143
cake 0.89951444 0.79881305 0.5634134 1.0 0.71411026
couch 0.8272934 0.36958477 0.7345472 0.48893198 0.78363496
spoon 0.7860162 0.29700056 0.29337773 0.336033 0.3488138
toaster 0.6600228 0.5236769 0.6553807 0.55608666 0.77235484
toaster 0.62160474 0.46405432 0.8121441 0.5016495 0.99578255
couch 0.5238749 0.18182203 0.3400337 0.236956 0.37805545
cake 0.49583513 0.70948714 0.7009333 0.99718696 0.8495024
tennis racket 0.4090075 0.4134789 0.34204066 0.48969367 0.3590505
banana 0.33747566 0.60151446 0.45733136 0.6991755 0.5601012
