cake 0.9641854 0.63380915 0.3918754 0.9949464 0.61064637
cake 0.93029594 0.5927194 0.24564749 1.0 0.39872116
cake 0.86818606 0.5636079 0.14099248 0.99737597 0.26013651
cake 0.82733893 0.53930384 0.06936422 0.93242234 0.15254103
sink 0.80881363 0.14623863 0.6972212 0.8812464 0.91520673
spoon 0.7393314 0.5483616 0.38712046 0.5820548 0.4613894
wine glass 0.68943524 0.58843225 0.6359603 0.6632441 0.66708785
spoon 0.53499466 0.23478295 0.16700508 0.27142727 0.22184248
clock 0.51716113 0.44803268 0.56630844 0.5129182 0.6031329
toaster 0.50363046 0.49430883 0.45383346 0.5133571 0.54134345
clock 0.46915123 0.43170795 0.43452275 0.49756962 0.46123302
couch 0.4632787 0.38385016 0.41594464 0.49646407 0.47229803
wine glass 0.456776 0.54374295 0.33278182 0.5944187 0.35323492
wine glass 0.44526398 0.5618764 0.45114776 0.6245569 0.47695974
microwave 0.42116585 0.4894856 0.104453556 0.5158294 0.2731281
couch 0.4194424 0.29048616 0.5265117 0.5150289 0.64163536
microwave 0.39878115 0.5133966 0.15024404 0.5471012 0.22005944
couch 0.39388385 0.35269806 0.58682513 0.51986265 0.6514952
microwave 0.39008707 0.49221396 0.10875334 0.5473653 0.26334846
clock 0.386416 0.21506494 0.22931162 0.2769332 0.24409199
clock 0.3829615 0.52449846 0.2419777 0.5688477 0.26166034
fork 0.33643222 0.63557607 0.46030268 0.6498484 0.50457954
couch 0.3305422 0.4658521 0.58245724 0.52057105 0.6548571
wine glass 0.31975618 0.44803268 0.56630844 0.5129182 0.6031329
cup 0.30895188 0.63557607 0.46030268 0.6498484 0.50457954
toaster 0.30053088 0.49646106 0.2771535 0.5090099 0.31352478
