microwave 0.8799843 0.58001506 0.17270498 0.6784731 0.4476928
cake 0.83348423 0.7092179 0.62676865 1.0 0.8008507
cake 0.8197303 0.7637772 0.3371712 0.9935138 0.63486165
cake 0.7894115 0.5603114 0.9153335 0.7422715 0.9952564
cake 0.7152724 0.65312254 0.7927864 1.0 0.890374
cake 0.6317549 0.5466961 0.7623908 0.6356762 0.79665595
cake 0.566706 0.63600945 0.87591064 0.9872504 0.9172907
cake 0.54852283 0.5484133 0.87932616 0.5871845 0.931382
sandwich 0.47082236 0.5638933 0.8595713 0.57281804 0.8717188
banana 0.45988643 0.57751805 0.6270012 0.59140736 0.64142126
cake 0.45380294 0.5588684 0.7928008 0.69818115 0.8896346
knife 0.44246113 0.5348466 0.08639315 0.55605024 0.10333012
banana 0.43529916 0.5756343 0.64036113 0.59018654 0.6537128
knife 0.41769654 0.5493414 0.08826552 0.57417476 0.112749994
toaster 0.41398698 0.5375662 0.5947378 0.5646132 0.6346809
knife 0.40382686 0.5322371 0.107225075 0.5584168 0.124920696
knife 0.40337348 0.5448202 0.120217 0.5717384 0.14781158
spoon 0.39203653 0.5781266 0.6063028 0.6377456 0.67200667
sandwich 0.39134994 0.5651652 0.86928576 0.57232124 0.8768081
cake 0.37653184 0.74401414 0.62632716 1.0 0.6906558
clock 0.37480697 0.54220533 0.63619095 0.5595699 0.6466997
banana 0.33713815 0.5918759 0.6273234 0.60491884 0.6408882
tennis racket 0.33488217 0.54490167 0.45033947 0.58193725 0.45832595
