sink 0.974374 0.29284525 0.18629292 0.7937325 0.3631821
microwave 0.89127034 0.5484511 0.5618421 0.99486613 0.9348397
cell phone 0.8471748 0.3145766 0.38608894 0.39849877 0.5073797
couch 0.6647354 0.42834967 0.57936466 0.5365246 0.6194762
couch 0.64349025 0.31788436 0.6155065 0.45945704 0.7071156
clock 0.62638986 0.4775324 0.58002394 0.53409904 0.6187826
knife 0.5775709 0.464641 0.9262112 0.5057996 0.94724303
clock 0.5638916 0.45349833 0.6205158 0.536688 0.6637348
spoon 0.55914 0.56139123 0.08630907 0.5879918 0.14337534
spoon 0.46178672 0.643421 0.98182213 0.72027963 1.0
vase 0.3997891 0.5909402 0.18770301 0.60516167 0.24741438
spoon 0.38551268 0.5690174 0.9320287 0.71301425 0.9992948
cup 0.38419074 0.5084379 0.98826844 0.57854134 0.99958485
knife 0.37952578 0.50837207 0.92600596 0.5779543 0.9542154
orange 0.34519282 0.582602 0.00013468228 0.636194 0.040936053
tennis racket 0.3372084 0.45349833 0.6205158 0.536688 0.6637348
fork 0.32898745 0.5909402 0.18770301 0.60516167 0.24741438
wine glass 0.31956488 0.29423282 0.5387209 0.32125401 0.5492733
