microwave 0.9065264 0.4763345 0.31269866 0.55761915 0.58604616
book 0.88356113 0.22970113 0.14153862 0.30755022 0.2177084
fork 0.597535 0.4801951 0.6144241 0.49417603 0.6278505
microwave 0.5714144 0.36525163 0.7395075 0.53602403 0.9807466
toaster 0.5583377 0.53255147 6.915501e-05 0.54991466 0.120176576
cake 0.5543777 0.55042857 0.0 0.9140499 0.17960227
banana 0.53965807 0.493444 0.21605274 0.5107767 0.23948497
banana 0.5383398 0.49358782 0.18342566 0.51156837 0.21768953
banana 0.5295529 0.48345226 0.17635243 0.49693054 0.19934528
spoon 0.5139182 0.48745152 0.13483264 0.5632502 0.2480653
fork 0.4282846 0.47721106 0.64043146 0.49430275 0.6515892
fork 0.42766553 0.46957156 0.63174844 0.4866117 0.6488793
microwave 0.42736363 0.52998215 0.73735976 0.67610437 0.98154384
knife 0.40057746 0.46155444 0.33323097 0.4806235 0.34645477
banana 0.40053746 0.49327424 0.14377667 0.51175493 0.17063284
banana 0.3799086 0.48321053 0.14544344 0.5115366 0.23498012
fork 0.37186974 0.47832447 0.6293867 0.49524385 0.6427439
fork 0.36812004 0.46911505 0.6132998 0.48052028 0.62756824
sandwich 0.36712044 0.5034067 0.16348292 0.51255614 0.18609145
knife 0.35397217 0.47220656 0.32464045 0.48599675 0.3349893
banana 0.3302123 0.5027675 0.1637502 0.5125143 0.18544923
banana 0.3067719 0.49238482 0.15450905 0.505758 0.1843082
