cake 0.95134014 0.6862808 0.56675637 0.88957006 0.7423004
cake 0.90883076 0.84212804 0.32331955 0.9938457 0.45261198
couch 0.8190844 0.36363587 0.08961886 0.54411155 0.22826496
spoon 0.8107025 0.5236366 0.9369112 0.5721862 0.99524045
cake 0.78809994 0.5927674 0.018926844 0.9948462 0.22715427
couch 0.77314836 0.6262128 0.8646982 0.9503057 0.9988444
spoon 0.7683326 0.8388192 0.7958401 0.91037226 0.89772254
spoon 0.7673042 0.20923465 0.8502914 0.26389876 0.8815104
clock 0.7625553 0.43870744 0.5261388 0.5033233 0.5615417
spoon 0.7481362 0.04499175 0.854888 0.07879943 0.88111407
spoon 0.7437672 0.101141654 0.93580705 0.15421782 0.9755624
sink 0.7211421 0.20210987 0.19091998 0.5175384 0.34407556
oven 0.69870424 0.48501864 0.8345679 0.56014997 0.9171102
spoon 0.6961858 0.52860236 0.89767 0.56571835 0.9359763
spoon 0.6725329 0.13058726 0.8545818 0.17080887 0.8817064
couch 0.5967196 0.32598132 0.47723487 0.5013161 0.60388494
spoon 0.5381761 0.010117875 0.9482542 0.0392161 0.9751917
banana 0.5352271 0.5084473 0.96009594 0.528735 0.9828486
spoon 0.5274693 0.03727355 0.9439627 0.054614995 0.97549987
spoon 0.5025031 0.18438233 0.94613755 0.25221795 0.9766978
banana 0.47050864 0.5155801 0.9426424 0.5289702 0.96157163
knife 0.4675865 0.91030014 0.77996314 0.9445259 0.8941114
microwave 0.458646 0.39630792 0.34251848 0.48893848 0.41079077
banana 0.44704682 0.49746972 0.97473115 0.5274691 0.9952721
spoon 0.42632478 0.3158081 0.9468982 0.33082488 0.97635925
spoon 0.423101 0.30385336 0.85843927 0.33144557 0.880997
clock 0.4228537 0.80276316 0.96306574 0.949166 0.99942636
spoon 0.40054518 0.03082871 0.9143734 0.060445525 0.9490949
spoon 0.35567787 0.11953511 0.85483813 0.13442807 0.88087976
spoon 0.35523498 0.03611049 0.85703945 0.07489971 0.94225836
wine glass 0.35137686 0.010117875 0.9482542 0.0392161 0.9751917
spoon 0.32565984 0.17827366 0.9462618 0.19184281 0.97642857
microwave 0.3247975 0.49756488 0.3681412 0.5401979 0.4320087
microwave 0.32397443 0.4895042 0.3075041 0.5467424 0.43825284
