cake 0.88111067 0.65207916 0.20462362 0.8600642 0.31101686
spoon 0.8708281 0.27004066 0.32866174 0.30129108 0.46566546
microwave 0.82562643 0.6692699 0.6903087 0.9988501 0.9996046
tennis racket 0.75384724 0.33675143 0.3864852 0.3773665 0.44233552
tennis racket 0.72126925 0.33737972 0.44480422 0.37819132 0.4966437
tennis racket 0.6936618 0.33661574 0.3305462 0.37715632 0.38302943
spoon 0.6567118 0.27728942 0.46854243 0.3029649 0.5574264
spoon 0.6535998 0.26144603 0.46756265 0.28030583 0.5557016
tennis racket 0.6404042 0.59617513 0.42279688 0.6367789 0.44237036
tennis racket 0.584196 0.33812514 0.5019712 0.3785108 0.5457928
tennis racket 0.5464814 0.3990094 0.2298517 0.46665508 0.28720745
sink 0.53693396 0.34478444 0.0 0.7451171 0.17114674
tennis racket 0.5345014 0.33637685 0.2785986 0.3760898 0.32939562
tennis racket 0.5340814 0.33879015 0.54804236 0.37813404 0.60294485
tennis racket 0.52672786 0.42419323 0.28715634 0.4675409 0.33883744
tennis racket 0.5260065 0.33449355 0.22683631 0.37587157 0.27874053
tennis racket 0.47013238 0.5957797 0.368719 0.63754755 0.41249144
