cake 0.87296146 0.60664046 0.40030202 0.7378873 0.46091267
cake 0.77299184 0.6200264 0.32483938 0.76859474 0.39786527
cake 0.73428005 0.6251646 0.24480955 0.78716916 0.32165614
cake 0.71414036 0.6793562 0.7244738 0.73690075 0.769
cake 0.6630883 0.6507715 0.7847376 0.69958836 0.8188356
cake 0.6544889 0.71442264 0.62926525 0.9897829 0.74179715
cake 0.501985 0.59753346 0.46276277 0.7109838 0.51930857
wine glass 0.48786414 0.44339976 0.12038842 0.46414366 0.14687073
couch 0.47473052 0.3951605 0.30388486 0.42285687 0.32258052
spoon 0.37468994 0.44339976 0.12038842 0.46414366 0.14687073
cake 0.30857584 0.51645875 0.7692522 0.57030296 0.8024497
