cup 0.9165954 0.8571523 0.52892417 0.9306153 0.6298534
microwave 0.834556 0.5883624 0.14031102 0.73207104 0.41052926
fork 0.7656315 0.53040576 0.099302426 0.5623683 0.11395988
clock 0.68774456 0.47272515 0.69433856 0.52921325 0.71359706
banana 0.6401933 0.69445926 0.7433605 0.7445068 0.7750195
fork 0.6256055 0.5312702 0.123838894 0.54986864 0.13599527
cake 0.61428446 0.5605031 0.91205585 0.70885885 0.96855927
fork 0.5922909 0.53058416 0.105169155 0.5722005 0.12603666
fork 0.5841429 0.5742122 0.12926169 0.60662466 0.14658825
tennis racket 0.57684284 0.53450954 0.37098712 0.58767265 0.3843354
cake 0.56573004 0.86024475 0.77106965 1.0 0.9296794
fork 0.5527179 0.5502402 0.11020057 0.57966036 0.12737884
tennis racket 0.53768075 0.54181 0.39262316 0.5851593 0.40254095
wine glass 0.53558046 0.675066 0.46857244 0.7075907 0.48187196
fork 0.519216 0.5742352 0.119538195 0.60466695 0.13437675
banana 0.51846486 0.64557606 0.82175004 0.6804335 0.8492712
sandwich 0.5078064 0.594523 0.6852923 0.6075314 0.71654934
sandwich 0.50172347 0.6146024 0.7396487 0.6321484 0.7586142
fork 0.49990252 0.54931706 0.117582895 0.58147967 0.13641155
banana 0.4967703 0.7793727 0.5895635 0.85293293 0.63603294
spoon 0.47086412 0.58996046 0.64843637 0.6515294 0.7436772
cake 0.4707076 0.76481354 0.8457512 0.99892646 0.962725
fork 0.45370921 0.79157627 0.65763736 0.84659415 0.73112035
fork 0.39814454 0.55324495 0.13375202 0.5779584 0.15007514
cake 0.38522002 0.765674 0.7753892 0.9967398 0.9620857
spoon 0.37949246 0.52672094 0.68674695 0.5448151 0.7131629
cake 0.37158075 0.5482665 0.87695116 0.6475113 0.9157532
cake 0.3574874 0.5618786 0.8599606 0.64296687 0.8933758
cake 0.34986913 0.54920584 0.9467272 0.62292194 0.9699783
cake 0.34927553 0.5585113 0.88543934 0.7127433 0.96933967
cake 0.33614576 0.5356552 0.4855423 0.5850191 0.564118
toaster 0.31480473 0.669114 0.55479115 0.6807346 0.5686715
