cake 0.9675454 0.52310884 0.41375044 0.99616075 0.7586667
clock 0.8718555 0.45904416 0.5975724 0.52241737 0.68596673
cake 0.82751137 0.48330235 0.756092 0.80186474 0.8520226
couch 0.6902583 0.41419387 0.16043112 0.4945255 0.2142213
clock 0.64021593 0.46262458 0.1715029 0.49252042 0.20872635
banana 0.5661121 0.50095356 0.0941711 0.512462 0.120823905
microwave 0.47631997 0.38598344 0.87138975 0.46953532 0.91276634
couch 0.47438517 0.39942634 0.56694186 0.51992714 0.691901
toaster 0.43724388 0.4917799 0.10998867 0.504554 0.20536578
bowl 0.34336638 0.4876479 0.5005491 0.5135782 0.5697508
cake 0.30444306 0.48534864 0.7389401 0.573757 0.77573866
