cake 0.9736317 0.6171862 0.23588559 0.99415636 0.5029664
cake 0.9035504 0.53975147 0.57539433 0.59940904 0.6559271
cake 0.8727015 0.54287213 0.45088345 0.61328846 0.503441
cake 0.86848897 0.5559801 0.3485002 0.64773613 0.42232114
couch 0.7127316 0.07377114 0.7680597 0.1678315 0.8760844
spoon 0.65534514 0.5858787 0.49963596 0.63510567 0.5881136
cake 0.58316004 0.5508155 0.65559125 0.85911936 0.7069262
clock 0.5079608 0.49694994 0.8555612 0.539607 0.8738441
banana 0.49309957 0.5983331 0.55491096 0.61162984 0.5674098
cake 0.49060193 0.56275415 0.5758507 1.0 0.6774658
couch 0.40430045 0.47244468 0.84647626 0.53917646 0.87446576
cake 0.36679658 0.5497418 0.64994 0.896912 0.70531654
toaster 0.3390021 0.53211176 0.70048916 0.5395528 0.7324407
banana 0.3389588 0.602438 0.5233324 0.6127001 0.5410957
