microwave 0.94347095 0.6286201 0.36345404 0.9897136 0.672445
clock 0.845664 0.5904937 0.14852652 0.66043997 0.1936334
spoon 0.7068862 0.59921473 0.20944461 0.6532854 0.3096632
spoon 0.7020923 0.61259216 0.20647734 0.6620673 0.31262034
clock 0.588512 0.5580179 0.9215074 0.6075441 0.9482197
spoon 0.5853146 0.27257064 0.7540115 0.30983242 0.84563553
couch 0.5361675 0.42123702 0.9201409 0.60547686 0.9663896
sandwich 0.5171453 0.5978204 0.2579774 0.62477493 0.2789816
banana 0.51096696 0.6100364 0.21557629 0.63352436 0.23194557
couch 0.5010573 0.59320456 0.8298347 0.6578836 0.9026135
clock 0.41531336 0.2298842 0.14948615 0.30210403 0.1839113
sandwich 0.4011066 0.61385757 0.23151293 0.641846 0.24879846
tennis racket 0.38265735 0.58775806 0.35627627 0.646741 0.3754537
banana 0.33725774 0.60508066 0.22502002 0.6232574 0.24254766
sandwich 0.33161625 0.12758304 0.740797 0.19673277 0.8429236
banana 0.31256488 0.6005859 0.24258506 0.6199311 0.25645754
