toaster 0.87335634 0.57585335 0.38076934 0.66343915 0.66850775
couch 0.82922953 0.22007166 0.90540045 0.307271 1.0
couch 0.7980567 0.48676068 0.3160628 0.57897276 0.36365983
spoon 0.7648455 0.35251507 0.46522912 0.37741986 0.5374623
tennis racket 0.7625669 0.22834112 0.7672573 0.2844547 0.7985978
tennis racket 0.7471059 0.23500888 0.40136915 0.28390384 0.43314713
spoon 0.74696726 0.5494724 0.76293856 0.5782197 0.84413546
tennis racket 0.73437476 0.22763143 0.6231691 0.28370044 0.6546664
tennis racket 0.7279629 0.22585008 0.58717453 0.28490046 0.616079
tennis racket 0.7172935 0.22208104 0.6958251 0.28459588 0.7269153
tennis racket 0.6968976 0.2334308 0.46526363 0.2845201 0.49992225
tennis racket 0.69626874 0.22964598 0.65774107 0.284472 0.6909584
sandwich 0.6955378 0.5648131 0.71154565 0.58544594 0.7472853
tennis racket 0.6590579 0.24091129 0.50167394 0.28392476 0.5346585
tennis racket 0.6551038 0.2262838 0.4358725 0.28469956 0.46674255
tennis racket 0.5859868 0.21707346 0.73074627 0.2845101 0.76245284
tennis racket 0.58233386 0.24008471 0.53859943 0.28470355 0.5811433
sink 0.4844584 0.3342431 0.84319335 0.6300465 1.0
spoon 0.46994182 0.23842086 0.2670166 0.27190158 0.34863216
wine glass 0.45728272 0.36106634 0.31179494 0.37681675 0.327473
spoon 0.4169899 0.3381048 0.5421483 0.37771043 0.6173769
tennis racket 0.41576663 0.5259765 0.6816305 0.5847754 0.7139024
couch 0.40691143 0.32814464 0.40747494 0.37748322 0.45230195
spoon 0.4062037 0.45110282 0.3478425 0.46922776 0.40386745
tennis racket 0.40257946 0.2525561 0.7961888 0.28334457 0.80665827
wine glass 0.3960808 0.35486612 0.29167363 0.37622568 0.31285325
clock 0.37641096 0.3381048 0.5421483 0.37771043 0.6173769
wine glass 0.37554833 0.44985756 0.30932269 0.46920732 0.3483316
couch 0.3754351 0.32700747 0.33918533 0.3780557 0.4562561
spoon 0.37417775 0.35839984 0.5422926 0.37731704 0.6156576
couch 0.37033823 0.4241214 0.76715606 0.4686732 0.8211753
wine glass 0.363267 0.43127343 0.67317814 0.4690083 0.71249
tennis racket 0.34418824 0.23472247 0.53553176 0.28329864 0.5524295
wine glass 0.34391624 0.33733773 0.25760207 0.37678552 0.28836343
wine glass 0.30626225 0.42630255 0.638652 0.46914542 0.6776965
