microwave 0.88557583 0.56027335 0.21367542 0.6756664 0.62769854
tennis racket 0.82642287 0.45676678 0.6327127 0.57140887 0.6593057
couch 0.75192314 0.5339583 0.71790695 0.79421306 0.95843935
cake 0.69803655 0.6729573 0.04554623 0.98497385 0.16895674
cake 0.67954767 0.773955 0.00076557323 1.0 0.082453206
cake 0.574962 0.8849961 0.19354104 0.9946699 0.6147338
sandwich 0.5314704 0.79195625 0.95703125 0.8870855 1.0
cake 0.45787415 0.64228904 0.12967454 0.85072786 0.20224468
tennis racket 0.43982413 0.47775567 0.12154599 0.5806615 0.14260203
clock 0.4278011 0.6546521 0.7527972 0.7906122 0.9002809
tennis racket 0.36027288 0.49645144 0.14101475 0.5836596 0.15722391
banana 0.34602162 0.79195625 0.95703125 0.8870855 1.0
microwave 0.32715786 0.32472494 0.86330944 0.55957687 0.908384
banana 0.32560182 0.7634481 0.92124707 0.85863614 0.9815702
microwave 0.31651017 0.5525415 0.48957068 0.5869859 0.609422
