cake 0.79762745 0.617663 0.9512299 0.8230758 0.9996969
couch 0.78368837 0.57112235 0.38333187 0.6364011 0.49619266
knife 0.7123554 0.57204765 0.051901624 0.6295568 0.085033104
microwave 0.7108967 0.6266971 0.07545206 0.7081394 0.38086465
couch 0.6384989 0.65429497 0.60699475 0.76732194 0.7885952
knife 0.5878923 0.5519216 0.00015306659 0.62733465 0.02163617
couch 0.5835468 0.4908559 0.3508878 0.6334005 0.43447873
knife 0.5708748 0.58799386 0.036974844 0.6300424 0.05183353
clock 0.5354814 0.5665612 0.37182462 0.6336401 0.3904814
knife 0.501781 0.59058416 0.01992372 0.6290413 0.037405092
clock 0.47046852 0.5860281 0.37255085 0.6336364 0.39046443
clock 0.45753866 0.59471434 0.97080547 0.6251958 0.9945162
wine glass 0.4232571 0.61909026 0.008361526 0.70825166 0.08731499
couch 0.35553163 0.5389343 0.95709676 0.6195447 1.0
knife 0.35183433 0.5749679 0.024530508 0.6240897 0.040039748
knife 0.34541312 0.5890717 0.02662832 0.63016087 0.046833966
