cell phone 0.9346633 0.35996044 0.65796536 0.43912107 0.80464303
couch 0.90086627 0.40480134 0.74681026 0.5513405 0.8946828
spoon 0.730342 0.55088085 0.5867426 0.57647747 0.6648006
fork 0.6915447 0.46959096 0.16060308 0.49525005 0.1877165
fork 0.6267224 0.4972631 0.17723088 0.5155389 0.20246491
sandwich 0.60272574 0.49477935 0.7346397 0.5097312 0.76120186
fork 0.5457614 0.49849445 0.17019519 0.51490253 0.18790106
sandwich 0.5327361 0.4937889 0.7002359 0.51009804 0.73346716
fork 0.4704495 0.48153785 0.18559355 0.49932274 0.20555054
clock 0.4660456 0.5016439 0.76749307 0.5518644 0.8323702
fork 0.43557233 0.46927407 0.18714821 0.48673716 0.20594071
sandwich 0.42720988 0.46859467 0.52657646 0.48848516 0.55055994
banana 0.42120886 0.46859467 0.52657646 0.48848516 0.55055994
fork 0.3739497 0.48180145 0.16698089 0.4999044 0.19021784
knife 0.32269144 0.4553755 0.42240518 0.4783547 0.43740603
bowl 0.3110761 0.54433364 0.73497736 0.55908054 0.75891143
