clock 0.94769216 0.8473759 0.4877811 0.9414467 0.55493313
cake 0.86361575 0.6638085 0.085087955 0.9243475 0.17643604
cake 0.8355897 0.74631155 0.32036096 0.87917066 0.45584196
spoon 0.78501374 0.92142487 0.4256428 0.9964881 0.55555207
sink 0.770316 0.3476536 0.010740895 0.89825165 0.118259445
spoon 0.74190694 0.873261 0.3481758 0.9131749 0.4287453
cake 0.6980835 0.7452732 0.55100024 0.8784657 0.67124784
spoon 0.6878223 0.9220951 0.34693885 0.99529386 0.4277925
couch 0.601939 0.36341527 0.27473348 0.61399454 0.42330796
spoon 0.5758082 0.54876196 0.37030444 0.58165187 0.4174187
tennis racket 0.5637383 0.5630423 0.8506992 0.61130774 0.8629544
toaster 0.5507716 0.6111617 0.77248687 0.6360287 0.89503115
clock 0.52181387 0.48462567 0.3354669 0.61190015 0.37154785
spoon 0.49378654 0.9056479 0.34685636 0.9280012 0.42890173
microwave 0.4639423 0.5727228 0.45042282 0.60243994 0.59197444
spoon 0.46303782 0.53499985 0.73741776 0.57954925 0.7720025
tennis racket 0.43711248 0.5611102 0.84127575 0.6105456 0.85187894
cake 0.40429607 0.64073896 0.13550745 0.8766494 0.2520376
clock 0.403522 0.565483 0.33779827 0.61377966 0.36698183
cake 0.3774748 0.80692095 0.4536539 0.87531036 0.50422525
cake 0.33883148 0.7078724 0.21429524 0.87868124 0.25829405
