cake 0.9318613 0.67977226 0.4914988 0.9423121 0.68358785
cake 0.8599482 0.7283997 0.17218606 0.9402537 0.36244965
cake 0.7879254 0.6450051 0.7548984 0.826501 0.88517356
cake 0.73731005 0.6239282 0.8373008 0.7869979 0.954796
cake 0.6921572 0.6618289 0.64433694 0.871223 0.78616846
couch 0.692014 0.4045808 0.47808614 0.4320942 0.50486565
sink 0.6088376 0.38126397 0.85311985 0.67675257 1.0
spoon 0.6059864 0.42501366 0.7701307 0.43641353 0.79943424
wine glass 0.57633275 0.45115554 0.0817162 0.47396415 0.10481583
wine glass 0.56582487 0.44832644 0.04175381 0.47190467 0.05822459
couch 0.530583 0.3725017 0.0015125525 0.40501663 0.042475857
wine glass 0.5129942 0.45777243 0.40904963 0.47801 0.42278486
wine glass 0.5112791 0.45638978 0.10614293 0.475281 0.12674588
couch 0.5055242 0.3237169 0.07765182 0.3441296 0.09992318
couch 0.50172716 0.32135344 0.05707037 0.3415032 0.0810851
toaster 0.4984039 0.57001644 0.45124954 0.5844442 0.5497554
wine glass 0.46409678 0.4591468 0.44710588 0.47754115 0.4591999
wine glass 0.45305514 0.46836805 0.49052146 0.47862434 0.50181997
wine glass 0.44236648 0.45064318 0.060393285 0.4728148 0.07781475
wine glass 0.43919128 0.4559125 0.7989313 0.47785613 0.8129355
wine glass 0.43358868 0.4682187 0.50113165 0.478457 0.51195014
wine glass 0.43094057 0.4683571 0.46164438 0.4782592 0.4717415
wine glass 0.43012252 0.4584394 0.43331575 0.47769183 0.44583526
microwave 0.41720477 0.5427615 0.16153958 0.5695953 0.41279915
spoon 0.4134236 0.42352137 0.83590204 0.43403926 0.84992355
sink 0.39847022 0.381741 0.91212195 0.67638344 1.0
wine glass 0.3753957 0.468227 0.47600707 0.47859064 0.4883918
wine glass 0.37449244 0.458143 0.42560437 0.47790343 0.43451592
couch 0.37198874 0.32072657 0.036184855 0.34059453 0.063083306
cake 0.36625022 0.6019506 0.8476042 0.6191135 0.87814415
couch 0.3471186 0.37179017 0.0003601616 0.4048726 0.022187661
cake 0.33178717 0.6850643 0.19355844 0.7322762 0.3365045
spoon 0.32975358 0.42124167 0.48003066 0.43223056 0.5034248
