cake 0.89860076 0.7029418 0.28364357 0.92977613 0.37590924
cake 0.8682275 0.67891157 0.23291531 0.87294936 0.30930337
cake 0.86636 0.65946686 0.18970546 0.81943387 0.26573563
cake 0.841929 0.6398485 0.16264816 0.7847404 0.22657825
cake 0.8194939 0.7329579 0.34973168 0.9956639 0.4662174
couch 0.7892391 0.5145053 0.60813427 0.5784647 0.6451229
microwave 0.6025218 0.5359592 0.36928466 0.57455313 0.40871236
clock 0.5955604 0.5029728 0.21849664 0.544856 0.22948696
toaster 0.57831746 0.5800395 0.5160526 0.61280066 0.58771515
couch 0.54354304 0.43060184 0.18901002 0.54597706 0.26040757
microwave 0.45971414 0.48090205 0.3687817 0.5768 0.40940166
knife 0.42821908 0.5196705 0.26024902 0.54682666 0.27463478
spoon 0.38809606 0.54671913 0.68740195 0.57346314 0.71645266
cake 0.37591508 0.6137621 0.1337484 0.67659724 0.16740052
clock 0.37288588 0.55142045 0.61795694 0.57831556 0.64206153
cake 0.33902815 0.8270793 0.956775 1.0 1.0
spoon 0.30626422 0.5621604 0.6514072 0.5826024 0.6855355
