cake 0.9264665 0.6673827 0.19755459 0.96057546 0.32365346
cake 0.9215453 0.6709113 0.34739402 0.9686965 0.47070554
cake 0.89124006 0.667182 0.6676255 0.9636995 0.7960951
cake 0.8905708 0.67027074 0.51465786 0.96833163 0.6387907
cell phone 0.62455946 0.20471817 0.88288206 0.31515348 0.9587415
wine glass 0.6165011 0.4929754 0.33134776 0.5417724 0.3532399
couch 0.54309595 0.35004497 0.52558076 0.45070505 0.5966592
microwave 0.5304317 0.46924967 0.87949026 0.6354218 0.9536283
knife 0.51906466 0.51552624 0.30264536 0.540301 0.31919274
spoon 0.49712154 0.44505572 0.14067414 0.47452652 0.17058262
sandwich 0.43741953 0.46689135 0.34619594 0.48691612 0.3594216
spoon 0.43198973 0.13784592 0.9079222 0.19087408 0.939719
clock 0.3843483 0.40639085 0.55008024 0.45027032 0.5779056
banana 0.3834229 0.44141874 0.14766303 0.45233807 0.16051653
sandwich 0.38103673 0.4692511 0.3349439 0.5166732 0.3732977
sandwich 0.36869994 0.48957452 0.3572217 0.5114027 0.3707033
sandwich 0.30922678 0.44141874 0.14766303 0.45233807 0.16051653
