cake 0.917286 0.7219078 0.32214984 0.9366512 0.5131477
cake 0.8932809 0.71844316 0.55162805 0.93372965 0.75724584
cake 0.842276 0.7202514 0.06759263 0.93406683 0.29088873
wine glass 0.667412 0.38678068 0.59181213 0.3997808 0.61145836
microwave 0.65440434 0.5515724 0.33199495 0.5917137 0.579093
wine glass 0.6217964 0.47311437 0.5928418 0.49098742 0.62072283
wine glass 0.5739736 0.3868856 0.6429946 0.3992156 0.66386855
wine glass 0.56069547 0.3866084 0.61582077 0.39982775 0.6359224
clock 0.55696464 0.5572786 0.058756527 0.5722334 0.07732948
wine glass 0.5239934 0.47785822 0.65353084 0.49177095 0.67503256
spoon 0.5132641 0.47311437 0.5928418 0.49098742 0.62072283
spoon 0.50938034 0.4371052 0.2919477 0.44666716 0.3195401
toaster 0.46032917 0.58565336 0.19929653 0.59702903 0.27492374
wine glass 0.43461233 0.47623333 0.29928005 0.49144283 0.3188215
spoon 0.39644253 0.47785822 0.65353084 0.49177095 0.67503256
wine glass 0.3855236 0.4774492 0.62551045 0.49094835 0.6503409
sink 0.3710244 0.39174086 0.9367345 0.7529517 1.0
spoon 0.36666545 0.43888158 0.25304598 0.44591433 0.28373173
cake 0.3530908 0.7150409 0.0 0.9370208 0.063895084
couch 0.34435984 0.43997177 0.0002915758 0.6183516 0.120903894
wine glass 0.33037415 0.48022452 0.24640071 0.49174955 0.27175197
microwave 0.32238647 0.5733466 0.3299384 0.5949596 0.3883054
spoon 0.30385292 0.47820985 0.62688506 0.49102223 0.65089077
