cake 0.9588265 0.6944816 0.6095466 0.977126 0.7140773
cake 0.94840854 0.69347537 0.46267188 0.97815675 0.5634593
cake 0.9164636 0.6905406 0.3172838 0.9758779 0.41874576
couch 0.8810343 0.44828928 0.64446455 0.59041137 0.73649365
sink 0.8729528 0.32913372 0.034714755 0.87271506 0.14890084
microwave 0.8479975 0.5445577 0.1627857 0.7710869 0.22330768
spoon 0.65524966 0.29662967 0.24685371 0.3199119 0.27485287
spoon 0.64518815 0.30576402 0.52576095 0.33383474 0.5575022
clock 0.64173186 0.5435194 0.9739304 0.6087566 0.9997639
couch 0.6369683 0.47067505 0.54116976 0.5315729 0.57049
couch 0.55531824 0.50941473 0.9582369 0.6083506 0.9995282
cake 0.5486091 0.5163473 0.86319876 0.5756273 0.91501343
wine glass 0.4986083 0.38004577 0.24636999 0.39929417 0.26006773
toaster 0.4965494 0.52959484 0.35941783 0.5445787 0.4400054
spoon 0.49412808 0.5154724 0.19490245 0.53456974 0.22789612
spoon 0.48389593 0.3363029 0.25082162 0.36048114 0.27555057
clock 0.4536731 0.5075041 0.5465025 0.5321154 0.5671861
cake 0.44059637 0.5159583 0.8640224 0.6381212 0.91503644
spoon 0.41451865 0.5156299 0.1583337 0.53587323 0.17556162
couch 0.41075084 0.4671154 0.3115224 0.49450856 0.33479396
wine glass 0.41072926 0.37991115 0.26442453 0.39817047 0.27610794
tennis racket 0.3897482 0.5003068 0.34690925 0.53192407 0.35337618
parking meter 0.3847733 0.6330826 0.8102433 0.9076928 0.9988385
wine glass 0.31900954 0.5156299 0.1583337 0.53587323 0.17556162
toaster 0.30614728 0.5290332 0.31411096 0.5410914 0.36085162
