cake 0.95952433 0.7219727 0.30499202 0.9988259 0.47955304
cake 0.95635974 0.70495474 0.5116 0.9952657 0.6720722
cake 0.93272024 0.70830375 0.70700294 1.0 0.92978424
wine glass 0.6900904 0.48319244 0.4105476 0.51957595 0.43532157
microwave 0.6344647 0.5050736 0.43997425 0.55185026 0.61671144
spoon 0.59532934 0.53046787 0.6368243 0.5836285 0.7814757
clock 0.55962926 0.4811101 0.13421533 0.51796955 0.1525586
knife 0.47698677 0.45096233 0.40689802 0.4820489 0.41709453
couch 0.47240525 0.48820013 0.1517527 0.5196713 0.17322837
couch 0.42778346 0.4490914 0.12347376 0.5228962 0.16969267
clock 0.40855914 0.48820013 0.1517527 0.5196713 0.17322837
knife 0.3513436 0.4590166 0.41732702 0.48433852 0.427945
