cake 0.9482162 0.55561364 0.25035778 0.94986755 0.36382768
cake 0.85526216 0.5330952 0.1596761 0.867418 0.27355227
sink 0.852845 0.30910054 0.84700227 0.9377035 1.0
cake 0.8027873 0.5198173 0.11710832 0.8096286 0.19125956
clock 0.7362395 0.5505415 0.43560508 0.61643815 0.4580768
wine glass 0.67804515 0.41053185 0.8147778 0.45082185 0.8318015
spoon 0.6400947 0.22351602 0.74430716 0.25978386 0.7907727
spoon 0.63226897 0.22641729 0.80721587 0.24821238 0.8378342
wine glass 0.63109565 0.4104283 0.8333362 0.45108268 0.84984964
spoon 0.5978609 0.3452969 0.6977266 0.36116105 0.7194319
wine glass 0.5925689 0.41159204 0.7973031 0.45139036 0.81361043
spoon 0.4947197 0.34387472 0.71881306 0.3605355 0.74285996
wine glass 0.4455876 0.42017505 0.7805919 0.44946164 0.79253775
spoon 0.43895218 0.7962878 0.60770714 0.8451674 0.64756525
spoon 0.4389361 0.33199516 0.71885276 0.34303743 0.7431536
wine glass 0.42413568 0.41182077 0.7515386 0.44931272 0.7613042
wine glass 0.42146185 0.41186595 0.7198585 0.44871965 0.7282965
toaster 0.41709003 0.54549336 0.50555587 0.60805833 0.62361693
wine glass 0.41670623 0.4119764 0.732918 0.4495124 0.74033546
spoon 0.41442904 0.32912442 0.697884 0.34628043 0.71859175
spoon 0.4036543 0.3066031 0.35293067 0.32808053 0.3764329
wine glass 0.3835295 0.41566998 0.7728554 0.44942242 0.78459024
spoon 0.37904066 0.24534073 0.69505364 0.266913 0.7363929
spoon 0.37608865 0.3320321 0.74981403 0.35121807 0.79910123
wine glass 0.37179756 0.41187793 0.76180446 0.44855264 0.77229345
toaster 0.3383293 0.5392634 0.5099656 0.5682796 0.64239556
wine glass 0.31140536 0.41067907 0.74414307 0.44931692 0.75276834
cake 0.30476236 0.5122712 0.14568639 0.58250403 0.20129615
toaster 0.3021501 0.52152 0.3695625 0.5402866 0.4698779
