tennis racket 0.7335789 0.52473634 0.6907629 0.6222876 0.7305479
tennis racket 0.6789044 0.53266263 0.73392296 0.5733664 0.76766646
tennis racket 0.6335645 0.5258768 0.6651278 0.6199177 0.6956553
toaster 0.6140929 0.5937035 0.31047016 0.6139821 0.49641687
tennis racket 0.6020437 0.55019635 0.5682997 0.6072951 0.5948071
tennis racket 0.54358727 0.5354336 0.59294754 0.60279614 0.6193694
tennis racket 0.52131826 0.5255723 0.61425215 0.563807 0.6283089
tennis racket 0.51232576 0.52804625 0.64173645 0.6152977 0.66765195
tennis racket 0.4729678 0.5407112 0.623742 0.5814907 0.64143556
cake 0.47177008 0.58083373 0.03495055 0.75873023 0.1535839
tennis racket 0.43577987 0.5272253 0.65306973 0.56155986 0.6691054
tennis racket 0.40244737 0.5305294 0.6344323 0.5609976 0.64873147
tennis racket 0.3368574 0.5519792 0.63937795 0.61668575 0.6661457
tennis racket 0.33058 0.53117335 0.6359008 0.58091426 0.65122926
