cake 0.9423827 0.5987558 0.7230214 0.82213223 0.8524543
cake 0.9284857 0.68975013 0.44617212 0.9865508 0.5589857
spoon 0.92105716 0.583169 0.18037562 0.6431939 0.2520839
cake 0.92040825 0.6896125 0.27820215 0.98667264 0.39144555
cake 0.90998405 0.68896735 0.5970683 0.98444307 0.7363156
sink 0.889694 0.42390245 0.20392096 0.6195613 0.32328033
cake 0.8354754 0.6109286 0.84987414 0.8584145 0.9976511
cake 0.68633455 0.6927533 0.11136116 0.9927315 0.2436886
clock 0.36753148 0.57806784 0.8203728 0.6278473 0.8578167
spoon 0.34657666 0.57799107 0.819168 0.63545096 0.85885835
cell phone 0.33981735 0.4449292 0.045496773 0.53747404 0.060486007
toaster 0.32287085 0.6060108 0.42593205 0.6216269 0.4939767
spoon 0.31714725 0.5628082 0.8552077 0.6310402 0.9120065
