clock 0.82219774 0.54144126 0.29076546 0.61309236 0.33836365
clock 0.8212771 0.5363965 0.8194244 0.6084469 0.8653071
tennis racket 0.72102344 0.3637605 0.68500966 0.42506006 0.7004723
spoon 0.7120001 0.44688416 0.35102275 0.4949747 0.40398577
tennis racket 0.7113123 0.36514717 0.7172411 0.42537045 0.73246855
wine glass 0.70436585 0.5664803 0.37415552 0.6089297 0.40282977
wine glass 0.68158776 0.568235 0.39969003 0.6072431 0.43044692
tennis racket 0.6763077 0.36398068 0.70136553 0.42487603 0.71683306
wine glass 0.66575366 0.5392776 0.44553757 0.57413733 0.47997278
tennis racket 0.6650968 0.4917458 0.69848347 0.53557354 0.7101097
tennis racket 0.66405666 0.49286827 0.7095297 0.5367275 0.72138804
tennis racket 0.6621262 0.49301994 0.7428421 0.53749174 0.75484216
tennis racket 0.6599168 0.49184954 0.6773214 0.5371546 0.6870412
spoon 0.63279986 0.5342616 0.9707776 0.56864923 0.99965495
wine glass 0.62935674 0.5622789 0.9262646 0.6027704 0.9577628
spoon 0.62847394 0.44043612 0.88020414 0.48750386 0.92809933
tennis racket 0.6250354 0.3639256 0.7330814 0.42509893 0.74783474
tennis racket 0.6212692 0.49270704 0.73164994 0.5375756 0.7430807
tennis racket 0.6186444 0.49177322 0.68753916 0.53599906 0.6984919
wine glass 0.6031098 0.56067455 0.90102893 0.6041556 0.9286936
wine glass 0.5978017 0.56091666 0.87990093 0.59971815 0.9003407
wine glass 0.58313805 0.56676537 0.35324356 0.6053031 0.37437007
spoon 0.54898876 0.45515493 0.40136194 0.4948595 0.43614227
tennis racket 0.5401391 0.4929444 0.72037035 0.537924 0.7322596
spoon 0.5357801 0.44907507 0.92637783 0.48935884 0.9609888
spoon 0.46404728 0.5392776 0.44553757 0.57413733 0.47997278
wine glass 0.4621287 0.46452948 0.44041693 0.47895744 0.46289837
tennis racket 0.43539214 0.5777432 0.680252 0.6251857 0.70371276
wine glass 0.42705494 0.5342616 0.9707776 0.56864923 0.99965495
wine glass 0.40319416 0.45830736 0.9645362 0.47368237 0.9879476
spoon 0.40254492 0.46122468 0.9889692 0.48947796 1.0
tennis racket 0.32954955 0.5783118 0.7051407 0.6254785 0.7312652
spoon 0.32945788 0.4633887 0.46291518 0.49210456 0.48060513
wine glass 0.31330422 0.46122468 0.9889692 0.48947796 1.0
wine glass 0.30971983 0.44907507 0.92637783 0.48935884 0.9609888
