cell phone 0.8364352 0.34237853 0.64086187 0.44144598 0.8237868
cake 0.76977825 0.6344609 0.6101318 0.97161305 0.8560833
spoon 0.6645813 0.2717179 0.44218138 0.29530716 0.47504225
clock 0.61620265 0.5094095 0.13090448 0.5349799 0.15194246
tennis racket 0.5856913 0.47111496 0.64121455 0.52375185 0.6601913
couch 0.54743356 0.41888472 0.33922383 0.5536808 0.51227677
spoon 0.54281104 0.25381908 0.5890767 0.28112766 0.6220975
clock 0.5298951 0.47534132 0.39446455 0.5536138 0.46590313
spoon 0.5277831 0.70524913 0.00020894391 0.84554917 0.1840412
tennis racket 0.5177719 0.46510202 0.61336744 0.5242639 0.6370535
spoon 0.5101769 0.36440057 0.35786217 0.38302034 0.37635908
spoon 0.48282975 0.31096342 0.5792657 0.33096972 0.62276924
tennis racket 0.46475497 0.48560444 0.57257575 0.5236619 0.58817375
spoon 0.45984346 0.5320836 0.36695006 0.5508837 0.43013424
spoon 0.41886804 0.36626485 0.30549628 0.38247845 0.37710828
wine glass 0.4118069 0.3205275 0.36493626 0.33898938 0.37670085
wine glass 0.3847996 0.32004735 0.37408587 0.33956853 0.38586536
spoon 0.36442605 0.2939728 0.8739391 0.31212676 0.908559
tennis racket 0.34888884 0.48848826 0.5874824 0.5233949 0.61648893
wine glass 0.34085545 0.4902737 0.24359682 0.52238274 0.27381223
spoon 0.33295074 0.2776376 0.49984998 0.29122066 0.5413221
wine glass 0.32917368 0.51029104 0.44523418 0.55750924 0.48998272
sink 0.32340664 0.30328783 0.91563153 0.81003296 1.0
wine glass 0.31619087 0.77484864 0.0 0.85455805 0.03799859
cake 0.31545866 0.8025039 0.110901475 0.99908096 0.6053274
toaster 0.30605432 0.5356688 0.0029627166 0.55252045 0.1730995
tennis racket 0.3060003 0.48546207 0.5829567 0.51096654 0.5963255
