cake 0.9494505 0.67988974 0.561465 0.88323206 0.6468923
cake 0.93384755 0.7225613 0.4177775 0.9935795 0.5311738
cake 0.93284076 0.75038934 0.29641768 0.99935794 0.43508682
cake 0.9125336 0.6989442 0.50095415 0.9353362 0.59716165
couch 0.88832563 0.44267723 0.33615708 0.6173718 0.4420265
clock 0.7811245 0.5378766 0.38422367 0.6164482 0.41655472
wine glass 0.6289126 0.30829015 0.75584775 0.3229531 0.772317
spoon 0.6124003 0.5824799 0.41680154 0.6145088 0.46147206
wine glass 0.5749012 0.37029922 0.69630855 0.39424548 0.71157604
toaster 0.48870048 0.57237685 0.5407103 0.6042192 0.60209423
spoon 0.46372452 0.36648694 0.75609076 0.38463074 0.78149366
toaster 0.43292248 0.56909215 0.5385481 0.5857759 0.6049987
wine glass 0.42823997 0.36311567 0.71267855 0.3939184 0.72200346
wine glass 0.41170388 0.41234195 0.6917447 0.44505295 0.70486295
tennis racket 0.37066555 0.53046715 0.296508 0.5785183 0.30592406
wine glass 0.3661443 0.40981704 0.70553803 0.4440952 0.7199811
banana 0.33212963 0.5769633 0.44490877 0.5855478 0.4574776
wine glass 0.32051387 0.36849788 0.74305964 0.38685167 0.75013757
banana 0.30781302 0.5740032 0.43271193 0.5843721 0.4460999
