spoon 0.9116433 0.5128726 0.1715189 0.5544332 0.25914496
spoon 0.81285554 0.68805826 0.9053111 0.7386868 0.99474263
banana 0.77867174 0.5821041 0.031824395 0.6083077 0.07408855
wine glass 0.77297574 0.6155198 0.78839386 0.67486995 0.8742678
banana 0.7715462 0.5790968 0.07413978 0.6069763 0.12821233
toaster 0.66217595 0.5696977 0.0735079 0.58974284 0.2287213
toaster 0.65781415 0.6054258 0.6465079 0.6566643 0.8083432
sandwich 0.63771665 0.6855344 0.90860677 0.7078491 0.9483675
fork 0.41891387 0.66428167 0.7147708 0.72155386 0.96681553
fork 0.4119936 0.72471845 0.83017236 0.74565554 0.89954156
microwave 0.3886075 0.6518745 0.00980336 0.99275905 0.15848778
microwave 0.36014694 0.51906735 0.5637315 0.82851726 0.7883861
knife 0.35483947 0.71944326 0.78576195 0.73913425 0.83665556
wine glass 0.3498894 0.6372058 0.7195462 0.6932475 0.8056524
banana 0.30345646 0.70030224 0.94811296 0.7094805 0.97325647
