cake 0.7565608 0.66344917 0.55815434 0.8488867 0.686496
clock 0.6945395 0.5676271 0.61014 0.60967135 0.6470974
cake 0.65173364 0.66899955 0.46370602 0.8827846 0.6001291
cake 0.6506137 0.59862435 0.8982644 0.6161617 0.93958193
cake 0.63183594 0.6010533 0.9505937 0.6214904 0.9963902
tennis racket 0.59722996 0.6272582 0.40092283 0.6652403 0.4125807
microwave 0.53066605 0.6243135 0.23778386 0.6672455 0.3600475
toaster 0.47373348 0.6249507 0.61275744 0.6337449 0.67030543
spoon 0.46376678 0.61473507 0.90715194 0.62668306 0.94857323
banana 0.45086458 0.65332663 0.38799444 0.66306126 0.39749247
couch 0.41671178 0.59240884 0.07952081 0.6525958 0.1273896
clock 0.40515727 0.617415 0.088547595 0.6520452 0.11380209
couch 0.3905297 0.58930457 0.36916506 0.63245595 0.40877992
banana 0.36341444 0.66024834 0.38051948 0.670885 0.39212337
