cake 0.97440004 0.6329958 0.070100635 1.0 0.2604201
cake 0.9738609 0.67028934 0.45700753 0.99810195 0.6182041
cake 0.9701104 0.6451502 0.25075045 0.9995625 0.42608842
cake 0.75461966 0.5196863 0.2217456 0.57589644 0.25729635
microwave 0.5158629 0.4830409 0.7118045 0.5998152 0.79258335
microwave 0.50151134 0.4206493 0.71012706 0.6025817 0.7942532
couch 0.43714324 0.46794453 0.67889524 0.51013243 0.707137
cell phone 0.4326889 0.43110535 0.71486604 0.48718807 0.79027975
clock 0.35889116 0.33442384 0.37814876 0.35361913 0.38866112
couch 0.34790143 0.52409273 0.91582793 0.56414396 0.9802533
