sink 0.9504073 0.29874292 0.7457672 0.99255955 0.9133186
cake 0.73351115 0.5741704 0.5819013 0.6355095 0.6113409
couch 0.6765513 0.47919053 0.37425074 0.5423883 0.41141245
microwave 0.66239923 0.4636243 0.697615 0.66081625 0.75084496
banana 0.62207323 0.58625793 0.5200907 0.6106209 0.5441086
toaster 0.6184109 0.64225644 0.0039183795 0.75509495 0.2878757
knife 0.58397603 0.50522625 0.28786895 0.5396966 0.3025845
sandwich 0.5558518 0.5791246 0.5446458 0.6077858 0.5632318
toaster 0.52425903 0.6450806 0.0020892024 0.8913434 0.28954336
banana 0.5214912 0.5885349 0.23253864 0.6090888 0.24648419
knife 0.5131167 0.51896864 0.27704227 0.54912215 0.28777653
banana 0.5065779 0.5807778 0.22855374 0.60752726 0.28162387
microwave 0.49372372 0.62029874 0.69768703 0.8112506 0.7490667
clock 0.43553334 0.5149692 0.3861652 0.54101545 0.40175945
banana 0.41157734 0.5884101 0.553178 0.6171673 0.5781005
knife 0.3915815 0.5081921 0.26450998 0.5468084 0.27784985
couch 0.38237128 0.34015027 0.0 0.6788316 0.15240884
banana 0.38146445 0.5791246 0.5446458 0.6077858 0.5632318
microwave 0.3810808 0.54010147 0.29784712 0.78606486 0.40977463
banana 0.31226748 0.5852267 0.26278666 0.60712504 0.2786087
banana 0.31080374 0.5621047 0.52022743 0.6099069 0.5479319
