cake 0.95359355 0.5486801 0.15881091 0.8845238 0.31479242
spoon 0.58938605 0.31153214 0.95058805 0.33786988 0.9754564
toaster 0.5374668 0.5638802 0.563656 0.59829205 0.71427166
cake 0.518001 0.5358609 0.3771725 0.5736651 0.41409895
spoon 0.44305685 0.54333955 0.2906786 0.5817283 0.32289436
clock 0.43118146 0.51896137 0.32863972 0.5790441 0.36119947
couch 0.38977274 0.48470014 0.64196646 0.51564366 0.6603601
couch 0.38076696 0.44457784 0.653525 0.51346886 0.6795647
tennis racket 0.36570033 0.4844731 0.71665114 0.5163427 0.7249715
couch 0.352505 0.4227533 0.30038065 0.5791007 0.4055853
wine glass 0.3392441 0.54333955 0.2906786 0.5817283 0.32289436
cake 0.32792267 0.53337914 0.41505775 0.587691 0.48085007
cake 0.3260198 0.5141485 0.134737 0.80425185 0.18140064
