cake 0.9208065 0.6051767 0.18617935 0.89843726 0.4171973
cake 0.8892121 0.6213032 0.36843753 0.9371642 0.5943738
couch 0.74724054 0.42508128 0.79352117 0.50928485 0.8733905
bench 0.6724318 0.32316282 0.86199826 0.36077783 0.89927137
banana 0.64483935 0.49712276 0.2769702 0.5090245 0.2943324
fork 0.6334197 0.43185952 0.12413952 0.4601846 0.1319021
clock 0.604466 0.47151262 0.81712794 0.5095807 0.86157995
fork 0.5930455 0.43504155 0.11219576 0.46071965 0.117515124
spoon 0.56987596 0.4865509 0.21653654 0.5108849 0.25895053
cell phone 0.55417293 0.31221446 0.0 0.40283927 0.049846392
microwave 0.46490777 0.49763894 0.5423653 0.5360894 0.7952206
spoon 0.45925337 0.48852935 0.7429091 0.5030288 0.7675532
toaster 0.4262544 0.49519697 0.3366368 0.50618184 0.4291396
wine glass 0.3664841 0.4891915 0.7431895 0.5035473 0.7673604
banana 0.3533256 0.49679676 0.2985011 0.50922275 0.31264105
spoon 0.32640135 0.4569521 0.53547823 0.48417974 0.56890553
wine glass 0.32338157 0.47480372 0.020826673 0.522847 0.07304509
cup 0.30874354 0.60739017 0.5842722 0.6282389 0.63582796
