cake 0.95418197 0.67311215 0.2642131 0.8858812 0.44170573
cake 0.93075883 0.69930625 0.4318743 0.9225805 0.5939719
cake 0.88900983 0.71526176 0.6271986 0.94352823 0.7767639
couch 0.88878095 0.30247486 0.11846814 0.39729238 0.2985921
sink 0.8396128 0.4642936 0.12550728 0.7274151 0.2799957
couch 0.76145136 0.54274416 0.4653725 0.5793066 0.5356884
microwave 0.6603953 0.5667885 0.3727671 0.61632997 0.45254725
cake 0.6499648 0.6508799 0.17512324 0.8436287 0.34480238
microwave 0.61175853 0.5811663 0.6875174 0.6196733 0.8690962
cake 0.35834584 0.65108204 0.17499211 0.84358585 0.2810858
cell phone 0.31066015 0.5087848 0.37819806 0.55848134 0.4480911
