cake 0.9488925 0.6119319 0.38603777 0.9958812 0.50194764
cake 0.93134636 0.6523351 0.49043408 0.99868757 0.7175813
cake 0.8556928 0.58438 0.3085078 0.9844541 0.3997535
cake 0.8474701 0.5692665 0.25450847 0.90742743 0.32715312
cake 0.69204235 0.55779254 0.20823717 0.8607938 0.27115843
cake 0.5612322 0.4986965 0.80927426 0.52201486 0.8766864
toaster 0.53663814 0.533379 0.012456253 0.5567773 0.15503107
spoon 0.44591507 0.48223257 0.48493403 0.5135401 0.5326894
spoon 0.42400026 0.5296948 0.43642047 0.58465976 0.4889954
wine glass 0.42258745 0.5460369 0.40415683 0.58058167 0.44214258
spoon 0.41795057 0.5298763 0.4373578 0.5866721 0.5105385
cake 0.41457048 0.50473565 0.90591997 0.5299515 0.9873715
cake 0.40101278 0.49585566 0.730096 0.5161438 0.78648317
