cake 0.96445566 0.6239918 0.41419637 0.99661976 0.56718844
cake 0.95794034 0.60306156 0.29226154 0.9791014 0.4320268
cake 0.9540277 0.6425007 0.5518953 1.0 0.7265056
cake 0.9171883 0.5914889 0.1917957 0.9286038 0.31237525
couch 0.78759146 0.37494874 0.5971731 0.60789424 0.7580974
clock 0.7736963 0.47556916 0.657262 0.59417653 0.70677143
couch 0.72589356 0.34588748 0.92638016 0.41186547 0.9685509
wine glass 0.7204203 0.5330321 0.31888625 0.5767722 0.34315935
tennis racket 0.6522233 0.36385876 0.5760836 0.42045027 0.58421105
sandwich 0.6390151 0.5386938 0.61689353 0.5532876 0.6367912
wine glass 0.6196299 0.53333455 0.34494987 0.5781347 0.37255314
spoon 0.60344803 0.5351103 0.9204476 0.57194257 0.9610946
microwave 0.59793407 0.4184697 0.4291169 0.49944022 0.50662524
tennis racket 0.58492786 0.3615322 0.5680502 0.41832465 0.5758565
spoon 0.5628776 0.5381715 0.5648742 0.59375733 0.6711292
couch 0.55540353 0.36350718 0.04127506 0.409714 0.06674499
sandwich 0.54109323 0.5322992 0.5906514 0.55117214 0.61636174
chair 0.5331181 0.5103254 0.024898209 0.6966286 0.24460539
couch 0.5139039 0.33046114 0.00028516492 0.39080504 0.012585448
spoon 0.5005835 0.51191753 0.77551633 0.5483175 0.8242875
microwave 0.46563348 0.53823644 0.51387286 0.56989807 0.56745493
clock 0.39121416 0.38941514 0.04513041 0.40972868 0.062627815
couch 0.34473088 0.535432 0.9215107 0.5719415 0.96229124
sandwich 0.32177833 0.5383154 0.5765664 0.5474041 0.59029955
