sink 0.9637143 0.36134192 0.70312136 0.6274123 0.8171566
cake 0.9085671 0.51389414 0.17181394 0.6612763 0.25596303
cake 0.78591025 0.5129856 0.13500994 0.6492126 0.18159577
cake 0.78215885 0.50591147 0.09781639 0.6391933 0.14284469
cake 0.7808868 0.5077755 0.2703176 0.632105 0.31283295
cake 0.64191186 0.50401 0.24262686 0.5332412 0.26939163
couch 0.62726915 0.516358 0.08023397 0.5404994 0.098439984
wine glass 0.59364724 0.50085974 0.56320703 0.51403195 0.5738112
cake 0.5903669 0.5281819 0.0005301833 0.70758826 0.09866483
cake 0.56526893 0.5074559 0.33238944 0.5835703 0.3640342
microwave 0.5621773 0.4137837 0.6438795 0.5161162 0.7036
chair 0.5412039 0.5281819 0.0005301833 0.70758826 0.09866483
cake 0.37476885 0.51946366 0.21103409 0.53730345 0.23607185
couch 0.35631794 0.5030799 0.20244205 0.5338439 0.23164672
cell phone 0.32029048 0.4137837 0.6438795 0.5161162 0.7036
cake 0.31504333 0.49972573 0.23223327 0.53793293 0.24602722
