couch 0.92456114 0.52841663 0.18694523 0.67075074 0.27675068
cake 0.91614366 0.83318764 0.32741112 1.0 0.42683393
cake 0.7576115 0.9107093 0.40185234 1.0 0.5156061
spoon 0.67320305 0.6055994 0.52860105 0.64464474 0.591434
microwave 0.66687715 0.6430951 0.640663 0.7443772 0.7605392
toaster 0.6111054 0.64982885 0.29730603 0.66711116 0.41806957
tennis racket 0.6012833 0.7664025 0.013959795 0.88000506 0.04727517
tennis racket 0.60017955 0.7446143 0.040555198 0.8650994 0.06750576
couch 0.5836601 0.542078 0.0020884573 0.66071516 0.08596565
clock 0.56885517 0.58758146 0.20669553 0.6682376 0.2521761
spoon 0.5591487 0.5791259 0.58513564 0.6367701 0.6239919
spoon 0.520869 0.65595853 0.82759875 0.69515526 0.86512834
clock 0.51177114 0.6183599 0.019377723 0.6624325 0.055089176
spoon 0.46713766 0.5948078 0.5289731 0.6090515 0.5895598
sandwich 0.44409198 0.63487756 0.8291931 0.657 0.86407924
tennis racket 0.4429077 0.7251585 0.0 0.87469804 0.01825967
broccoli 0.4428473 0.6185788 0.4605613 0.6375707 0.48716792
spoon 0.43661895 0.5796624 0.5845098 0.59606045 0.6228412
sandwich 0.34445897 0.6461724 0.8536698 0.6617283 0.8658301
spoon 0.3161993 0.35296378 0.045841213 0.36912647 0.1003267
couch 0.31425098 0.6003838 0.27572358 0.656303 0.36050993
sink 0.30059218 0.3494587 0.87837034 0.9915851 1.0
