cake 0.9736481 0.68805534 0.30293596 0.99668473 0.46648026
sink 0.88645023 0.29956272 0.7224053 0.97527796 0.9778154
cake 0.8390355 0.6718973 0.21292937 0.99185187 0.32114536
spoon 0.77596503 0.627729 0.23900554 0.65846205 0.31086376
couch 0.62905955 0.45227337 0.32150078 0.6588562 0.3637995
fork 0.6077198 0.57413846 0.68014896 0.59672445 0.6903615
fork 0.6061486 0.5680798 0.6690456 0.5887643 0.67952186
couch 0.5894895 0.47688937 0.1118009 0.6202614 0.22662497
cake 0.5885929 0.653612 0.1287395 0.99572575 0.22689515
spoon 0.55932844 0.6579914 0.44296855 0.7122283 0.56085044
fork 0.5275833 0.58378184 0.6706766 0.6005317 0.67899597
toaster 0.51493984 0.6205528 0.0 0.651223 0.16788715
tennis racket 0.5080128 0.5670558 0.6118506 0.6221787 0.62104356
tennis racket 0.43795484 0.558486 0.61951804 0.6237162 0.6333035
clock 0.3929245 0.6002075 0.16211921 0.61819535 0.18350434
tennis racket 0.3864573 0.58370894 0.47788468 0.60543126 0.48710862
sandwich 0.3498032 0.65834856 0.47333905 0.6920349 0.5005092
banana 0.3453779 0.65834856 0.47333905 0.6920349 0.5005092
tennis racket 0.33354464 0.5712758 0.4574069 0.608677 0.4675022
sandwich 0.33253384 0.66502005 0.52617645 0.6841843 0.5476768
banana 0.3214146 0.64952123 0.502175 0.68145037 0.5165975
microwave 0.3185308 0.6150916 0.42050183 0.67033976 0.48948175
cake 0.3181844 0.6429013 0.07399349 0.98577565 0.21878855
cake 0.3023236 0.64415276 0.07436562 0.9823069 0.14842927
