cake 0.912606 0.5783083 0.63586664 0.956567 0.82854545
cake 0.9075714 0.56997395 0.494426 0.9255576 0.66638064
cake 0.777841 0.5626881 0.34975922 0.9021424 0.52188486
cake 0.75536 0.5440468 0.12573075 0.85788554 0.26903942
cake 0.7484955 0.54242945 0.02179249 0.8448297 0.1457306
cake 0.7475137 0.55746055 0.2368901 0.8763795 0.3844321
tennis racket 0.6971897 0.5008625 0.5274013 0.5501882 0.548867
tennis racket 0.65860236 0.50143576 0.5483926 0.55075264 0.5705337
microwave 0.50345117 0.4909793 0.5745248 0.55213726 0.8745224
wine glass 0.4828517 0.47894344 0.50673956 0.49582848 0.51978475
clock 0.47198552 0.5170611 0.3730458 0.5658059 0.4184317
couch 0.4392803 0.4022645 0.4213218 0.48641232 0.50476414
toaster 0.4180371 0.4984682 0.0021456182 0.5219515 0.16519171
spoon 0.3590504 0.4710954 0.51835656 0.4953172 0.55373216
toaster 0.328215 0.4984523 0.0023479387 0.5211129 0.14227241
