clock 0.7722863 0.24743044 0.66601723 0.34879732 0.7238857
clock 0.74857277 0.2692547 0.5495202 0.3542877 0.67183715
clock 0.74510425 0.26069036 0.46466324 0.3590627 0.6088629
wine glass 0.69292796 0.24290319 0.8419032 0.3409772 0.94682187
wine glass 0.68968225 0.48614994 0.64032453 0.5328063 0.6863085
spoon 0.46244797 0.2706112 0.54919004 0.35582563 0.6720993
wine glass 0.4619335 0.29205224 0.3182511 0.370725 0.39821574
cake 0.43057576 0.8186992 0.3473834 0.9989107 0.7004337
wine glass 0.30821666 0.41376415 0.638156 0.4636933 0.6774052
spoon 0.30137762 0.24743044 0.66601723 0.34879732 0.7238857
