cake 0.96229243 0.6377981 0.5066162 0.98404324 0.6613559
cake 0.8972994 0.61703753 0.74009633 0.86107564 0.8171767
cake 0.8719509 0.62804246 0.64828855 0.9129892 0.74699146
banana 0.62672395 0.61751425 0.4768629 0.63901585 0.49672103
tennis racket 0.61642385 0.528068 0.83936566 0.56303656 0.851518
wine glass 0.59306055 0.5072294 0.07482889 0.5359847 0.09244573
spoon 0.59166414 0.419109 0.118902475 0.44796795 0.15926093
clock 0.59086835 0.3850701 0.48904786 0.42494953 0.5127414
wine glass 0.56633395 0.5079653 0.091878526 0.5368272 0.10757161
spoon 0.5556269 0.6049575 0.9511887 0.6261757 0.98864174
spoon 0.5253447 0.52759826 0.74101573 0.5479591 0.76405877
spoon 0.5184548 0.63343316 0.4472828 0.6645731 0.5329986
banana 0.51088226 0.63342553 0.485963 0.64400345 0.5009654
knife 0.4953885 0.57619405 0.92229414 0.6008246 0.93357134
wine glass 0.49309736 0.50569344 0.10828626 0.5373122 0.12801535
wine glass 0.46369407 0.44192967 0.21760206 0.45636937 0.23129238
wine glass 0.45528302 0.47709143 0.51003796 0.49050534 0.523025
spoon 0.44995576 0.4478581 0.2008106 0.45633882 0.2158377
spoon 0.44282806 0.4238617 0.740303 0.43816322 0.7607439
clock 0.43510225 0.3939895 0.51800454 0.4286326 0.5346619
spoon 0.42713958 0.5503 0.8636633 0.5630221 0.8845744
wine glass 0.4239919 0.50561094 0.15730329 0.5382074 0.17689632
wine glass 0.40861788 0.47720554 0.5304039 0.49091202 0.5461479
wine glass 0.38924277 0.49464917 0.04839255 0.5138787 0.06736194
spoon 0.37899503 0.43221053 0.16406399 0.45370936 0.1966908
wine glass 0.376648 0.5059986 0.2135676 0.5388467 0.22935818
spoon 0.37659994 0.3830543 0.98690814 0.40947533 0.99997085
wine glass 0.3763408 0.5058252 0.14341497 0.53804106 0.15662012
knife 0.3741659 0.57529724 0.91025794 0.60065806 0.92890775
wine glass 0.37285632 0.5145612 0.070176415 0.5355895 0.080474414
wine glass 0.37269476 0.50544643 0.13265057 0.5375088 0.1454662
spoon 0.37253895 0.5286944 0.68878984 0.5468221 0.7115264
spoon 0.36665925 0.53696674 0.51016176 0.54584354 0.52604115
knife 0.3659068 0.5749061 0.9334225 0.60308236 0.94583327
banana 0.35588193 0.6315456 0.46614924 0.6437381 0.4814054
microwave 0.3331102 0.61031973 0.765557 0.7523851 0.8927999
spoon 0.3208761 0.4237709 0.08166066 0.44367185 0.11941427
spoon 0.3121038 0.46879616 0.71226287 0.49215767 0.7425821
spoon 0.31044263 0.47720554 0.5304039 0.49091202 0.5461479
wine glass 0.31027243 0.29986128 0.052064143 0.33985996 0.0875457
