tennis racket 0.87683374 0.64288616 0.5744462 0.8041291 0.65082026
tennis racket 0.86249304 0.6100522 0.49882331 0.78490424 0.57347447
tennis racket 0.8187768 0.65227467 0.63626534 0.80476946 0.69574875
tennis racket 0.77437794 0.6908368 0.7300348 0.79859066 0.78780407
tennis racket 0.72869277 0.59519273 0.40291274 0.76947385 0.48021308
tennis racket 0.7155339 0.11805269 0.007871086 0.20380941 0.058086257
tennis racket 0.6580898 0.11981437 0.047364336 0.19812018 0.084010534
tennis racket 0.5725147 0.6052685 0.55040926 0.65791523 0.57875866
tennis racket 0.5637915 0.60237765 0.50093794 0.6596942 0.526672
tennis racket 0.55614716 0.66778255 0.6901589 0.76707375 0.7355368
spoon 0.5486763 0.16734286 0.11958562 0.18906875 0.18305422
tennis racket 0.512194 0.63636315 0.4611566 0.7728262 0.5084157
tennis racket 0.51186836 0.677122 0.75378376 0.7726362 0.80849516
microwave 0.49402913 0.0017207861 0.58704543 0.40972257 0.7070309
spoon 0.4580691 0.14947858 0.11879634 0.16580182 0.18719982
wine glass 0.44922888 0.16213624 0.08050335 0.1955563 0.12149176
spoon 0.39885753 0.15932024 0.118358396 0.1798808 0.18462627
tennis racket 0.38840133 0.61985993 0.565532 0.7437041 0.60938346
fork 0.375723 0.41589636 0.7765806 0.5023051 0.8144615
tennis racket 0.3634936 0.00041271 0.44146076 0.025316305 0.47428846
knife 0.3614205 0.41363817 0.6136759 0.48851514 0.69043326
clock 0.35213056 0.00041271 0.44146076 0.025316305 0.47428846
fork 0.31133017 0.4263636 0.7401858 0.5087736 0.7762789
