cake 0.9538351 0.7951027 0.1997068 1.0 0.38171142
microwave 0.81363297 0.5562242 0.104931965 0.7454388 0.20235966
couch 0.72160226 0.5238599 0.86377376 0.6213436 0.9375492
wine glass 0.6566267 0.40009397 0.87988615 0.4237967 0.8893616
couch 0.6517894 0.6970835 0.89533114 0.81069094 0.9592798
wine glass 0.64772177 0.4880058 0.868586 0.5125577 0.8777277
wine glass 0.6466347 0.3968702 0.8923761 0.423323 0.90193087
wine glass 0.6315207 0.49035367 0.4471651 0.5095839 0.46295282
microwave 0.6115238 0.59313995 0.61820036 0.7931982 0.76008683
spoon 0.6042342 0.49487206 0.48497114 0.5095302 0.5112515
wine glass 0.58002484 0.39097318 0.9809729 0.4190423 0.9979069
wine glass 0.5693182 0.4003153 0.9679588 0.42118227 0.97867453
wine glass 0.56648785 0.71061814 0.37818405 0.7583514 0.4056833
cake 0.5651488 0.68623906 0.26326135 0.7129387 0.326979
wine glass 0.5531829 0.49034378 0.43345684 0.5092249 0.44657773
wine glass 0.53017306 0.6435033 0.040698446 0.67539924 0.057641596
wine glass 0.5278276 0.4028627 0.8501003 0.42421374 0.87288475
wine glass 0.5121642 0.48760062 0.51488256 0.50885314 0.52869654
wine glass 0.5113461 0.4917354 0.47335342 0.50833046 0.483121
tennis racket 0.5095984 0.5971557 0.024982175 0.68094057 0.03929519
wine glass 0.506771 0.48826563 0.8570527 0.511858 0.8659502
wine glass 0.4915643 0.48532715 0.8268473 0.5124514 0.83940387
wine glass 0.4853413 0.48392072 0.8391791 0.5124484 0.8543244
spoon 0.48523888 0.48011854 0.9662597 0.51146466 0.99910784
wine glass 0.47458184 0.40145293 0.95638937 0.4209223 0.9672527
spoon 0.4741089 0.49530122 0.8809603 0.51110595 0.9109424
spoon 0.46384925 0.40496492 0.850113 0.42549747 0.8729387
wine glass 0.46239355 0.64676356 0.020865936 0.67841977 0.037645858
microwave 0.45207122 0.58930826 0.6828237 0.7859976 0.7589055
clock 0.43716058 0.5925249 0.8805112 0.6234846 0.91438633
banana 0.4351028 0.6696026 0.4159164 0.6939473 0.4472495
spoon 0.41267905 0.6825996 0.40789962 0.7538363 0.46047318
spoon 0.40972933 0.49400267 0.5361354 0.50936586 0.5634684
spoon 0.40732193 0.4075027 0.909052 0.42014503 0.9474957
wine glass 0.39766872 0.64573324 0.0023577 0.6790085 0.022944786
couch 0.3813848 0.5742365 0.97335225 0.8135147 1.0
clock 0.3733415 0.59242105 0.90908194 0.6132601 0.9148332
wine glass 0.3569521 0.6465722 0.029417932 0.6786921 0.043400347
wine glass 0.34728995 0.49024677 0.46237668 0.50824267 0.47090396
microwave 0.3425177 0.5859476 0.41106376 0.65689284 0.53869045
toaster 0.3411814 0.6395897 0.49041522 0.66166013 0.5369265
tennis racket 0.33575216 0.56303245 0.59720635 0.6074708 0.607383
cake 0.32377148 0.71030295 0.13446708 1.0 0.22120984
wine glass 0.31677374 0.4945122 0.8806674 0.5099336 0.89013106
wine glass 0.3119314 0.39219496 0.9961123 0.41878366 1.0
