cake 0.96450216 0.60338724 0.39824814 0.8674438 0.49009907
cake 0.8282088 0.6041993 0.29258615 0.86594 0.39301008
couch 0.7489547 0.5006832 0.8470754 0.6717927 1.0
sandwich 0.69075096 0.507366 0.4516371 0.5247339 0.4682083
tennis racket 0.5983183 0.5151014 0.0034671705 0.6502748 0.05560969
couch 0.57090014 0.55204207 0.04653651 0.6524262 0.12828644
microwave 0.56429255 0.53091747 0.66990805 0.80247784 0.84975266
toaster 0.52405286 0.5104356 0.4909835 0.5338434 0.54489017
sandwich 0.48911586 0.5098766 0.4668804 0.523096 0.47979715
clock 0.47380674 0.45533308 0.43453637 0.52470636 0.4606547
cake 0.45881128 0.47975585 0.37786478 0.53048986 0.42367703
microwave 0.4502795 0.71319354 0.8164517 0.9940673 0.9994131
spoon 0.39165246 0.34950265 0.5765567 0.36454403 0.58958876
cake 0.38657448 0.5430649 0.32720566 0.56579596 0.35042346
couch 0.35876605 0.7167035 0.00011240132 0.9159451 0.05964116
spoon 0.31210944 0.53173316 0.70081246 0.553586 0.7392696
spoon 0.3116977 0.33758444 0.6367586 0.36245477 0.65445775
spoon 0.31122953 0.52536416 0.41425088 0.55373794 0.48889259
