cake 0.96706647 0.5967916 0.050731875 0.80925465 0.20122516
wine glass 0.727508 0.60778755 0.3396048 0.6420566 0.3725708
wine glass 0.71902233 0.46344814 0.6231173 0.48339155 0.63981164
spoon 0.6056365 0.56842494 0.7954778 0.58935934 0.83509
spoon 0.60305876 0.42154136 0.63153046 0.43445295 0.64590055
spoon 0.55643 0.6011845 0.46212572 0.63103426 0.4962508
spoon 0.543723 0.5997818 0.4926648 0.6380607 0.5263661
wine glass 0.505352 0.4164193 0.6179254 0.43488982 0.6288245
wine glass 0.45079032 0.5648868 0.6546088 0.5889235 0.67185146
wine glass 0.45000085 0.46413296 0.645088 0.4821957 0.6573251
toaster 0.43820137 0.58742017 0.68774724 0.5970971 0.80065703
wine glass 0.40343943 0.46509436 0.65656793 0.4822339 0.66567826
couch 0.39815807 0.5358309 0.15599439 0.7455733 0.23814708
spoon 0.38378203 0.418264 0.44617715 0.4342781 0.46733668
couch 0.38257405 0.5207799 0.58645207 0.62510365 0.66739935
spoon 0.3818102 0.35081944 0.6229973 0.3785226 0.64815533
clock 0.37710932 0.57106614 0.59733754 0.6161904 0.6264278
spoon 0.37525406 0.4200193 0.6482041 0.4343754 0.6690668
spoon 0.3668547 0.4164193 0.6179254 0.43488982 0.6288245
sink 0.3347581 0.37749416 0.27658978 0.6338839 0.40056035
wine glass 0.30870473 0.35081944 0.6229973 0.3785226 0.64815533
