microwave 0.9241527 0.47037503 0.42559272 0.58065397 0.56147444
toaster 0.86384076 0.53810406 0.08463389 0.59328324 0.24007204
spoon 0.85504013 0.5780733 0.67404354 0.67834836 0.79295826
sink 0.8378285 0.3139722 0.6513937 0.60694385 0.7903555
tennis racket 0.5933009 0.43905476 0.3709052 0.49968937 0.3816389
tennis racket 0.56858826 0.44446707 0.38116246 0.4975076 0.38897467
spoon 0.4759414 0.3749581 0.12916648 0.40784827 0.15440679
spoon 0.46266237 0.38301808 0.06588276 0.40926114 0.12015249
spoon 0.41810983 0.5727628 0.0 0.6493477 0.035799168
spoon 0.41424438 0.38851514 0.06560983 0.41060594 0.09697352
spoon 0.38269842 0.200292 0.57396024 0.30980712 0.65095717
wine glass 0.3082789 0.3929509 0.046058122 0.40929645 0.054074
