cake 0.876648 0.5674477 0.64227295 0.79931825 0.73800004
cake 0.8143115 0.5480406 0.82841337 0.7365982 0.89611864
cake 0.78404605 0.55736476 0.7818954 0.7531028 0.8533921
cake 0.7300192 0.55877197 0.72132534 0.77428806 0.79765123
tennis racket 0.69632035 0.4623417 0.5071728 0.5410559 0.52167535
tennis racket 0.60641265 0.4621065 0.49497363 0.5376394 0.5089618
sink 0.5977796 0.3842597 0.670787 0.53276587 0.73310435
clock 0.5428373 0.4974168 0.12680903 0.53540075 0.14197078
spoon 0.45385975 0.5216046 0.4225655 0.5360759 0.44849637
toaster 0.3847869 0.53291947 0.038358778 0.5450576 0.07535568
spoon 0.37781656 0.58011144 0.8836419 0.6112483 0.9405157
couch 0.35486898 0.5582836 0.8840601 0.6098766 0.9406435
