tennis racket 0.7544381 0.45468044 0.45663264 0.54765934 0.48006245
cake 0.73980427 0.6359105 0.4242165 0.9532714 0.5644915
microwave 0.621163 0.48007318 0.26114878 0.53001827 0.43681803
wine glass 0.6090031 0.2972093 0.14627726 0.32352665 0.16209958
toaster 0.5611428 0.47384143 0.7900273 0.4986427 0.86939543
microwave 0.5206194 0.5118468 0.85013264 0.7035042 0.95705205
wine glass 0.5037863 0.3005072 0.20619586 0.32666993 0.22173408
clock 0.48125187 0.43981764 0.68937737 0.48357046 0.7054319
couch 0.47368377 0.42960897 0.96477747 0.51308984 1.0
bowl 0.45599014 0.5006481 0.50513893 0.5223689 0.5302351
spoon 0.43235368 0.496612 0.9613932 0.51139736 0.98908657
bowl 0.41401565 0.49565458 0.66186905 0.51797235 0.67624044
couch 0.35745537 0.40102217 0.964831 0.5119988 1.0
bowl 0.33719066 0.5006116 0.49184796 0.52087796 0.510063
bowl 0.327791 0.4851876 0.52638036 0.52342564 0.5637943
bowl 0.3008318 0.49797064 0.67410684 0.521731 0.7032927
