cake 0.9585109 0.63354915 0.6142283 0.99873674 0.8268681
cake 0.94107807 0.5752728 0.80221117 1.0 0.97438955
wine glass 0.7046025 0.5173726 0.8569885 0.5690238 0.8908331
tennis racket 0.69129014 0.47442055 0.62814766 0.53127086 0.63899356
microwave 0.67963505 0.5146763 0.46932524 0.63985294 0.5734257
wine glass 0.65592474 0.5507703 0.7228098 0.59356385 0.74807274
wine glass 0.6352291 0.5493823 0.6974191 0.59371966 0.7235132
wine glass 0.63260794 0.52384585 0.834988 0.56296146 0.85758984
wine glass 0.62873715 0.55188435 0.7452802 0.59481335 0.775147
toaster 0.54818004 0.53812957 0.032121517 0.57475764 0.1613361
spoon 0.50539356 0.55934024 0.7773026 0.59269875 0.82236755
spoon 0.45341015 0.49202004 0.26656675 0.5258058 0.3051585
tennis racket 0.4257576 0.3738893 0.46966526 0.41398928 0.477801
tennis racket 0.42007142 0.4549609 0.62141174 0.5237679 0.63181907
wine glass 0.41789672 0.29483527 0.8610277 0.31768325 0.86923206
cake 0.38095444 0.5487357 0.9560697 0.89334875 1.0
wine glass 0.3646262 0.2950276 0.622831 0.33724084 0.6390127
spoon 0.35791907 0.21407974 0.47134155 0.24627662 0.4880334
tennis racket 0.35035586 0.47040468 0.64064586 0.533806 0.65184844
wine glass 0.3027748 0.2513722 0.62154406 0.27760965 0.6316716
