clock 0.8209865 0.5438306 0.3785046 0.6168287 0.4200147
cake 0.805796 0.6958353 0.12424861 0.99952227 0.30267328
wine glass 0.7108545 0.55941546 0.86487705 0.59178007 0.8893381
wine glass 0.6865341 0.5644892 0.82471764 0.59762305 0.8484322
cell phone 0.6785007 0.38913137 0.36940676 0.43657905 0.41004312
wine glass 0.5986993 0.56249416 0.7977768 0.5949446 0.825058
tennis racket 0.5677815 0.4968042 0.4702524 0.53207564 0.47650844
cake 0.5571748 0.6549816 0.096675076 0.8973062 0.19555897
spoon 0.55581856 0.5300607 0.5104707 0.54641306 0.5499206
banana 0.51273346 0.591543 0.32553694 0.6112164 0.34186003
tennis racket 0.46312582 0.51653033 0.8372005 0.5919485 0.86402977
banana 0.46150294 0.5921271 0.30416495 0.61218476 0.32532936
microwave 0.45372918 0.37691924 0.11515041 0.521455 0.21743904
cell phone 0.41320562 0.3942243 0.3692263 0.4300575 0.39247695
tennis racket 0.37764558 0.49934274 0.4831172 0.5332557 0.49120006
microwave 0.35026187 0.5251567 0.53987837 0.5810163 0.7134439
toaster 0.34210646 0.56864786 0.32887778 0.59464276 0.37699452
tennis racket 0.33581296 0.50218236 0.49322367 0.5363381 0.50382954
