cake 0.9057536 0.62148106 0.53934014 0.9642806 0.6692271
microwave 0.8168159 0.5603839 0.18140468 0.7916281 0.24331671
couch 0.77035576 0.49206725 0.46893573 0.60108346 0.60446143
toaster 0.6009989 0.5487011 0.37719318 0.5915328 0.44923243
clock 0.5338629 0.5251849 0.8537045 0.57308954 0.87076277
couch 0.40060785 0.1438222 0.8863988 0.17996135 0.9162979
couch 0.39791068 0.36195704 0.8614681 0.40523863 0.9008235
sink 0.37516615 0.265197 0.041263424 0.92364174 0.18813136
tennis racket 0.34634382 0.47637832 0.31068036 0.53842974 0.33275625
cake 0.3307675 0.6123548 0.54095334 0.75122374 0.6741223
couch 0.3236689 0.48960245 0.83142734 0.57362455 0.8823254
