spoon 0.8453687 0.2541598 0.4887918 0.30175257 0.60695887
couch 0.80291533 0.51668507 0.45971856 0.5791808 0.53645253
wine glass 0.75346667 0.40425304 0.7244459 0.42693636 0.7817947
clock 0.7391816 0.55492663 0.69760543 0.60036063 0.7534394
spoon 0.7378333 0.26767653 0.704219 0.29900175 0.7811834
microwave 0.7348145 0.5209135 0.14178656 0.65562856 0.40283075
spoon 0.7207586 0.34746572 0.7174383 0.37713537 0.799138
spoon 0.64269507 0.28234082 0.8084195 0.2992156 0.86787844
wine glass 0.5881093 0.40416852 0.7890611 0.42724028 0.8427271
wine glass 0.580326 0.4261215 0.79515904 0.44304672 0.84639776
spoon 0.577958 0.35307235 0.4794044 0.3606575 0.5302853
wine glass 0.5563362 0.42463315 0.73325163 0.44393665 0.789735
couch 0.5527589 0.5130371 0.66813153 0.6003543 0.77257174
spoon 0.54135257 0.3421146 0.57371366 0.3573294 0.6237082
spoon 0.5224723 0.35984707 0.56729925 0.3769858 0.6228663
spoon 0.51769793 0.34094658 0.48066744 0.35119507 0.5303412
spoon 0.5154234 0.15046637 0.74583465 0.18070187 0.8248817
spoon 0.51305455 0.36015084 0.47710183 0.37669018 0.5315857
spoon 0.5017385 0.2710394 0.80948067 0.28418604 0.86845934
wine glass 0.48783672 0.4299604 0.5144395 0.44324592 0.5336605
knife 0.44333723 0.49275202 0.1221906 0.50868076 0.13471165
tennis racket 0.44233635 0.6848545 0.70243865 0.7546555 0.72143066
wine glass 0.43947428 0.35641214 0.8110063 0.3764325 0.85476637
knife 0.43109939 0.4928802 0.100470655 0.5048499 0.1229838
spoon 0.4260084 0.42707965 0.56002796 0.4434171 0.6395133
tennis racket 0.41326424 0.69278556 0.74749595 0.7562049 0.781005
tennis racket 0.38299122 0.6799486 0.71750563 0.7544525 0.754923
wine glass 0.3809054 0.42914456 0.47098336 0.44298095 0.49526706
tennis racket 0.3592776 0.77140325 0.77953404 0.8192298 0.81114894
wine glass 0.34981158 0.35312665 0.84994 0.3769688 0.89895856
tennis racket 0.34725964 0.7679921 0.7043508 0.8148419 0.7196607
knife 0.34164095 0.4976918 0.15180098 0.50962406 0.15833429
spoon 0.338858 0.35887787 0.8118953 0.37683377 0.85347277
knife 0.33251724 0.49286494 0.13705656 0.50858074 0.15036671
wine glass 0.3201088 0.55492663 0.69760543 0.60036063 0.7534394
