toaster 0.87425417 0.6689538 0.188286 0.7198412 0.3135975
chair 0.8172458 0.53578544 0.37643573 0.6263716 0.5172255
banana 0.7505953 0.64122003 0.41701314 0.68595755 0.4465007
couch 0.71071225 0.49917126 0.015118808 0.5709185 0.07448014
couch 0.69867367 0.5212069 0.5431711 0.5747503 0.5755673
clock 0.6709869 0.53632313 0.63661164 0.5915572 0.6617009
bowl 0.6655429 0.61891896 0.4054092 0.643863 0.42054263
toaster 0.64168715 0.59858614 0.7038739 0.65193576 0.88635004
couch 0.60098004 0.5430788 0.18291058 0.6332789 0.24891584
clock 0.6008937 0.5934844 0.20329872 0.63017863 0.2302514
chair 0.58932877 0.5226382 0.13938397 0.5740832 0.27038905
banana 0.50888455 0.6209869 0.37985998 0.68554115 0.41996896
clock 0.46413967 0.54849076 0.035577778 0.56977123 0.04920366
banana 0.45463663 0.6505545 0.38918972 0.68878096 0.4165219
wine glass 0.43868122 0.5013539 0.73989844 0.55059344 0.7697053
wine glass 0.42029113 0.3331536 0.98169196 0.3631027 0.9980426
couch 0.3890909 0.48123807 0.12608722 0.51113653 0.1655041
microwave 0.385459 0.82143545 0.9582681 0.9990692 1.0
wine glass 0.38543695 0.33308777 0.9722553 0.36439586 0.9832223
banana 0.36789545 0.61926717 0.38291478 0.6869244 0.44909298
