microwave 0.90876853 0.6558351 0.4376487 0.9139716 0.69237274
clock 0.75929934 0.6847249 0.117193334 0.76195323 0.15763879
spoon 0.6890034 0.46118674 0.0003986694 0.5047384 0.055513125
tennis racket 0.6659146 0.5845421 0.5182446 0.6544245 0.531361
spoon 0.6494875 0.15206069 0.0 0.2390449 0.0718211
spoon 0.6399848 0.28277728 0.12407157 0.31508383 0.15124658
spoon 0.6030564 0.4652421 0.04439161 0.5089656 0.08563491
toaster 0.56867325 0.709942 0.16289872 0.74527186 0.3241357
tennis racket 0.47313908 0.6303297 0.19395468 0.69254607 0.21048239
tennis racket 0.46757445 0.5890403 0.5306535 0.6532576 0.540712
couch 0.4664691 0.5879773 0.083881095 0.76194066 0.19375415
spoon 0.4642821 0.24160449 0.076830015 0.27809396 0.1077597
sink 0.44263318 0.24091797 0.793332 0.9941543 0.89067924
spoon 0.39456952 0.21978886 0.05216799 0.25863296 0.08223092
cell phone 0.38859478 0.5402347 0.7766277 0.69533247 0.80338913
spoon 0.3722332 0.26782498 0.102356575 0.29284507 0.12663122
tennis racket 0.3601589 0.62297136 0.17691156 0.6953406 0.19458947
tennis racket 0.3180129 0.62293065 0.17653455 0.7265789 0.1964354
spoon 0.313223 0.6143662 0.57297593 0.66124123 0.6474355
