sink 0.9286581 0.34318683 0.42147425 0.656313 0.51992303
cake 0.88519245 0.74394727 0.045341328 0.98230594 0.17828307
couch 0.8612289 0.48977625 0.60030913 0.59501433 0.6763818
microwave 0.84335047 0.58664054 0.6182636 0.98888385 0.8469658
couch 0.7886464 0.52923006 0.2208459 0.6262654 0.28131714
cake 0.67205864 0.77406025 0.08926345 0.9999381 0.22691646
cake 0.6583144 0.8101268 0.15554178 0.9997524 0.2641998
couch 0.613764 0.6159524 0.040235452 0.6656286 0.07989959
clock 0.3767306 0.5456604 0.6143691 0.5928912 0.65550405
couch 0.37587255 0.4782637 0.59758437 0.5797758 0.6393795
