cake 0.91366136 0.63811755 0.10062128 1.0 0.24654222
tennis racket 0.7257248 0.5228503 0.29892528 0.62040436 0.32141602
clock 0.696781 0.43003187 0.3478984 0.46929368 0.3608366
cake 0.6933732 0.5231224 0.81760365 0.6996614 0.8969498
cake 0.6627703 0.5762937 0.05794578 0.9775393 0.12524095
microwave 0.5877919 0.31942612 0.5502514 0.70516497 0.64060456
wine glass 0.58367324 0.5474506 0.32239857 0.61834097 0.3434355
cake 0.56061256 0.5376308 0.015748572 0.8636523 0.059952434
couch 0.5394075 0.3605119 0.32249463 0.47125283 0.3845868
clock 0.51425314 0.46763295 0.8496133 0.5149995 0.86743224
banana 0.5034327 0.49614158 0.16584238 0.5182081 0.1802558
banana 0.49381307 0.4953574 0.13761827 0.5284817 0.1950199
banana 0.40789577 0.50248986 0.14829302 0.52301705 0.16220626
cake 0.3825106 0.550176 0.020404197 0.825501 0.13072833
cake 0.3716378 0.5859674 0.92240065 0.7041089 0.9783662
banana 0.35123992 0.5158784 0.16691934 0.5244642 0.1898465
toaster 0.34023985 0.5222997 0.30067548 0.57089084 0.3216037
wine glass 0.33648682 0.5242033 0.21161991 0.5757554 0.22910863
microwave 0.3194932 0.520607 0.5510928 0.7036686 0.6408283
cake 0.3191408 0.51995295 0.92822534 0.6032046 0.98142725
couch 0.31571728 0.4861047 0.19758423 0.5241457 0.21139468
