spoon 0.9185347 0.48056605 0.7248381 0.53448606 0.81795186
cake 0.8454645 0.45390385 0.04742474 0.6378522 0.11109804
couch 0.79761654 0.29033265 0.2716655 0.46708274 0.34240597
clock 0.74883604 0.39422265 0.29143822 0.46355015 0.33169705
cake 0.69906366 0.58442926 0.8650434 0.91203004 0.99840426
couch 0.6297298 0.35824212 0.08926249 0.41644675 0.13319916
spoon 0.61386335 0.36310956 0.42509326 0.40030515 0.46852097
tennis racket 0.55437016 0.35785925 0.8058495 0.4271483 0.8230559
spoon 0.5361192 0.4626229 0.62618273 0.50590575 0.7199554
sandwich 0.5173465 0.45067376 0.63218504 0.47340423 0.71448797
tennis racket 0.49724934 0.35787576 0.82880265 0.4261712 0.8458733
cake 0.46349454 0.6323559 0.8045501 0.99484736 0.9573619
microwave 0.45522794 0.38730893 0.5615107 0.42436108 0.7305943
cake 0.40137658 0.42813113 0.0 0.5962969 0.064828515
couch 0.33752763 0.37265685 0.4693954 0.3953151 0.50577354
clock 0.33477542 0.39352056 0.097309925 0.41751733 0.11859677
banana 0.3053103 0.45067376 0.63218504 0.47340423 0.71448797
