microwave 0.66700554 0.50366634 0.7317226 0.8787381 0.86669374
wine glass 0.605663 0.4236039 0.67643267 0.4422238 0.68818396
tennis racket 0.57098365 0.31054172 0.6661229 0.34613612 0.6750331
wine glass 0.5674558 0.47184834 0.66924256 0.48933753 0.6795636
tennis racket 0.55642146 0.31131473 0.6762241 0.34621808 0.68613756
spoon 0.48890042 0.36892042 0.67236596 0.39075482 0.68805736
cake 0.45958832 0.4879652 0.15989761 0.5205288 0.19793461
spoon 0.45830512 0.369698 0.523046 0.3927666 0.5403724
wine glass 0.4577998 0.42117447 0.690202 0.44072267 0.69922996
spoon 0.44030795 0.49738538 0.12477691 0.5244084 0.16157441
toaster 0.42338455 0.5465644 0.54503775 0.58214325 0.62203085
tennis racket 0.41604 0.31153163 0.687288 0.3460194 0.69743615
wine glass 0.39699224 0.369698 0.523046 0.3927666 0.5403724
cake 0.3860612 0.49175674 0.18499783 0.5285312 0.22699866
wine glass 0.38191417 0.47066674 0.68308455 0.49091592 0.69529754
cake 0.3523 0.47587186 0.00013027759 0.57623404 0.013696194
tennis racket 0.3521281 0.3114562 0.526523 0.3460372 0.53748393
couch 0.34630063 0.47498742 0.22763918 0.5297901 0.24592055
cake 0.34136322 0.5184946 0.0065721963 0.56768453 0.051570438
toaster 0.3409895 0.55659986 0.149114 0.57968354 0.22920586
microwave 0.32155767 0.50280863 0.73159504 0.62815344 0.8671874
wine glass 0.3151383 0.4115281 0.52419347 0.44365534 0.5401283
cake 0.31204134 0.4834873 0.025967032 0.5556519 0.07815675
parking meter 0.3079054 0.5184946 0.0065721963 0.56768453 0.051570438
couch 0.30729958 0.46429276 0.07585553 0.5286185 0.109181605
tennis racket 0.30069685 0.31054324 0.51493835 0.34641966 0.52563
cake 0.300514 0.5154173 0.05626467 0.55575854 0.10249078
