sink 0.95577 0.38570836 0.72612906 0.8175357 0.9032804
cake 0.92846715 0.6464961 0.6535573 0.9983758 0.8022764
cake 0.91391754 0.66151303 0.46994495 0.99442786 0.6128347
clock 0.79010993 0.52468413 0.6278185 0.6421742 0.6633977
clock 0.7417304 0.13523549 0.863336 0.21253593 0.89621073
couch 0.7039348 0.5158294 0.9362265 0.7991968 0.98910534
spoon 0.686053 0.41843665 0.19001728 0.4291675 0.21127015
spoon 0.64385146 0.40840578 0.1908163 0.41513607 0.21105795
wine glass 0.6353543 0.6048631 0.3538549 0.6304667 0.38154554
clock 0.59040695 0.16074762 0.82208645 0.21795535 0.87095773
spoon 0.582761 0.41425702 0.23388135 0.43061104 0.26909316
clock 0.57475054 0.54887456 0.25799674 0.57621926 0.27032804
toaster 0.57033575 0.57336295 0.1092057 0.6608879 0.2607703
couch 0.5645896 0.48480898 0.24067824 0.5741479 0.28736377
spoon 0.5456349 0.5393307 0.32741314 0.5627142 0.36565477
spoon 0.542965 0.40068653 0.15522394 0.41327414 0.19048238
sandwich 0.5418371 0.60662836 0.47733673 0.62752056 0.49453858
cake 0.5099659 0.6526971 0.32098177 0.9713784 0.47182545
couch 0.5098126 0.3227708 0.5626836 0.64533406 0.7466768
spoon 0.48426723 0.39589676 0.18936455 0.4046318 0.20999992
spoon 0.48283392 0.4182204 0.15535751 0.4296486 0.19069645
tennis racket 0.46984115 0.5511914 0.12813216 0.5884946 0.14111462
clock 0.4519454 0.19899844 0.1229558 0.23781021 0.15251052
couch 0.44977534 0.14572355 0.12255229 0.23626024 0.15393792
spoon 0.44368064 0.337803 0.23842955 0.35677853 0.267152
wine glass 0.42278802 0.6014967 0.3781898 0.62460226 0.39340454
wine glass 0.41193637 0.60085326 0.3781498 0.62600607 0.40516806
sandwich 0.4060027 0.5857479 0.4734435 0.60956436 0.48909652
microwave 0.40213868 0.55771816 0.3896193 0.5990038 0.49642718
wine glass 0.40157562 0.38569954 0.1731371 0.40306354 0.18837428
spoon 0.4009429 0.601448 0.41139165 0.62066627 0.43334618
clock 0.39395624 0.7256889 0.9398153 0.7980458 0.98674345
banana 0.3924807 0.60662836 0.47733673 0.62752056 0.49453858
sandwich 0.39178422 0.60594296 0.461572 0.627071 0.4784668
tennis racket 0.38523713 0.27849936 0.13805977 0.33760032 0.15287146
spoon 0.3823897 0.41600567 0.210936 0.42883322 0.23553626
tennis racket 0.38114947 0.4717365 0.106341176 0.5020858 0.11327378
couch 0.37905607 0.16427198 0.15709081 0.2515535 0.20584399
banana 0.37162757 0.58671063 0.47304517 0.6110141 0.48971182
spoon 0.3694169 0.38569954 0.1731371 0.40306354 0.18837428
sandwich 0.36620626 0.6037753 0.4448773 0.62769717 0.4632295
couch 0.36125663 0.14486082 0.12543797 0.2492666 0.20600376
spoon 0.35496974 0.32134756 0.23186745 0.33586696 0.26410607
clock 0.33972588 0.23639953 0.18200512 0.2647516 0.20698257
banana 0.33097804 0.60117114 0.46113598 0.6258083 0.47890925
sandwich 0.32195467 0.6061285 0.4913734 0.62571716 0.5045758
spoon 0.3146579 0.60085326 0.3781498 0.62600607 0.40516806
wine glass 0.31237292 0.40840578 0.1908163 0.41513607 0.21105795
tennis racket 0.3089824 0.53457355 0.5250465 0.56815726 0.54215676
clock 0.3072485 0.21149357 0.14968133 0.24777284 0.16681659
knife 0.30463934 0.49959716 0.40168792 0.5278566 0.4203384
spoon 0.30435258 0.15908505 0.75142246 0.22419484 0.82121164
spoon 0.30270472 0.3123186 0.1611544 0.34536698 0.20384957
spoon 0.3024271 0.40191662 0.21981415 0.41484305 0.24369404
