cake 0.96925807 0.5776317 0.6679915 0.96523434 0.86778903
cake 0.9605296 0.57782805 0.46697813 0.96563077 0.6465687
cake 0.95188874 0.58114153 0.24264783 0.9705713 0.4239958
cake 0.9121476 0.5766763 0.018884271 0.9643318 0.23407829
sink 0.8063447 0.240584 0.666344 0.48203954 0.82198256
clock 0.65094304 0.35182503 0.14105484 0.44081923 0.17479137
cake 0.56800926 0.4295978 0.9535909 0.5437031 0.9815262
spoon 0.563075 0.45671037 0.71143353 0.5144427 0.8163308
spoon 0.54690766 0.40491 0.58208084 0.4415749 0.642102
microwave 0.546312 0.424075 0.3766507 0.47966707 0.54185
couch 0.47932371 0.21156327 0.09918456 0.44366345 0.21656953
spoon 0.4528333 0.47958308 0.7090066 0.5156863 0.8180844
spoon 0.4456945 0.4771363 0.14028315 0.50780696 0.21730559
knife 0.35184428 0.39179477 0.6154212 0.40859938 0.6330955
