cake 0.94589627 0.624938 0.34792778 0.93737006 0.4613972
cake 0.94143903 0.6261633 0.49748957 0.93463653 0.6097324
cake 0.93588704 0.62387216 0.63678944 0.9294674 0.7588564
cake 0.92863655 0.6236163 0.17224976 0.9537087 0.31496498
cake 0.92183965 0.62380576 0.76156646 0.9304657 0.90004665
tennis racket 0.636171 0.5268733 0.84044623 0.5583611 0.84883785
tennis racket 0.5741382 0.52590126 0.84994596 0.55909854 0.8596682
clock 0.5736359 0.5202107 0.37260336 0.5863914 0.39066583
cake 0.49724945 0.57541156 0.92672276 0.80069965 0.99952185
spoon 0.43318748 0.5687285 0.68050045 0.594941 0.7853541
tennis racket 0.42369944 0.43787095 0.12927336 0.47420904 0.14203507
couch 0.39978176 0.31278208 0.11198876 0.3628851 0.1433273
tennis racket 0.34432846 0.53212285 0.017545614 0.5760921 0.031590726
tennis racket 0.33898532 0.5284513 0.003044542 0.5774512 0.018141564
tennis racket 0.3253492 0.50300205 0.17146513 0.5675753 0.1898289
wine glass 0.32288635 0.46533194 0.094984114 0.4912717 0.10517505
spoon 0.30803755 0.5515936 0.69730055 0.57516736 0.77636373
banana 0.30293286 0.5515936 0.69730055 0.57516736 0.77636373
