toaster 0.8140611 0.6436765 0.004183188 0.989757 0.42900115
spoon 0.8005372 0.24588497 0.15308595 0.2894508 0.20166838
spoon 0.73926866 0.2385301 0.09535731 0.2872502 0.15314907
spoon 0.60249215 0.25033504 0.2045855 0.2869455 0.24541312
wine glass 0.45954016 0.24056688 0.5373084 0.28229487 0.5574936
sandwich 0.4473012 0.44300222 0.8598317 0.46286395 0.8776463
wine glass 0.37268248 0.23169205 0.98121846 0.28011888 0.9989933
wine glass 0.37246773 0.22951296 0.9450775 0.27993307 0.97031075
sandwich 0.35727462 0.4210999 0.8360212 0.46459973 0.896798
wine glass 0.3551551 0.23672678 0.57833266 0.2843259 0.6030309
sandwich 0.3541112 0.4415371 0.8444133 0.4616605 0.8624053
wine glass 0.34255895 0.25033504 0.2045855 0.2869455 0.24541312
banana 0.30269018 0.42109972 0.8355691 0.4653806 0.90004724
