sandwich 0.6900222 0.58468586 0.8150858 0.60485846 0.8400328
toaster 0.6895555 0.5855828 0.43513805 0.6212689 0.6590699
spoon 0.5898436 0.38582414 0.3449945 0.40062225 0.36880192
wine glass 0.5814499 0.40055123 0.8204561 0.4521481 0.84471524
wine glass 0.575803 0.40121156 0.78824055 0.4519046 0.8157683
spoon 0.56770915 0.24753143 0.7983824 0.27315196 0.8460963
spoon 0.54674584 0.43456462 0.34744653 0.4451507 0.36822087
sandwich 0.5457421 0.60034263 0.88415074 0.62696433 0.8982783
spoon 0.5263783 0.37352797 0.34498093 0.3824233 0.36865956
sandwich 0.5044589 0.5924055 0.786094 0.60646814 0.8048291
spoon 0.49017397 0.3273365 0.35060996 0.3388747 0.3695837
spoon 0.44493902 0.37114155 0.41488352 0.39731985 0.43089232
spoon 0.4063567 0.3180526 0.35649022 0.32651353 0.36860907
banana 0.39361832 0.58468586 0.8150858 0.60485846 0.8400328
sandwich 0.35712776 0.591378 0.7674527 0.6072724 0.78882474
spoon 0.3550103 0.31741592 0.42114726 0.3278468 0.4312851
spoon 0.35338074 0.37114224 0.39223033 0.39743218 0.41808006
spoon 0.34192798 0.32796484 0.3495484 0.3383746 0.4174287
spoon 0.32530773 0.31809056 0.35446116 0.32606626 0.41333753
tennis racket 0.3165507 0.5125574 0.8751987 0.6006917 0.8981765
