cake 0.9231083 0.5393243 0.08140481 0.8030892 0.23477104
cake 0.8732244 0.5625161 0.18824753 0.8665561 0.3542414
cake 0.85169965 0.5789991 0.3236043 0.9406524 0.5232121
couch 0.7387164 0.34397706 0.41825828 0.4612229 0.53052914
microwave 0.73366976 0.4241199 0.5668682 0.5614498 0.68657637
toaster 0.69534653 0.4355522 0.7652292 0.49827394 0.864841
tennis racket 0.63147455 0.388111 0.24197838 0.43407467 0.25363588
tennis racket 0.5960316 0.38105422 0.21044895 0.4350403 0.22162518
couch 0.5531724 0.35090718 0.8791947 0.43727645 0.9679629
tennis racket 0.52471346 0.38595107 0.23015322 0.43027115 0.24249853
clock 0.508561 0.4026391 0.9067419 0.43839324 0.9401147
clock 0.49548802 0.41045496 0.7612577 0.42953345 0.7824741
wine glass 0.45393145 0.22695798 0.086099476 0.24935812 0.11017123
tennis racket 0.42825434 0.38726756 0.19857833 0.43473184 0.21007389
tennis racket 0.42092928 0.38044393 0.56600666 0.39876455 0.5701791
toaster 0.40072787 0.43876705 0.09312783 0.449038 0.16004945
wine glass 0.40016195 0.23062383 0.1097918 0.25543103 0.12858826
wine glass 0.3989725 0.28778845 0.21078636 0.30638278 0.22384305
tennis racket 0.39061964 0.3836951 0.22021745 0.43401983 0.23111181
tennis racket 0.3817338 0.38405028 0.5741614 0.41351292 0.5843898
wine glass 0.36976168 0.2856155 0.10512845 0.30043498 0.12784755
wine glass 0.36850676 0.1942675 0.0263008 0.23700564 0.040424872
tennis racket 0.36653775 0.38534635 0.56455183 0.41184634 0.57146084
tennis racket 0.3574611 0.38390866 0.5579451 0.42075154 0.5655492
sandwich 0.35723817 0.45612314 0.32105163 0.47188205 0.34458634
wine glass 0.35510817 0.2909035 0.22618625 0.30799165 0.23832637
wine glass 0.3442966 0.24992809 0.2148866 0.26968446 0.22476426
wine glass 0.3234012 0.2562572 0.22748789 0.2711989 0.23899037
wine glass 0.32132846 0.31393445 0.03194638 0.3430709 0.04085752
tennis racket 0.30434328 0.38137257 0.5591519 0.3991372 0.5641489
