microwave 0.9653387 0.40960422 0.14633694 0.6074669 0.34977934
cake 0.9286168 0.81150186 0.0007778704 0.9938308 0.2544411
clock 0.8760727 0.5664077 0.054680027 0.7177748 0.11132727
banana 0.7883781 0.5425068 0.39940643 0.60423934 0.4691015
toaster 0.7685214 0.43943906 0.7238656 0.47785026 0.91412187
spoon 0.6779196 0.59287703 0.4030822 0.6432084 0.46986097
spoon 0.6571984 0.40501645 0.61392885 0.42086357 0.6312608
spoon 0.58914775 0.38979602 0.61398506 0.4030645 0.63228536
banana 0.53256977 0.5278075 0.4459726 0.6146152 0.5089714
spoon 0.46973935 0.5597155 0.46620876 0.61372256 0.5083202
spoon 0.46046412 0.37942734 0.6153241 0.3927399 0.63706225
spoon 0.41725862 0.3998139 0.63097495 0.42434707 0.6669659
cake 0.3644201 0.5588361 0.10621968 0.6165928 0.16548502
