spoon 0.7684219 0.31647253 0.44259793 0.34496516 0.47477454
spoon 0.7349389 0.20969495 0.40424013 0.25179127 0.45006096
tennis racket 0.7220205 0.4751885 0.21024802 0.5799401 0.22987881
couch 0.7027543 0.48802453 0.8292519 0.56688744 0.88730085
wine glass 0.665696 0.38810754 0.16658023 0.40546486 0.18168503
cake 0.6601153 0.70081866 0.74549437 0.9955689 0.89262664
wine glass 0.6534778 0.3850525 0.18002559 0.4066133 0.1990908
spoon 0.6313785 0.17741202 0.1764946 0.20035832 0.21301535
tennis racket 0.6035491 0.48428732 0.22853523 0.57983756 0.24344394
spoon 0.58675396 0.23607573 0.46142069 0.2621876 0.5013412
microwave 0.5772916 0.54862016 0.25648215 0.6373419 0.45055124
spoon 0.57653457 0.16468629 0.11683214 0.19455004 0.17552894
clock 0.57296103 0.5293598 0.8425617 0.56862706 0.8696071
spoon 0.5617385 0.27194086 0.20369989 0.31648704 0.23972964
spoon 0.5155662 0.26685768 0.16977574 0.31327692 0.20430021
spoon 0.5149378 0.3200593 0.46671832 0.3472633 0.50059694
spoon 0.50442344 0.38810754 0.16658023 0.40546486 0.18168503
wine glass 0.49338228 0.39098108 0.4257729 0.41455972 0.43808442
spoon 0.47018299 0.3850525 0.18002559 0.4066133 0.1990908
wine glass 0.45220515 0.39098236 0.40039918 0.4140033 0.41538528
spoon 0.4457143 0.32050288 0.41315338 0.3401693 0.4413245
wine glass 0.4363111 0.3921817 0.48984647 0.41826552 0.49936903
spoon 0.42367512 0.29661137 0.20323876 0.31690878 0.23960537
spoon 0.39958784 0.27715492 0.11508976 0.30558556 0.15689416
tennis racket 0.38271874 0.4709828 0.1895569 0.58325547 0.2123183
spoon 0.37895706 0.18146405 0.21995074 0.19619213 0.25910252
wine glass 0.35464558 0.39252228 0.48150072 0.41810858 0.49013278
toaster 0.34355476 0.5684931 0.70900923 0.5818641 0.7783012
spoon 0.3425553 0.2943318 0.16869369 0.3131344 0.20493633
wine glass 0.32174924 0.29419002 0.40800765 0.34008154 0.44129303
wine glass 0.32131097 0.3875053 0.43767336 0.41701275 0.44907764
spoon 0.31752625 0.19144535 0.20251687 0.20821202 0.25692272
wine glass 0.30435053 0.38653895 0.45737487 0.41720957 0.46887922
spoon 0.3003152 0.39914486 0.20089144 0.4128481 0.2578115
