cake 0.91618496 0.68511415 0.2891458 0.9191891 0.52637905
cake 0.903048 0.62038785 0.8579934 0.7184159 0.9621226
cake 0.796039 0.66617215 0.4988884 0.8451412 0.6687837
couch 0.7856502 0.4916403 0.14810988 0.6532319 0.43211514
tennis racket 0.70358294 0.56656474 0.5881737 0.5920804 0.5991572
cake 0.6041201 0.6155916 0.6239158 0.8261325 0.7875535
spoon 0.6030223 0.6140781 0.5523251 0.63212496 0.5996044
couch 0.5329607 0.60014147 0.4831678 0.631687 0.5511632
cake 0.51943094 0.61633855 0.76639783 0.7012456 0.84324974
cake 0.46192613 0.6089975 0.70945984 0.62933594 0.76967645
toaster 0.4422055 0.59043115 0.67676306 0.5948939 0.75752074
sandwich 0.44026682 0.6176883 0.32673958 0.6270511 0.35020673
clock 0.43491125 0.5824317 0.2535287 0.6321678 0.28833085
cake 0.41946137 0.6496338 0.7675846 0.78338 0.8542796
cake 0.41795444 0.6156288 0.9355416 0.71602434 0.99998975
cake 0.39156213 0.6121691 0.9318727 0.6237206 1.0
cake 0.38394308 0.6107218 0.90323424 0.62055814 0.91689503
cake 0.38090235 0.6051523 0.87214637 0.6188447 0.9057175
spoon 0.34934607 0.6260607 0.30803278 0.65189445 0.3794981
clock 0.34501868 0.5781476 0.6315951 0.59060425 0.65106946
toaster 0.31304288 0.5912592 0.46500325 0.59522504 0.49156937
sandwich 0.30972052 0.6181233 0.3386218 0.6269717 0.3703089
cake 0.301869 0.60772794 0.7096225 0.6294245 0.7482092
