cell phone 0.9143516 0.41176403 0.57642984 0.4878434 0.692682
cake 0.90007913 0.5768425 0.093018234 0.98839146 0.29358
cake 0.8398028 0.5761908 0.43825203 0.9879963 0.61973125
spoon 0.7544978 0.46369302 0.39467752 0.5524423 0.53342456
wine glass 0.619697 0.18707144 0.8984533 0.21011701 0.916845
spoon 0.47574478 0.1889307 0.76351774 0.20743193 0.7922293
wine glass 0.41038045 0.18809232 0.8810054 0.20683587 0.8979738
microwave 0.37584677 0.4136416 0.57647306 0.4894144 0.69257694
spoon 0.37036666 0.18627813 0.8553798 0.20620315 0.888553
wine glass 0.3517535 0.18107814 0.85542756 0.20603238 0.88833123
wine glass 0.30178243 0.18984778 0.87596244 0.20565787 0.8877626
