cake 0.9689753 0.5246303 0.48296598 0.99368256 0.6764803
cake 0.94200593 0.5111484 0.6579539 0.9697889 0.7836382
cake 0.9408109 0.51319396 0.75975335 0.8986098 0.85432994
microwave 0.7933207 0.52369064 0.13376886 0.80652463 0.33071578
spoon 0.79319245 0.5206988 0.50843614 0.5647255 0.5794315
couch 0.7108246 0.481413 0.412268 0.53376347 0.4563333
tennis racket 0.70735955 0.46649072 0.6850996 0.51945144 0.6954659
clock 0.68004483 0.4625329 0.57941777 0.5305963 0.6220189
tennis racket 0.5299792 0.46660608 0.6720154 0.5185489 0.6856468
clock 0.4450716 0.52102417 0.42421976 0.53562 0.44408688
couch 0.4199804 0.41303116 0.5609276 0.530177 0.63900316
orange 0.41228378 0.5352433 0.5066708 0.57980585 0.54128927
