spoon 0.970205 0.2523942 0.58058244 0.30742967 0.7331343
couch 0.84516215 0.57150626 0.034022596 0.72089124 0.28391045
wine glass 0.7104775 0.40690687 0.43357694 0.4364377 0.46257007
clock 0.6818739 0.65576285 0.1259961 0.7205269 0.20239492
wine glass 0.6270878 0.40745836 0.39984348 0.4362306 0.42975596
wine glass 0.55015576 0.24977008 0.4142766 0.3073642 0.46049818
microwave 0.522409 0.7205684 0.26075387 0.8451389 0.7793882
wine glass 0.48761678 0.2830297 0.4652855 0.30744419 0.5140376
sandwich 0.4794674 0.80962926 0.828032 0.9381817 0.9997104
sandwich 0.4325708 0.8496699 0.69169396 0.9742401 0.8827974
toaster 0.39475605 0.7226859 0.28869665 0.76502305 0.76195663
spoon 0.36921436 0.4070312 0.28237686 0.4382083 0.37069738
