cake 0.90424174 0.7887312 0.5445022 0.99710846 0.78096694
couch 0.84717584 0.47700417 0.6185808 0.5477399 0.6503793
spoon 0.8281488 0.5419879 0.39035982 0.58739734 0.4345733
couch 0.7743711 0.45380527 0.66624475 0.548056 0.6989293
couch 0.74011296 0.4801389 0.6991973 0.55383486 0.7254883
clock 0.703084 0.28073213 0.78975433 0.38450164 0.8251813
spoon 0.7009361 0.33813474 0.76479805 0.3615879 0.79215956
tennis racket 0.6906829 0.46418625 0.3591697 0.52751565 0.37009737
spoon 0.661238 0.22292012 0.80043894 0.25469467 0.82681984
tennis racket 0.5555837 0.4568812 0.34582543 0.5287628 0.35864908
spoon 0.51609075 0.2188348 0.75952125 0.25996432 0.8056307
spoon 0.5044517 0.07767064 0.76745576 0.10665041 0.796362
cake 0.47233185 0.48598006 0.00015684869 0.7260961 0.021679644
toaster 0.46678233 0.52200824 0.48188227 0.5456625 0.6164084
spoon 0.4223017 0.21868734 0.7598222 0.25992164 0.82142824
spoon 0.4059805 0.1981645 0.45011768 0.22045742 0.47366795
spoon 0.40515602 0.41516605 0.8019426 0.42967838 0.82549405
wine glass 0.39871478 0.10631859 0.6661613 0.1470626 0.71507
wine glass 0.37886265 0.19543995 0.35715115 0.22380245 0.38601613
spoon 0.37291965 0.068762325 0.79283357 0.100240126 0.82675004
spoon 0.35773817 0.43529728 0.8009861 0.4514086 0.8263207
cake 0.35511184 0.7489451 0.30036354 1.0 0.49439436
spoon 0.35083953 0.534042 0.37330946 0.57684374 0.4111927
spoon 0.3431416 0.36057323 0.75672513 0.36993632 0.788354
wine glass 0.33486214 0.33813474 0.76479805 0.3615879 0.79215956
tennis racket 0.332802 0.46424997 0.32865977 0.524335 0.33982158
wine glass 0.32462522 0.41516605 0.8019426 0.42967838 0.82549405
spoon 0.3073841 0.51072836 0.27616036 0.52570075 0.3351615
