cake 0.93875515 0.5295755 0.7270849 0.9878541 0.95648754
cake 0.8652787 0.5756082 0.5317688 0.7176413 0.61380696
cake 0.8402039 0.5833026 0.3957163 0.7449264 0.4924829
cake 0.8248232 0.4950462 0.6786796 0.6089325 0.77940714
cake 0.80480206 0.5941338 0.25159752 0.77321804 0.36112046
cake 0.73241025 0.49449885 0.8197254 0.5889117 0.8943777
clock 0.66497135 0.47913098 0.4091671 0.521092 0.43230206
couch 0.62009513 0.45807 0.86246085 0.49432337 0.8822882
spoon 0.46421817 0.44051307 0.09923874 0.49124247 0.14849009
toaster 0.41948417 0.46229345 0.57031 0.47681034 0.59740424
banana 0.40073484 0.45584005 0.12523213 0.46581513 0.1357182
wine glass 0.35138372 0.4522867 0.32833654 0.48899874 0.3494739
cake 0.32531908 0.517458 0.96552753 0.5657862 0.99971044
cake 0.3111494 0.47936687 0.9556185 0.51258534 1.0
