tennis racket 0.66027564 0.33227926 0.35910165 0.3956532 0.38328418
spoon 0.6400126 0.57573044 0.39510185 0.6259273 0.5792244
wine glass 0.6382387 0.4412908 0.08839495 0.47757745 0.11338787
wine glass 0.6290971 0.270707 0.64704156 0.31794637 0.69005895
wine glass 0.56748664 0.37112126 0.4633047 0.3963441 0.48873875
wine glass 0.56127566 0.43891484 0.06390053 0.4771241 0.09127717
tennis racket 0.5553961 0.3575148 0.65026003 0.39542514 0.6847584
cell phone 0.5435949 0.4542762 0.79766464 0.52782834 0.84336215
tennis racket 0.541787 0.35671744 0.68271565 0.39572087 0.72044903
wine glass 0.5403884 0.3715685 0.43795162 0.39612108 0.46322617
tennis racket 0.54016155 0.2737106 0.42141932 0.31709403 0.45337787
tennis racket 0.49565905 0.3571874 0.62032014 0.3950528 0.6501902
tennis racket 0.49318853 0.2725509 0.48449254 0.31672707 0.51885945
tennis racket 0.48766938 0.36008263 0.37963453 0.3956566 0.40294546
wine glass 0.45883727 0.27058637 0.6191865 0.31753278 0.65065706
wine glass 0.45509866 0.2694799 0.70765764 0.31758407 0.74324065
tennis racket 0.4507696 0.26949647 0.45086482 0.31774774 0.4881495
tennis racket 0.43345645 0.20654103 0.4161027 0.23697448 0.45032492
wine glass 0.42220896 0.34124196 0.5377731 0.38252056 0.5841316
tennis racket 0.41675493 0.20563571 0.50194776 0.2371868 0.5358073
tennis racket 0.40203106 0.20549679 0.4594041 0.23730654 0.49299967
spoon 0.39050353 0.22190803 0.0002568382 0.26587033 0.019925583
wine glass 0.38856965 0.27266896 0.6782204 0.3171488 0.70442724
