cake 0.83891237 0.5991809 0.6619504 0.904729 0.81079453
cake 0.8262371 0.63121736 0.32103655 0.9360767 0.42492482
spoon 0.81918025 0.54225916 0.7578901 0.5894807 0.8317182
cake 0.7608819 0.7271325 0.22916934 0.99837404 0.4086525
cake 0.7540795 0.57979417 0.3692226 0.80615336 0.44717452
sink 0.7539567 0.27527222 0.065303676 0.5374714 0.19631782
couch 0.751561 0.3779204 0.523212 0.43712878 0.5683159
spoon 0.6571188 0.5079969 0.19821945 0.58095247 0.31403092
sink 0.63056767 0.21847697 0.049579933 0.56242895 0.19700013
cake 0.47189194 0.43220457 0.2963229 0.49423113 0.33256695
cake 0.45530245 0.39746597 0.40292555 0.45551804 0.42199194
banana 0.4516702 0.5245989 0.7778674 0.5524704 0.80491537
clock 0.41973698 0.4149962 0.5346184 0.43727466 0.5491611
cake 0.3972612 0.8889324 0.11914752 0.99861705 0.32161123
couch 0.3845332 0.44014835 0.2415872 0.5109381 0.30864376
toaster 0.36869073 0.5058318 0.29964453 0.52249235 0.3456452
bowl 0.35663903 0.4889446 0.24982677 0.53426486 0.3010532
parking meter 0.3516506 0.8899527 0.8621159 0.99741566 0.99917036
banana 0.35033375 0.53896177 0.7634626 0.5583858 0.7821818
cake 0.3484393 0.49515185 0.17140138 0.52890444 0.24518615
cake 0.32524446 0.39767513 0.44359386 0.43718725 0.4682908
cake 0.32104376 0.39615113 0.41349736 0.40704593 0.42072096
cake 0.32047948 0.39880762 0.42155954 0.456821 0.44884834
cake 0.31745002 0.5386465 0.6304481 0.7725999 0.7405391
knife 0.31440997 0.93986297 0.18968362 0.9961123 0.22634202
