cake 0.9297395 0.7108261 0.38587967 0.9471502 0.4777483
cake 0.9295651 0.7097236 0.51772344 0.9470386 0.61052644
cake 0.9268064 0.70875484 0.6453804 0.94667464 0.7555485
cake 0.8931913 0.7045748 0.24931604 0.9405592 0.34907597
couch 0.79115343 0.51214474 0.5855736 0.60943985 0.6533558
cake 0.67811126 0.61684996 0.88711447 0.86606747 0.9763066
couch 0.62796795 0.54025376 0.2661712 0.6071996 0.3001193
couch 0.6052854 0.510357 0.2943398 0.60047996 0.35014704
clock 0.5753783 0.5760261 0.27476344 0.6059526 0.29150072
sandwich 0.5635517 0.526532 0.6725308 0.5386677 0.6831908
sandwich 0.56276035 0.52208096 0.656305 0.53842014 0.6681871
sandwich 0.5356548 0.52223015 0.6635946 0.5379341 0.6759417
sandwich 0.5243608 0.5200354 0.68076897 0.53761977 0.6916504
clock 0.5009692 0.5758376 0.6104388 0.60612655 0.634508
sandwich 0.4841151 0.5129121 0.6674204 0.5246057 0.6809671
cake 0.43074012 0.6379864 0.94947755 0.9436636 0.9997519
wine glass 0.4282609 0.5245489 0.24269877 0.5482894 0.25401828
sandwich 0.42259946 0.5238151 0.6515534 0.5374881 0.65942466
tennis racket 0.41665 0.516561 0.5788898 0.5547472 0.5879019
wine glass 0.41111928 0.4550161 0.7425744 0.48173147 0.7534526
spoon 0.3951347 0.593765 0.34757802 0.6129326 0.36622682
wine glass 0.38943788 0.5799723 0.34694484 0.6122377 0.3665751
wine glass 0.3508158 0.37135795 0.25134602 0.39909166 0.25902745
wine glass 0.33403847 0.44930607 0.245468 0.48157603 0.2574204
wine glass 0.3232571 0.38205376 0.79999554 0.39744368 0.8109815
spoon 0.31426314 0.4550161 0.7425744 0.48173147 0.7534526
