cake 0.88335586 0.6063635 0.19278437 1.0 0.38196713
spoon 0.8211611 0.61713755 0.32996058 0.6533738 0.3765089
spoon 0.70116645 0.5278764 0.3077678 0.57779795 0.35856187
sandwich 0.6350663 0.58107185 0.3440706 0.6069307 0.3608275
cake 0.5945477 0.56541574 0.062968366 0.95125926 0.14409399
fork 0.5875012 0.5062644 0.5251354 0.5310748 0.5409074
sandwich 0.5830975 0.51219636 0.3114519 0.5325544 0.3339911
cake 0.5760765 0.58533126 0.11932027 1.0 0.22774619
fork 0.56650025 0.4987377 0.5339101 0.5191512 0.5456237
fork 0.5531162 0.5309674 0.5241083 0.549973 0.53571844
sandwich 0.5371412 0.51794124 0.34462428 0.5287868 0.35469896
spoon 0.46996415 0.5901703 0.36355394 0.61539894 0.38832676
fork 0.41939744 0.5124195 0.516719 0.5361603 0.53356194
sink 0.38710874 0.33824348 0.95029587 0.9798094 0.99852484
spoon 0.38054287 0.5794226 0.16834202 0.59794635 0.2024692
sandwich 0.37033042 0.5114872 0.33350337 0.52829427 0.34474617
banana 0.31427267 0.59473145 0.40105695 0.6092842 0.4095645
