cake 0.9300374 0.59415364 0.06270168 0.7734664 0.15244302
microwave 0.8965854 0.43553567 0.509538 0.7471242 0.61164075
clock 0.8851655 0.5127861 0.3426491 0.6089355 0.4008649
couch 0.78191745 0.51697356 0.049842026 0.5946654 0.11151014
couch 0.65613896 0.6162973 0.8231332 0.99832374 1.0
knife 0.5896048 0.5071708 0.7432687 0.53916687 0.75262415
spoon 0.530864 0.5616004 0.7503778 0.60230464 0.7980522
cake 0.5136044 0.66305155 0.082587235 1.0 0.15432778
cake 0.50090414 0.63690823 0.17185335 0.66571033 0.21659239
knife 0.48328713 0.5068481 0.758263 0.540834 0.7709006
spoon 0.4415059 0.521986 0.67393374 0.5618696 0.7019234
spoon 0.42281717 0.4379814 0.66512156 0.45291674 0.6814896
knife 0.39793482 0.52074075 0.7315382 0.54175293 0.74364674
knife 0.37882286 0.51011217 0.7506789 0.5406933 0.7592932
cell phone 0.33355802 0.508073 0.1129208 0.58107495 0.17856401
tennis racket 0.33038065 0.35361394 0.6351308 0.39257887 0.6428347
spoon 0.325373 0.4389689 0.6155922 0.45298827 0.62927896
clock 0.32116336 0.5663791 0.07035557 0.5959389 0.09141862
