microwave 0.9316119 0.59709024 0.13307343 0.87281954 0.32461798
spoon 0.91003954 0.60169244 0.49696454 0.680532 0.60737276
cake 0.8161215 0.7153026 0.58748096 1.0 0.68278295
clock 0.64418143 0.563154 0.84342134 0.60206795 0.8637154
spoon 0.6024469 0.4824909 0.41931966 0.49510124 0.433624
wine glass 0.60031384 0.3619869 0.94895154 0.39193463 0.96272475
tennis racket 0.5926266 0.5609542 0.11124712 0.63150513 0.12820376
fork 0.58254045 0.52869415 0.40618756 0.5655343 0.4108576
spoon 0.57582814 0.39915228 0.39137095 0.4146819 0.4160148
spoon 0.53156805 0.5600307 0.93699867 0.5857381 0.97107285
wine glass 0.53146344 0.26265314 0.914751 0.29517236 0.9342039
spoon 0.52463526 0.47880736 0.44796437 0.49593312 0.4623707
spoon 0.5214201 0.4770598 0.40327597 0.4967185 0.41971165
spoon 0.51008075 0.39782518 0.41693166 0.41288504 0.43610302
couch 0.49881804 0.5152277 0.8221045 0.6030744 0.88641924
fork 0.49803567 0.55120623 0.40219608 0.56671906 0.40524963
wine glass 0.49286264 0.36336702 0.98274034 0.39064282 0.99760157
fork 0.4908765 0.550433 0.39529845 0.56700057 0.39835373
spoon 0.49067402 0.47957096 0.43347222 0.49558327 0.44812053
wine glass 0.48903465 0.36200124 0.9643117 0.3914353 0.97983634
couch 0.48576152 0.48403686 0.698691 0.5559626 0.72888863
clock 0.47323152 0.53818285 0.7073464 0.55596787 0.7175842
sink 0.46751404 0.24155043 0.0 0.99416894 0.09206925
wine glass 0.4646133 0.4714997 0.88681364 0.49153373 0.89888465
wine glass 0.46456137 0.36539558 0.9203121 0.39330107 0.9334585
spoon 0.4553793 0.40159753 0.43708366 0.41463384 0.4517507
spoon 0.45429996 0.5708379 0.32594797 0.5952551 0.37316343
wine glass 0.44958058 0.46123344 0.9892823 0.49209988 0.99994355
tennis racket 0.43357357 0.24519612 0.9551763 0.29192528 0.9693131
couch 0.43063 0.5267233 0.31162798 0.59200114 0.37946367
toaster 0.40766922 0.59372413 0.6034748 0.62860274 0.7273374
wine glass 0.40708268 0.47112668 0.96210957 0.49226484 0.9722309
wine glass 0.40680474 0.3649089 0.9307893 0.39267772 0.93971914
wine glass 0.40119505 0.25696135 0.9949917 0.28819704 1.0
cake 0.38416794 0.6644482 0.58882135 0.99260414 0.72012
spoon 0.3747729 0.47292045 0.38581562 0.49466425 0.40132302
wine glass 0.3667705 0.3639699 0.9389587 0.39200303 0.948513
wine glass 0.35807288 0.47243834 0.9003218 0.49195635 0.9107098
wine glass 0.35101274 0.25716588 0.97399765 0.29009902 0.9897879
cake 0.3485243 0.68615377 0.6666081 0.98292863 0.71194685
cake 0.34276202 0.66754496 0.7073772 0.9077578 0.7412803
wine glass 0.33815625 0.48177248 0.9744615 0.49324334 0.9885505
tennis racket 0.33678806 0.25716588 0.97399765 0.29009902 0.9897879
wine glass 0.33382845 0.46992898 0.9416972 0.49262753 0.95814544
spoon 0.32222515 0.39180398 0.46889263 0.4124873 0.4968897
tennis racket 0.3146411 0.5294362 0.46557406 0.55164135 0.4750189
wine glass 0.30963254 0.46182933 0.9742179 0.49152747 0.9882529
clock 0.30565882 0.36229306 0.6677541 0.40338752 0.681169
wine glass 0.30219358 0.2783065 0.8879972 0.29787725 0.90389913
