cake 0.96766526 0.7467276 0.37521946 0.99508154 0.6115284
cake 0.9062182 0.4615314 0.057323776 0.62391376 0.1436212
cake 0.8892826 0.5300708 0.23401138 0.5902218 0.30902973
cake 0.8760395 0.44681048 0.15650001 0.6025659 0.23666486
cake 0.8163309 0.784182 0.59562635 0.95255417 0.7662715
cake 0.8081303 0.41652912 0.26674816 0.5252478 0.32143888
clock 0.7894014 0.6060353 0.34183338 0.67428887 0.38642237
couch 0.7612581 0.4690029 0.29022625 0.67472893 0.4236901
cake 0.7071751 0.43564337 0.06694552 0.4727742 0.1093422
microwave 0.7035889 0.4775771 0.7313804 0.5829276 0.92209
cake 0.67437184 0.4458631 0.02039929 0.61170644 0.06825051
cake 0.6428039 0.43058434 0.17590329 0.4670444 0.21305275
cake 0.62975144 0.43636402 0.22885782 0.5855158 0.2580173
couch 0.61429876 0.4863771 0.6660439 0.5632909 0.6961496
clock 0.54350597 0.42860675 0.12335701 0.48142028 0.17083584
clock 0.5113331 0.5318271 0.6682217 0.5644777 0.68972445
couch 0.47247317 0.31706294 0.18191291 0.41269058 0.22077648
spoon 0.39296493 0.42860675 0.12335701 0.48142028 0.17083584
