cake 0.8638459 0.71047205 0.15542968 1.0 0.29481703
couch 0.80655634 0.43846455 0.32575464 0.74256533 0.46036756
wine glass 0.5185915 0.47605696 0.47124165 0.5085701 0.48742235
clock 0.48427168 0.60263604 0.3660974 0.7338932 0.40928608
clock 0.4521181 0.647511 0.3662678 0.73487014 0.4039662
wine glass 0.447053 0.4823474 0.4419261 0.5079164 0.46160755
wine glass 0.35845298 0.60394746 0.5129703 0.62515026 0.52745235
tennis racket 0.35642508 0.4062115 0.473409 0.44836518 0.49147785
banana 0.34405535 0.7259438 0.44121814 0.7417494 0.45384032
wine glass 0.31422597 0.6646865 0.63291883 0.6803126 0.64484894
spoon 0.30500683 0.6770766 0.95586175 0.7443857 0.9686753
