couch 0.80537146 0.5600715 0.85805976 0.66587025 0.9889746
microwave 0.5460236 0.48870337 0.34962323 0.67776865 0.42825755
clock 0.52337134 0.51534134 0.56317896 0.53126043 0.5676326
couch 0.5149163 0.5305411 0.2401359 0.5877745 0.27155212
couch 0.47625327 0.5387045 0.1272072 0.6151161 0.2066779
cake 0.4212558 0.71378446 0.35535485 0.9311815 0.37345016
couch 0.41874725 0.5244038 0.66287977 0.56117713 0.6923005
cake 0.41571882 0.5250585 0.48011327 0.5841649 0.5001621
couch 0.36933354 0.5465977 0.20933162 0.59456015 0.23132928
couch 0.36509302 0.5415528 0.14931813 0.6131457 0.20710686
couch 0.31839693 0.52955765 0.22477072 0.5890686 0.24138951
toaster 0.3017628 0.5815984 0.6977861 0.5977685 0.74463093
