book 0.907257 0.056486797 0.46150553 0.17066386 0.53346074
toaster 0.901136 0.6208075 0.41339675 0.746851 0.59094954
sandwich 0.748791 0.5921816 0.30329588 0.611542 0.31884375
sandwich 0.71624726 0.59185106 0.31863338 0.6109216 0.33153725
spoon 0.7012335 0.25195456 0.33131886 0.28348127 0.38325226
spoon 0.6882477 0.33203003 0.6196122 0.36604163 0.6663923
spoon 0.6559484 0.4196891 0.14746095 0.45320168 0.19040056
wine glass 0.6450913 0.2305023 0.15132836 0.28251448 0.189488
wine glass 0.5757405 0.43128595 0.6168145 0.46216857 0.63444495
spoon 0.57084316 0.6016175 0.2762857 0.63440144 0.3395239
sandwich 0.56726366 0.57767284 0.31048903 0.59728414 0.3234323
sandwich 0.5655185 0.57639 0.29324913 0.59790164 0.3094116
wine glass 0.5022135 0.21879 0.23947743 0.28200766 0.2867976
sandwich 0.49760517 0.59499294 0.2866323 0.6108585 0.30274314
wine glass 0.47501385 0.4102168 0.6447715 0.44189867 0.6722761
wine glass 0.4136991 0.43412286 0.838793 0.45415303 0.8551323
sandwich 0.4105485 0.56212115 0.3014203 0.58399713 0.31685367
spoon 0.38538232 0.33454615 0.7219244 0.35178417 0.751837
wine glass 0.3841483 0.33454615 0.7219244 0.35178417 0.751837
wine glass 0.37798458 0.34868443 0.72053003 0.36195084 0.75247324
spoon 0.36092782 0.364537 0.6184309 0.38030127 0.66789097
spoon 0.3458873 0.3575394 0.71971023 0.38241774 0.75482786
wine glass 0.344947 0.24958692 0.7116604 0.2812341 0.73574674
spoon 0.32694918 0.35881943 0.3584387 0.37172863 0.3848352
couch 0.32684952 0.56681144 0.54364115 0.6244074 0.57879025
spoon 0.32154405 0.34932926 0.32819837 0.3584739 0.3558737
wine glass 0.31750938 0.24671073 0.61829674 0.28150535 0.65048003
wine glass 0.3137906 0.2066578 0.8256707 0.23383771 0.8518065
