sink 0.9559892 0.43098572 0.17628953 0.76750654 0.27960855
cake 0.9538575 0.67771345 0.505484 0.8883468 0.57643545
cake 0.9469344 0.6771527 0.25555542 0.8839988 0.33420947
cake 0.9457412 0.6783835 0.38648063 0.88610333 0.45513463
cake 0.9336826 0.67933416 0.6151652 0.88641685 0.69544977
tennis racket 0.6804858 0.568645 0.06211358 0.60568625 0.07380942
couch 0.5756388 0.5626855 0.31910652 0.6161324 0.35056084
clock 0.54229605 0.586394 0.52758443 0.6168062 0.5377284
cake 0.54031557 0.7365826 0.8682203 0.8137055 0.88379157
bowl 0.4891925 0.5948135 0.42376193 0.6144974 0.4499652
microwave 0.4314913 0.52272224 0.6622022 0.7473005 0.74618214
microwave 0.41009036 0.52728456 0.6624241 0.6622588 0.74546516
clock 0.3777024 0.5902861 0.32580167 0.618598 0.34442854
tennis racket 0.3764024 0.5685581 0.05033424 0.60690105 0.056206156
cell phone 0.34638903 0.4898014 0.09236104 0.54428005 0.122586854
knife 0.3455782 0.57048804 0.41516927 0.5957587 0.4299958
toaster 0.32045406 0.60792726 0.04675173 0.6171013 0.08078005
cake 0.30324027 0.66817486 0.95657057 0.78978825 1.0
