wine glass 0.72653306 0.70867294 0.69590825 0.7789213 0.7502977
tennis racket 0.6319735 0.5304744 0.71243274 0.6039077 0.7492266
tennis racket 0.5040218 0.52140707 0.6544563 0.6067348 0.690428
wine glass 0.47899857 0.72334975 0.6205562 0.778835 0.67092377
tennis racket 0.4526168 0.5180364 0.68373775 0.6029591 0.71706456
toaster 0.4502331 0.6926676 0.7154474 0.71533895 0.86230195
wine glass 0.40792337 0.72298396 0.62033087 0.80286396 0.67201614
microwave 0.39293832 0.4311409 0.0025436827 0.6491611 0.25967166
microwave 0.38618395 0.4325024 0.0004931895 0.8289529 0.26192775
toaster 0.32840374 0.6731667 0.70626175 0.7134623 0.99531764
