cake 0.9670711 0.6798205 0.2019552 0.996147 0.38602132
cake 0.96111447 0.6884098 0.3989934 0.9975501 0.5581493
cake 0.915164 0.6388753 0.55095416 0.9632047 0.67075604
cake 0.89367443 0.5940989 0.56871015 0.7024355 0.6462595
microwave 0.8345996 0.5616912 0.6971092 0.66764283 0.78124535
microwave 0.77667916 0.56148463 0.12391049 0.61749744 0.2638422
microwave 0.64737505 0.43098462 0.6958511 0.5633056 0.7827581
couch 0.64515626 0.5443836 0.93817616 0.58710194 0.9635149
clock 0.63819003 0.3476191 0.6282699 0.38803735 0.6417551
wine glass 0.5410551 0.60030216 0.47464696 0.6271174 0.4890894
toaster 0.47874728 0.5983777 0.289948 0.6163212 0.3548532
clock 0.4470921 0.33393416 0.6448782 0.38468006 0.6666481
wine glass 0.4313876 0.58096695 0.4989863 0.62650704 0.51530105
cell phone 0.37272033 0.45496994 0.69756 0.56159014 0.7809983
wine glass 0.3680547 0.41989234 0.9603541 0.4511107 0.97248006
wine glass 0.3651158 0.32456332 0.9251483 0.35238713 0.9355692
tennis racket 0.36417052 0.3476191 0.6282699 0.38803735 0.6417551
clock 0.34975144 0.34625348 0.6679489 0.38381147 0.6799738
wine glass 0.341009 0.4156555 0.9819253 0.4503328 0.9980189
wine glass 0.34035745 0.37441438 0.96046185 0.4087544 0.9748907
wine glass 0.33719638 0.42428607 0.91064614 0.45135653 0.9213672
toaster 0.33378768 0.5717328 0.12745118 0.66958624 0.618638
toaster 0.3236021 0.59127116 0.3405174 0.6141223 0.43596303
