couch 0.9315405 0.42688766 0.4929958 0.58915037 0.56496125
sink 0.90514874 0.33132857 0.12319413 0.79588014 0.19919905
cake 0.8802866 0.68808055 0.34873787 0.9015562 0.44315317
cell phone 0.72748816 0.46801594 0.049342047 0.59885746 0.11875364
cake 0.7267041 0.5512871 0.55211914 0.8985575 0.67820287
cake 0.7151118 0.6609764 0.2906496 0.8643598 0.37903547
couch 0.6517398 0.50179493 0.74462026 0.55818754 0.79617435
spoon 0.5814412 0.25057957 0.28811938 0.2698788 0.3071187
clock 0.5674123 0.5225098 0.20310579 0.5555296 0.2153772
spoon 0.560417 0.34138077 0.25541204 0.36196744 0.27153707
clock 0.5456968 0.5096775 0.21830086 0.55785024 0.23175423
clock 0.50104135 0.5484526 0.50485957 0.58648807 0.5538275
wine glass 0.49512035 0.34608737 0.29078963 0.36106768 0.30007407
spoon 0.4743446 0.5423038 0.50518167 0.5868431 0.55360675
spoon 0.46633622 0.34248275 0.6894363 0.35912418 0.70529544
microwave 0.45256874 0.47207466 0.0496896 0.60103065 0.11851872
wine glass 0.4413234 0.34138077 0.25541204 0.36196744 0.27153707
microwave 0.43998197 0.5927244 0.043160617 0.8685431 0.12493485
couch 0.43565467 0.48189002 0.21531782 0.5582906 0.23377413
spoon 0.4348061 0.34290332 0.72967935 0.3600037 0.74851656
wine glass 0.4265628 0.28699496 0.731627 0.30318812 0.75019145
cake 0.40839618 0.687482 0.5570204 0.90195924 0.65185905
microwave 0.39236468 0.570064 0.7821751 0.72846836 0.83149725
spoon 0.36474562 0.56519216 0.9881527 0.5992801 0.9998322
wine glass 0.34761792 0.28217536 0.29355013 0.3065766 0.3054
wine glass 0.32805973 0.34248275 0.6894363 0.35912418 0.70529544
spoon 0.32348228 0.29045016 0.25276417 0.30553618 0.2717663
