microwave 0.9124826 0.7311148 0.023236036 0.9237233 0.3479342
couch 0.8739578 0.15208392 0.51973784 0.2549387 0.5689981
couch 0.78924835 0.20637521 0.57539 0.254836 0.6170043
couch 0.78408647 0.1355542 0.74920315 0.2506013 0.8028237
couch 0.78332233 0.30448344 0.6673194 0.37987775 0.72066605
couch 0.6823872 0.32420132 0.49481386 0.38066676 0.54203993
couch 0.67638874 0.3004742 0.60316205 0.3794458 0.65108
couch 0.6625632 0.13806462 0.67477655 0.25616962 0.75905526
couch 0.63878775 0.32693103 0.5543916 0.3797502 0.58890045
couch 0.6260727 0.13407117 0.6343773 0.250784 0.68289846
toaster 0.5296999 0.70979136 0.5684739 0.7458565 0.873112
clock 0.35673046 0.20502035 0.5220098 0.25476047 0.56079096
clock 0.30649385 0.21513563 0.7060752 0.25140336 0.73002124
