cake 0.8987882 0.68709606 0.48320967 1.0 0.6301889
cake 0.8408659 0.59726393 0.07068561 0.9393783 0.1760509
cake 0.7384781 0.6842651 0.7215948 0.9980889 0.8694538
clock 0.6942291 0.41505444 0.29335353 0.46892563 0.31102136
spoon 0.66657186 0.36278424 0.71371096 0.37884963 0.7373298
knife 0.6080965 0.42238018 0.82387996 0.45223546 0.83525026
wine glass 0.60154635 0.5643059 0.7226604 0.6076112 0.74693024
wine glass 0.59672457 0.55808324 0.75705236 0.59169376 0.77939516
sandwich 0.5966155 0.4586631 0.5803752 0.46428758 0.5884764
spoon 0.5719904 0.35670254 0.59605265 0.37451112 0.62769186
spoon 0.570676 0.2927742 0.7120691 0.3141716 0.7394417
spoon 0.48624173 0.362978 0.64099693 0.3756718 0.6606804
tennis racket 0.4689626 0.5078746 0.76868045 0.5918409 0.8110151
toaster 0.4618959 0.46617025 0.36917728 0.47980347 0.5017267
wine glass 0.45267278 0.298291 0.6008794 0.31639272 0.61209327
knife 0.43826753 0.41989404 0.81519383 0.45338532 0.8300435
wine glass 0.43055752 0.2914583 0.6631735 0.3165238 0.6764701
wine glass 0.42799875 0.29872635 0.67838854 0.31628853 0.6907994
spoon 0.42622146 0.353178 0.66417605 0.3612438 0.691781
spoon 0.41028804 0.3067312 0.71347636 0.31684682 0.73789924
spoon 0.3993842 0.3635473 0.70195514 0.377705 0.71646184
tennis racket 0.38495612 0.42406002 0.84640104 0.46955028 0.8613698
microwave 0.37012565 0.48359826 0.7294598 0.5441528 0.85276896
knife 0.35698915 0.42170835 0.8329297 0.45199513 0.8433315
sink 0.35141134 0.23021132 0.23205543 0.8066935 0.2876858
banana 0.34604454 0.45989838 0.60282075 0.4646937 0.6137117
sandwich 0.31504533 0.45467907 0.59136915 0.46367037 0.6006881
spoon 0.30566475 0.5176524 0.820881 0.5627049 0.8931606
