couch 0.8352905 0.43501723 0.28777114 0.6014014 0.3953536
clock 0.6798441 0.53611237 0.32331234 0.5959252 0.3542912
sink 0.6793786 0.29307973 0.12625289 0.7572269 0.19084239
clock 0.6417387 0.5516828 0.36569056 0.5951068 0.3866351
spoon 0.53139144 0.6723965 0.0 0.7156977 0.03804607
cell phone 0.48863515 0.3580871 0.9584112 0.45993406 0.999892
microwave 0.45929912 0.5313158 0.75925654 0.808623 0.8924882
sandwich 0.3969219 0.487306 0.7902447 0.50360274 0.8082284
spoon 0.39183298 0.5271131 0.87624574 0.5695461 0.93100095
couch 0.3814925 0.514479 0.35167557 0.59679747 0.39382523
