sink 0.8969318 0.3619572 0.5422777 0.63046414 0.6238991
cake 0.8797588 0.5596986 0.17566311 0.7090315 0.2822072
cake 0.8576905 0.6054653 0.29257473 0.91142064 0.33063337
microwave 0.8545266 0.4210072 0.62133026 0.62998265 0.6931058
cake 0.84120744 0.58922046 0.054438233 0.83279765 0.1840219
cell phone 0.8015636 0.42263266 0.6241331 0.4845299 0.6899575
toaster 0.42835858 0.56356215 0.7677932 0.6037963 0.90020454
cake 0.42137796 0.5101401 0.033141103 0.58641213 0.09624688
cake 0.38622403 0.56895435 0.026863486 0.5928683 0.06514594
broccoli 0.37579185 0.5502337 0.47482455 0.5613036 0.5038744
broccoli 0.32437688 0.5522361 0.49192837 0.55912656 0.50324655
