clock 0.671974 0.08889863 0.3242897 0.1781528 0.44642928
tennis racket 0.60275453 0.76569694 0.31261346 0.87992734 0.38216546
tennis racket 0.57604593 0.64612716 0.39797416 0.73536915 0.4371379
tennis racket 0.5740921 0.58953905 0.29717058 0.6262442 0.319914
tennis racket 0.53631324 0.568465 0.27222708 0.6282412 0.29934704
clock 0.49973574 0.0 0.0 0.09629832 0.062298127
tennis racket 0.49958038 0.5878753 0.04557801 0.65196365 0.0771944
tennis racket 0.4802242 0.5834509 0.09956971 0.6075463 0.121053725
tennis racket 0.47368997 0.5859108 0.07381545 0.60058284 0.09292905
spoon 0.45443547 0.08128282 0.75156236 0.11632412 0.8317225
tennis racket 0.4543332 0.58763045 0.25584275 0.6165238 0.2735614
tennis racket 0.4093154 0.6076841 0.10999964 0.6460585 0.13796636
banana 0.3963881 0.84269565 0.8199894 0.8727457 0.87382776
tennis racket 0.39196938 0.6033999 0.015094429 0.65273607 0.050627295
tennis racket 0.38962957 0.58732045 0.050497565 0.6020421 0.071517855
tennis racket 0.3693227 0.60566205 0.00038688947 0.65588313 0.018907689
tennis racket 0.36530623 0.77488875 0.27346727 0.8915036 0.32842892
tennis racket 0.3455138 0.5890579 0.17572314 0.6182816 0.19605839
tennis racket 0.33802882 0.62031186 0.20699859 0.640098 0.23137565
tennis racket 0.33699235 0.58267087 0.39793998 0.622713 0.41937956
tennis racket 0.32868445 0.60772085 0.13424844 0.6441294 0.16114593
couch 0.31723022 0.0 0.65301096 0.051104747 0.7931179
tennis racket 0.305796 0.5884252 0.23809268 0.61807853 0.25586012
