couch 0.8263433 0.39515805 0.6004564 0.52297604 0.7476329
cake 0.6942357 0.63588846 0.18055499 0.9159948 0.3167447
couch 0.68694884 0.39641804 0.20679167 0.4500121 0.22782159
cake 0.6490912 0.6340704 0.31350535 0.9184411 0.43432933
clock 0.63431394 0.45904216 0.6521608 0.518374 0.69608706
banana 0.58322823 0.43641883 0.9409741 0.44874212 0.95478165
banana 0.5768948 0.43639302 0.9719451 0.4490114 0.98636156
cake 0.5705883 0.63923246 0.576992 0.92588717 0.699632
spoon 0.55666685 0.42143595 0.5106104 0.4509717 0.5482437
banana 0.5552092 0.43863025 0.95590085 0.45032668 0.970012
banana 0.5387229 0.4255326 0.9484999 0.44258222 0.96169364
clock 0.5358458 0.38658103 0.8630089 0.46144563 0.90093154
spoon 0.5035131 0.43941975 0.92806834 0.4718986 0.9875235
couch 0.5012147 0.38033262 0.1895373 0.4528415 0.20716389
banana 0.49918345 0.4198822 0.95654225 0.43265703 0.96656847
couch 0.47236037 0.3180389 0.387237 0.4508357 0.42056614
banana 0.4373962 0.40529886 0.9410749 0.4201388 0.95248157
banana 0.43598348 0.43478692 0.92775387 0.44877765 0.9408836
sandwich 0.4359386 0.39589307 0.1493136 0.40979192 0.16641262
banana 0.4071995 0.42665678 0.9646055 0.44318488 0.9772387
cake 0.38493747 0.6347169 0.44852275 0.92001814 0.5614616
sandwich 0.36178777 0.4198822 0.95654225 0.43265703 0.96656847
couch 0.34964383 0.4188903 0.16755243 0.45415193 0.19055314
spoon 0.34808925 0.42902508 0.4176737 0.45139945 0.4347834
sandwich 0.34745777 0.43641883 0.9409741 0.44874212 0.95478165
cake 0.33215222 0.64209276 0.692654 0.93338436 0.8346813
spoon 0.33106554 0.40301126 0.1324695 0.43514612 0.17857686
sandwich 0.32740706 0.40093902 0.16679086 0.40869278 0.174516
