tennis racket 0.69303167 0.38621396 0.17329298 0.44486302 0.21124364
tennis racket 0.66824704 0.3951295 0.62474513 0.44981706 0.66806245
wine glass 0.64506537 0.4068887 0.20652801 0.45011535 0.25151804
spoon 0.5540913 0.55857956 0.80482984 0.5923041 0.86123914
spoon 0.51276046 0.54999894 0.7679427 0.5803918 0.81413996
wine glass 0.50051194 0.37405854 0.13766487 0.38950634 0.18302397
spoon 0.4949502 0.58117193 0.911086 0.626332 1.0
wine glass 0.49144128 0.41389441 0.10982416 0.43609703 0.14603375
tennis racket 0.47614986 0.3931012 0.5737884 0.44892052 0.61390436
spoon 0.44902742 0.59560394 0.0047061616 0.6421498 0.06964765
wine glass 0.4357826 0.39226854 0.13856089 0.44072968 0.17974421
wine glass 0.41693074 0.40889958 0.0778707 0.4320117 0.115139835
spoon 0.3998066 0.5446249 0.7430592 0.5684062 0.77181756
spoon 0.3887043 0.5765667 0.060142647 0.6153004 0.12776132
spoon 0.36337346 0.5618013 0.11875274 0.59853625 0.17310545
tennis racket 0.3598866 0.39103952 0.36429968 0.44919226 0.4131159
spoon 0.35981098 0.5563231 0.9120509 0.6267862 1.0
spoon 0.3565837 0.0949186 0.0 0.15968233 0.07261902
wine glass 0.34066126 0.55241746 0.16720316 0.5848685 0.2037931
tennis racket 0.3278895 0.5334988 0.12168354 0.5563491 0.1492833
tennis racket 0.31767684 0.09719436 0.8815293 0.21013997 0.96446806
wine glass 0.3161055 0.38621396 0.17329298 0.44486302 0.21124364
wine glass 0.30428642 0.5475608 0.20466824 0.5746213 0.22952856
knife 0.30244914 0.52259284 0.21150088 0.5434986 0.24042334
