wine glass 0.82262653 0.5189367 0.7353053 0.5759905 0.7661884
couch 0.73681396 0.39084125 0.13215357 0.52546525 0.21559048
tennis racket 0.72330904 0.43484774 0.9226856 0.51711035 0.9415295
chair 0.6567609 0.5926646 0.15741438 0.994848 0.85414237
tennis racket 0.55821717 0.45958865 0.9389258 0.5171212 0.9499182
couch 0.5309998 0.4023703 0.22228204 0.5170698 0.28216252
toaster 0.4672543 0.53516316 0.32406536 0.5632346 0.7182807
sandwich 0.4133125 0.55055624 0.67651016 0.569044 0.721054
wine glass 0.32629883 0.47707367 0.9759627 0.51239914 0.99959236
spoon 0.31678724 0.47719735 0.9774312 0.5123888 0.99997616
