cake 0.8571907 0.8650883 0.13847494 0.986694 0.35862902
cake 0.82865 0.78312814 0.00056578964 0.9963406 0.18967173
fork 0.553569 0.40494075 0.534059 0.4241837 0.5490709
toaster 0.5407719 0.5094826 0.650628 0.54711735 0.78979015
tennis racket 0.47580096 0.12992021 0.06159372 0.19546871 0.08336095
toaster 0.44695497 0.45926598 0.36320686 0.48481545 0.4931208
clock 0.43144226 0.41220835 0.0009454563 0.5542943 0.10670613
fork 0.39081594 0.42130408 0.52156794 0.44912982 0.53860486
tennis racket 0.3829288 0.40241823 0.5966915 0.44689775 0.6112921
tennis racket 0.38036686 0.4177683 0.6281695 0.44433752 0.63608676
fork 0.37836853 0.4095547 0.5115986 0.44189185 0.530455
sandwich 0.3694794 0.53722376 0.13160357 0.5671279 0.16090694
bowl 0.35796985 0.43807495 0.09818537 0.577221 0.21898732
spoon 0.338271 0.3073438 0.58553493 0.35701624 0.616035
tennis racket 0.3344743 0.4229652 0.64092004 0.44862056 0.6521417
wine glass 0.31079432 0.3399509 0.52137774 0.35608718 0.52944285
wine glass 0.307221 0.33509988 0.5338026 0.35707062 0.5404098
couch 0.30539623 0.14945646 0.13410746 0.23235525 0.2052555
