tennis racket 0.7920525 0.24230587 0.92652845 0.35311633 0.9913459
tennis racket 0.7409662 0.30547062 0.77669 0.37947264 0.8282341
tennis racket 0.6977052 0.30117264 0.8737847 0.36455163 0.91842055
tennis racket 0.535554 0.04781298 0.8845731 0.119170755 0.92583597
tennis racket 0.5110323 0.3107164 0.8325975 0.3718452 0.8707271
spoon 0.47788566 0.50633776 0.5793601 0.5348872 0.62762254
tennis racket 0.47702777 0.061418623 0.9131048 0.10526095 0.9500154
tennis racket 0.4480589 0.53215224 0.7944877 0.5981961 0.848529
tennis racket 0.43145856 0.25340724 0.9746635 0.3460489 1.0
tennis racket 0.34667 0.29583916 0.8585141 0.36609843 0.8847541
tennis racket 0.30962935 0.04966211 0.8029124 0.15028527 0.84352785
