cake 0.95719343 0.6539589 0.37917095 0.96689034 0.49865335
cake 0.95403844 0.65958524 0.22531575 0.97175044 0.3665979
cake 0.891694 0.6066063 0.63900244 0.8381982 0.71465266
microwave 0.858242 0.47137862 0.77025676 0.8343216 0.99885535
cake 0.84712046 0.6560068 0.5259811 0.9678309 0.65000325
spoon 0.6979473 0.25969115 0.46650702 0.27305195 0.48814142
spoon 0.63058525 0.2933458 0.4559766 0.3106498 0.47898805
sink 0.6132781 0.2605921 0.097234234 0.71815044 0.18900226
clock 0.59317625 0.4026118 0.21275313 0.4481919 0.23174964
spoon 0.5784638 0.3025719 0.41612676 0.31507155 0.44107088
couch 0.50726223 0.38473743 0.26323524 0.42561284 0.286247
wine glass 0.49817398 0.2362201 0.41423357 0.27573055 0.4359929
toaster 0.41651136 0.4435361 0.564398 0.46204117 0.6729407
wine glass 0.36191702 0.33938822 0.42402175 0.35781384 0.4388546
couch 0.3427008 0.3206725 0.23162435 0.43466696 0.2799819
clock 0.3357153 0.39570495 0.4243264 0.44082716 0.43291232
clock 0.33226755 0.40216082 0.26473743 0.4270797 0.28444993
