spoon 0.70792645 0.20524316 0.4427368 0.31933635 0.61485535
tennis racket 0.66361135 0.14147793 0.6306055 0.30343863 0.66261274
spoon 0.6179164 0.28279737 0.12174894 0.37213022 0.2660638
sandwich 0.6016807 0.23255953 0.1409854 0.28459427 0.25439525
sandwich 0.54613125 0.26210245 0.19115098 0.28536162 0.23685624
couch 0.53376675 0.009679304 0.00030456856 0.37156087 0.09789975
sandwich 0.52535796 0.2348025 0.21691263 0.28316873 0.25760463
sandwich 0.50166506 0.2532312 0.13662304 0.2857451 0.18961115
couch 0.42544797 0.17196254 0.6604384 0.32375488 0.7588223
clock 0.40894186 0.16966659 0.00022392347 0.36752537 0.06645526
