cake 0.9502985 0.7898185 0.33613017 0.9963479 0.5344418
cake 0.9049736 0.79663503 0.12853047 0.9997329 0.2746025
spoon 0.7789493 0.63453346 0.8647777 0.6864454 0.93338656
tennis racket 0.72581285 0.5955984 0.3968205 0.7302158 0.4197989
cake 0.59231323 0.57135 0.015941693 0.65142334 0.074011125
spoon 0.58923703 0.13119929 0.82975197 0.18788902 0.8852484
clock 0.5811214 0.586425 0.611387 0.63533664 0.63729286
clock 0.5214207 0.60982877 0.20400997 0.64713264 0.21632425
clock 0.51309896 0.5876248 0.11439821 0.62189466 0.13989118
chair 0.507433 0.5788471 0.013655143 0.7401358 0.05367501
cake 0.49929872 0.5299651 0.22260588 0.62359774 0.30447954
clock 0.46873537 0.5946301 0.20331731 0.641377 0.21662834
banana 0.4621502 0.6124258 0.87213504 0.64338875 0.923175
cake 0.43830106 0.53327185 0.22934714 0.6095325 0.24489272
couch 0.43191445 0.5361732 0.1776019 0.6166732 0.23404512
cake 0.42460334 0.5788471 0.013655143 0.7401358 0.05367501
toaster 0.42372683 0.6446962 0.10788442 0.66984516 0.20226909
sandwich 0.41298133 0.6124258 0.87213504 0.64338875 0.923175
clock 0.41141513 0.5864481 0.2021435 0.6256067 0.21619613
toaster 0.3762977 0.60697275 0.44977635 0.6432361 0.5853761
couch 0.3632953 0.50118047 0.581721 0.63205004 0.66452783
sandwich 0.33211017 0.61359364 0.9092487 0.6423171 0.9320134
wine glass 0.32924378 0.24504295 0.8302323 0.29180208 0.8621747
sandwich 0.3198681 0.61386305 0.86354864 0.64137524 0.88756645
cake 0.3120962 0.5333161 0.22985205 0.5755568 0.24212232
