cake 0.96427965 0.6062198 0.29489672 0.9571543 0.41133517
cake 0.9614707 0.6090691 0.5816925 0.9539374 0.69618803
cake 0.9578379 0.60608006 0.44574463 0.95572907 0.54943776
microwave 0.85782427 0.26558518 0.8205669 0.88657004 0.94180095
clock 0.8104139 0.55173075 0.50557643 0.6128885 0.5303367
spoon 0.78966886 0.5941986 0.4797889 0.61527336 0.5081352
spoon 0.71684545 0.5946129 0.61519015 0.61419696 0.6449779
banana 0.58343637 0.5646276 0.44579402 0.5908295 0.46494868
banana 0.50956696 0.56631815 0.43169874 0.59054947 0.44786745
spoon 0.4841589 0.59254336 0.3442673 0.61520994 0.37617922
banana 0.4470145 0.5941833 0.4098121 0.6152578 0.42200333
spoon 0.43697655 0.5525462 0.2687251 0.57421887 0.29206085
toaster 0.41054338 0.58745456 0.016958714 0.6121075 0.14356944
banana 0.38686803 0.56631094 0.41488087 0.5905956 0.43362367
sandwich 0.30425194 0.56631815 0.43169874 0.59054947 0.44786745
couch 0.3023155 0.55448097 0.62525773 0.5737589 0.6704054
