cake 0.96612096 0.56363195 0.52547544 0.95212626 0.70533854
cake 0.9583919 0.5233243 0.2578907 0.7993315 0.3939677
cake 0.95519614 0.54221636 0.37508506 0.8615457 0.5253864
microwave 0.7659468 0.3451521 0.23081726 0.5734493 0.32672852
cell phone 0.6381836 0.3522611 0.235642 0.43326208 0.32292932
toaster 0.5954481 0.48016983 0.5581553 0.50632054 0.6473969
tennis racket 0.52716935 0.44309425 0.16014835 0.4934618 0.17346558
couch 0.50128037 0.43389162 0.8393835 0.49408796 0.8994931
clock 0.40414506 0.46818572 0.8616406 0.49052685 0.8740138
sink 0.3415714 0.33009842 0.46625528 0.49670708 0.55105966
sink 0.33861318 0.28965268 0.92709327 0.7074558 1.0
spoon 0.31838053 0.44950792 0.69640386 0.4746351 0.7422472
tennis racket 0.31284955 0.44530088 0.14830701 0.49346983 0.1618522
