cake 0.9596204 0.6022499 0.30835217 0.9708854 0.4286253
cake 0.94858927 0.6213634 0.5099941 0.99778825 0.6496398
cake 0.8667789 0.58248234 0.22983962 0.87302434 0.3215769
cake 0.8042508 0.56888366 0.17966393 0.80283713 0.2393947
microwave 0.7617021 0.5467594 0.53650993 0.61109483 0.68609506
cake 0.7193067 0.5552003 0.04185472 0.67199665 0.11719996
cake 0.65075475 0.54461825 0.21513425 0.56386566 0.26599655
clock 0.64113915 0.52791667 0.3796885 0.597137 0.4122736
spoon 0.62803864 0.5525587 0.74915284 0.5781805 0.77677184
cake 0.6082607 0.54698396 0.11534667 0.65650916 0.1709916
cake 0.57421345 0.5395019 0.15850593 0.65570116 0.20544459
couch 0.51542544 0.4955166 0.36144856 0.5289349 0.3921409
knife 0.4400578 0.54013014 0.76280344 0.55408686 0.77803266
cake 0.43412626 0.5446737 0.011989422 0.6702792 0.05499675
clock 0.43170676 0.5573898 0.43356687 0.6040423 0.46326822
cake 0.3706158 0.52747947 0.11581544 0.54821444 0.1383272
spoon 0.3377404 0.5399536 0.5056874 0.55451655 0.5372607
cake 0.3286726 0.53915113 0.19375353 0.5669632 0.20791052
wine glass 0.3224939 0.5628414 0.35615504 0.5874897 0.371167
couch 0.31243354 0.39410883 0.40896934 0.60735464 0.5165948
cake 0.30128682 0.5535151 0.03736464 0.6725146 0.091317646
