microwave 0.85230815 0.54986155 0.29919174 0.9697592 0.82990634
knife 0.6511858 0.5278515 0.23901843 0.5609632 0.28095374
fork 0.58801574 0.50212806 0.66828096 0.53371185 0.6962944
fork 0.5333029 0.50579756 0.6788584 0.5526157 0.7341013
fork 0.48509187 0.4930023 0.6547261 0.5290383 0.68787444
fork 0.4701891 0.5277985 0.68987507 0.552234 0.7204668
fork 0.4676453 0.49896637 0.675065 0.535221 0.7142552
knife 0.45154417 0.5255931 0.17047872 0.5783393 0.20182233
fork 0.421182 0.505047 0.7003255 0.53040105 0.7356218
tennis racket 0.39801708 0.49937883 0.09338106 0.5653454 0.12122873
fork 0.39052975 0.5272816 0.67276263 0.55192095 0.6937589
knife 0.31552503 0.5189075 0.19590499 0.5775618 0.21634394
