cake 0.929502 0.53095174 0.72858936 0.72260904 0.8332797
spoon 0.7838669 0.54802346 0.3784526 0.57457185 0.49197665
cake 0.7738864 0.52518725 0.4738696 0.5515144 0.5407841
spoon 0.7730913 0.5556154 0.094706446 0.5827013 0.23729932
spoon 0.69583946 0.75262564 0.0 0.81426495 0.12814805
clock 0.6877875 0.5000474 0.70307386 0.5201507 0.72290915
couch 0.5052289 0.47430438 0.67828274 0.51989305 0.742515
couch 0.502906 0.68525016 0.9033237 0.8339945 1.0
banana 0.47489166 0.5316141 0.37941393 0.55386776 0.48391685
spoon 0.47042936 0.78524214 0.20877013 0.84203583 0.23452084
cake 0.46498406 0.5241366 0.67456365 0.54966706 0.75702083
spoon 0.4381741 0.69263977 0.21190982 0.7339935 0.23434216
spoon 0.3147731 0.79228956 0.2573541 0.82845587 0.31850114
