spoon 0.8433864 0.47997656 0.29593098 0.50885916 0.3808197
couch 0.74135643 0.24056777 0.16296552 0.288556 0.23881055
spoon 0.66662675 0.5470503 0.45060924 0.57205087 0.58613086
couch 0.6612657 0.29555094 0.10071676 0.33343744 0.14837678
spoon 0.49659595 0.38192216 0.28193045 0.3952587 0.30920684
couch 0.4888718 0.27679756 0.8031012 0.35063842 0.92394245
couch 0.47579458 0.33945128 0.08248727 0.38978097 0.14654523
couch 0.45930296 0.33854324 0.083064616 0.39132392 0.12105967
cake 0.4530802 0.590317 0.587537 0.97586036 0.92942095
clock 0.4390163 0.31647733 0.83036643 0.34569058 0.8714392
cake 0.416104 0.59422296 0.58590233 0.98019725 0.8833715
cake 0.412538 0.56726897 0.68882895 0.88196516 0.9336033
clock 0.3438493 0.30740649 0.7293241 0.3454767 0.767013
cake 0.3400251 0.5511096 0.75545007 0.63162476 0.93685764
clock 0.33610272 0.3063503 0.7671903 0.34345573 0.7979095
banana 0.31058583 0.53118014 0.45084682 0.5480243 0.48100507
wine glass 0.3085357 0.398252 0.88552487 0.4184459 0.89901745
