cake 0.9733218 0.5935826 0.5148753 1.0 0.71596754
cake 0.9603065 0.6093297 0.3174654 1.0 0.50666624
couch 0.86038667 0.4430971 0.66736734 0.56599414 0.72943175
clock 0.75864697 0.49728528 0.6755197 0.5661653 0.7195735
spoon 0.71679115 0.4587503 0.615683 0.49936247 0.6756223
sink 0.665138 0.11693845 0.00022801012 0.85592717 0.13479939
sandwich 0.64791477 0.4900794 0.42980933 0.5173728 0.4514886
sandwich 0.6112086 0.4687418 0.4422587 0.49381238 0.45975742
wine glass 0.5874991 0.4716118 0.5548969 0.5101216 0.57330984
wine glass 0.56033444 0.46792108 0.53795165 0.49791276 0.5541772
tennis racket 0.5152547 0.43981576 0.55419934 0.51159155 0.57499886
sandwich 0.5118981 0.48845997 0.4513375 0.5161902 0.46731624
wine glass 0.43477738 0.4661455 0.19732234 0.5156175 0.22295636
sandwich 0.42525926 0.46281195 0.4246815 0.490793 0.4436899
sandwich 0.3900261 0.48142904 0.4155721 0.51148957 0.43116683
sandwich 0.36999682 0.50747335 0.41524717 0.536408 0.47352841
spoon 0.36604756 0.52947825 0.41066465 0.5585195 0.4992319
clock 0.3494226 0.4643974 0.7234221 0.5693342 0.7829842
clock 0.31161192 0.4526552 0.33191177 0.5116826 0.36598548
sandwich 0.3100808 0.47845742 0.46065506 0.50440264 0.47503105
