cake 0.9716698 0.55680156 0.50077194 0.99550766 0.67397517
sink 0.9522248 0.27150986 0.10682112 0.80784655 0.24918455
cake 0.9118184 0.54445064 0.65607244 0.93294215 0.7606868
cake 0.8446749 0.5360069 0.7368814 0.8670936 0.82251024
couch 0.7964335 0.49655813 0.30822462 0.54569393 0.34300423
microwave 0.6579454 0.61511236 0.35948288 0.8010302 0.43136007
tennis racket 0.5717367 0.33131164 0.07833722 0.39853942 0.09600778
fork 0.5603163 0.4905765 0.25806206 0.51114994 0.2704637
fork 0.53675103 0.5019236 0.26541388 0.5174208 0.27631176
fork 0.5167291 0.517784 0.26295495 0.53317636 0.27951372
toaster 0.49555662 0.5340806 0.5309756 0.54876655 0.5899799
tennis racket 0.46374893 0.3459549 0.055685643 0.39724162 0.07633823
toaster 0.3682454 0.52687293 0.048267692 0.5400972 0.10233578
tennis racket 0.36603215 0.3257692 0.050070006 0.39458457 0.065322034
spoon 0.35945535 0.5362661 0.7012528 0.55247945 0.7297951
toaster 0.3576929 0.53326684 0.47444186 0.5605333 0.5293972
toaster 0.31093726 0.50726265 0.04900643 0.5358291 0.072312795
