tennis racket 0.66722316 0.5288203 0.24744964 0.5530354 0.26157632
wine glass 0.6265477 0.42744383 0.09656931 0.4519067 0.12063995
clock 0.59442824 0.5502154 0.8629173 0.5645037 0.8834797
wine glass 0.54448783 0.4403402 0.16486599 0.4560764 0.18049087
wine glass 0.51070327 0.43665826 0.18563966 0.4569831 0.19869971
tennis racket 0.51051736 0.5314084 0.26354244 0.55307186 0.2744249
couch 0.49208382 0.5248534 0.84771574 0.5673376 0.8978266
bowl 0.48235574 0.55526954 0.49604654 0.57352656 0.5166947
wine glass 0.43406302 0.44470263 0.20300336 0.45907056 0.21737437
toaster 0.41951925 0.5769346 0.56623155 0.59337795 0.6198517
toaster 0.41721058 0.5546215 0.13302097 0.56799895 0.28826433
wine glass 0.402318 0.44741327 0.25601134 0.4632972 0.27311525
wine glass 0.38839665 0.44637358 0.24170691 0.46167976 0.25679693
wine glass 0.37854725 0.44567975 0.22780082 0.45979103 0.23789844
wine glass 0.36320755 0.44017032 0.1480953 0.45603886 0.16442995
wine glass 0.3595001 0.43518037 0.12774937 0.45351893 0.1452854
toaster 0.35520458 0.5770861 0.6200839 0.5976565 0.7596171
bowl 0.34187764 0.55740994 0.47472826 0.5780855 0.50027585
tennis racket 0.3216071 0.48229977 0.5922196 0.4980332 0.6049695
wine glass 0.3142093 0.48289695 0.01365008 0.5028589 0.041492645
couch 0.31007454 0.43916252 0.25911477 0.4644253 0.2985234
