cake 0.9292236 0.7247832 0.30560085 0.98873514 0.40068802
cake 0.8645299 0.7266317 0.6015089 0.9911064 0.6972589
sink 0.8151873 0.37114817 0.021880481 0.88767153 0.13051492
cake 0.76979005 0.7264633 0.45405087 0.99212795 0.548316
fork 0.6293637 0.5140458 0.5345938 0.5332731 0.5414829
microwave 0.60796005 0.550671 0.5804588 0.5694124 0.702535
spoon 0.5322119 0.48278183 0.83142745 0.5086498 0.8501142
fork 0.51617277 0.52884585 0.53750813 0.55068564 0.5509205
fork 0.44660822 0.5120285 0.5407996 0.5257659 0.54650986
fork 0.429947 0.49828735 0.5682376 0.52607995 0.5743483
toaster 0.41828218 0.5586346 0.33373195 0.569848 0.41827607
wine glass 0.41239268 0.5375681 0.8212963 0.5619543 0.8371565
spoon 0.39373645 0.49139017 0.8831611 0.51313263 0.9014227
couch 0.32534152 0.5227786 0.5566994 0.5642519 0.57503223
spoon 0.31556448 0.4773394 0.8821284 0.49287564 0.901429
