cake 0.9752274 0.5513013 0.641073 0.9087848 0.791389
couch 0.95634097 0.14000405 0.26906502 0.578898 0.47721726
clock 0.9534664 0.37660453 0.32861692 0.57887477 0.39939386
sink 0.8489853 0.23447001 9.787828e-05 0.7785217 0.20614752
cake 0.79445225 0.53355646 0.5456203 0.81714606 0.65288234
spoon 0.7154563 0.5825666 0.7960806 0.6149344 0.8355762
toaster 0.68347484 0.5771873 0.16443738 0.61481035 0.31638575
chair 0.5842267 0.5088575 0.7051672 0.8927231 0.9618499
wine glass 0.5562508 0.5841631 0.76904213 0.6146205 0.7872137
wine glass 0.5278458 0.58228487 0.7271036 0.6183534 0.74306
chair 0.5091208 0.52289027 0.6983763 0.67778766 0.9621098
clock 0.42330387 0.5149337 0.6135148 0.6049758 0.6784687
couch 0.4110911 0.4378084 0.60362494 0.60008854 0.69831705
clock 0.40399322 0.51937634 0.64310473 0.5551028 0.6665483
wine glass 0.36948055 0.5798922 0.74733615 0.6120907 0.7717526
wine glass 0.30018243 0.5809923 0.7477479 0.6168485 0.7873347
