cake 0.95896065 0.6763289 0.5396503 0.89888823 0.7903553
cake 0.9287192 0.6742752 0.23356742 0.8932139 0.4878804
cake 0.92167497 0.6417256 0.2882181 0.7607458 0.4773479
spoon 0.7534283 0.5384392 0.20578322 0.559938 0.24813193
spoon 0.67043597 0.6775278 0.43656808 0.692217 0.5527633
wine glass 0.62063175 0.5435811 0.2689882 0.5607227 0.2908326
cake 0.5967415 0.6121885 0.38743675 0.67484933 0.56811213
wine glass 0.5411898 0.54267925 0.29512548 0.56075424 0.3192953
toaster 0.48514184 0.6100043 0.011200644 0.6338279 0.22925445
bowl 0.48408106 0.66156745 0.49247247 0.68012714 0.5180617
bowl 0.38976058 0.6596051 0.4421578 0.6814 0.54542524
wine glass 0.34184533 0.54147434 0.2454199 0.55901015 0.26716295
