cake 0.8331016 0.8064156 0.4933449 1.0 0.65878844
cake 0.81008434 0.74127865 0.63427216 0.99727935 0.71293396
cake 0.8088784 0.803923 0.33260596 0.99601966 0.4832273
cake 0.806442 0.7063857 0.54274243 0.7435427 0.6162545
cake 0.7205361 0.6293189 0.326563 0.75910324 0.38896286
couch 0.7203111 0.6879273 0.45708063 0.78161514 0.54697686
cake 0.69396406 0.70908386 0.40046367 0.7402005 0.46270677
cake 0.66754043 0.60998094 0.23080479 0.8032517 0.29450294
wine glass 0.57074887 0.60521823 0.06819732 0.6287923 0.07719722
toaster 0.5039498 0.58432287 0.46803683 0.60221815 0.5284634
toaster 0.4620902 0.59429306 0.24845584 0.6074326 0.29599082
cake 0.44281563 0.7320033 0.28894958 0.99689204 0.34770212
couch 0.43811682 0.55205846 0.603692 0.5869213 0.6201535
wine glass 0.42548418 0.60879457 0.05681109 0.62814474 0.06583689
couch 0.4074051 0.7007712 0.45008147 0.78006256 0.49112266
spoon 0.4068261 0.5021378 0.43504548 0.51864314 0.4604997
spoon 0.38060823 0.5618489 0.1478796 0.5845756 0.18090716
wine glass 0.33736643 0.59585094 0.3587968 0.6095832 0.3715168
cake 0.31608152 0.7305453 0.28933305 0.7972618 0.33382678
tennis racket 0.3116986 0.57503635 0.05095985 0.62860894 0.06158291
