wine glass 0.67384976 0.7329905 0.16286825 0.8083536 0.19482802
wine glass 0.6734741 0.18305318 0.32753652 0.2551438 0.3544786
wine glass 0.59337837 0.7779401 0.12395339 0.85955745 0.15607722
wine glass 0.5915811 0.772754 0.17836578 0.8303895 0.21010248
wine glass 0.56838334 0.18433398 0.30087003 0.25415874 0.3272635
wine glass 0.555261 0.19614778 0.40059885 0.2587868 0.41555056
cake 0.54578173 0.5178972 0.59925014 0.604587 0.63686067
couch 0.5382998 0.4885964 0.4971258 0.5627882 0.5622577
cake 0.53510046 0.5635017 0.5681952 0.6191561 0.62332785
wine glass 0.4986498 0.75152797 0.1228574 0.783656 0.15164955
clock 0.4513783 0.67649275 0.7936339 0.8174625 0.88780135
wine glass 0.44226512 0.33754113 0.62351644 0.35520917 0.6374891
wine glass 0.43819284 0.18448389 0.35413754 0.2565725 0.36819917
cake 0.4340194 0.5419317 0.6238315 0.61888266 0.6515306
wine glass 0.4257067 0.33342037 0.42430753 0.3498984 0.4376859
cake 0.41097057 0.53009576 0.56668013 0.6167417 0.62518114
wine glass 0.3967775 0.224811 0.62220156 0.26684302 0.64057076
cake 0.3923452 0.54798496 0.46573073 0.6201011 0.50560147
wine glass 0.38557526 0.33185187 0.33838344 0.3473908 0.35175425
wine glass 0.38523826 0.33195373 0.31034404 0.34612232 0.3201123
wine glass 0.3474537 0.33853894 0.60379547 0.3564208 0.61863023
spoon 0.34272298 0.0849304 0.51306933 0.116665006 0.5613362
wine glass 0.34121075 0.33974254 0.63728684 0.35700226 0.6482081
wine glass 0.33185923 0.3324655 0.406919 0.35022697 0.4187283
donut 0.3312222 0.6149359 0.5607795 0.65070856 0.58598965
wine glass 0.30822477 0.33248708 0.44409937 0.3505444 0.46445483
