donut 0.93006706 0.6930144 0.32348713 0.8110057 0.49682203
tennis racket 0.7555149 0.54418385 0.14285257 0.660946 0.18671538
toaster 0.7044867 0.6780943 0.004241375 0.7308665 0.22981684
wine glass 0.56557804 0.7211973 0.24428925 0.7611725 0.27764052
toaster 0.53992635 0.5529878 0.3893315 0.5917624 0.66921073
spoon 0.4288853 0.52881813 0.06755609 0.5538703 0.1563942
couch 0.40236574 0.5026357 0.34907475 0.5400088 0.3880553
tennis racket 0.4014445 0.49534622 0.39338195 0.5405936 0.41304886
tennis racket 0.34240794 0.6031093 0.49404505 0.7285175 0.5558928
wine glass 0.3246646 0.6947844 0.19457091 0.7256726 0.22788724
clock 0.3114131 0.68301857 0.2752691 0.7274052 0.37623373
