cake 0.7878499 0.43367276 0.57017267 0.5692054 0.6125754
couch 0.7836141 0.36404273 0.24820648 0.5007822 0.35574386
cake 0.75984895 0.42975134 0.48442945 0.50469494 0.53260475
toaster 0.755664 0.5184112 0.31375083 0.5561667 0.43291643
sandwich 0.6307248 0.55223876 0.22340474 0.5820589 0.2437458
sandwich 0.61261123 0.5736877 0.2330413 0.6058709 0.25809193
sandwich 0.60456747 0.5880784 0.1874958 0.6160505 0.21540955
chair 0.60112447 0.42975134 0.48442945 0.50469494 0.53260475
sandwich 0.58204114 0.58294183 0.21393868 0.61121655 0.23748067
cake 0.57552254 0.48533824 0.14497511 0.54666424 0.22600318
sandwich 0.5496081 0.56168395 0.24401501 0.59171015 0.26279184
couch 0.5373708 0.4743803 0.8069277 0.57970303 0.8443785
sandwich 0.51595134 0.5585008 0.20289509 0.5896381 0.23032038
sandwich 0.50493646 0.5638862 0.16857798 0.5930113 0.19355865
clock 0.50013816 0.43443322 0.36421034 0.46423858 0.38713256
cake 0.48696482 0.9433619 0.16711915 1.0 0.26586497
clock 0.48503575 0.52415353 0.8077411 0.5802694 0.8448805
clock 0.40716577 0.4427579 0.28344744 0.502396 0.32033354
clock 0.4019008 0.45454925 0.31147677 0.5231571 0.34187245
couch 0.39179966 0.46505117 0.80740935 0.5798745 0.86813813
cake 0.3777494 0.50647587 0.05059957 0.5850709 0.1623061
cake 0.36964875 0.44449875 0.384567 0.48904094 0.43223014
couch 0.33519465 0.41782987 0.3569132 0.46279293 0.39161694
cake 0.32923776 0.43617627 0.42893696 0.48379332 0.4603173
clock 0.3187296 0.44168037 0.28608605 0.50132436 0.35112593
sandwich 0.31132123 0.55594456 0.19253099 0.5799867 0.20892978
