sink 0.84810066 0.35860205 0.2677608 0.7269089 0.3217544
toaster 0.7942807 0.55846894 0.44974244 0.6052397 0.5796218
spoon 0.7410167 0.31080425 0.58769315 0.33972967 0.6294612
couch 0.6273082 0.19435133 0.3899613 0.30298162 0.496597
clock 0.58478945 0.18774652 0.5781579 0.23680866 0.6079289
spoon 0.5760324 0.28249872 0.75454277 0.32049525 0.7987291
wine glass 0.556755 0.32561004 0.56799036 0.34588453 0.58333474
wine glass 0.5280954 0.3257644 0.53992355 0.35045984 0.555436
spoon 0.50066584 0.41338834 0.44330624 0.42350802 0.46096763
wine glass 0.49042994 0.28647354 0.72055787 0.3284456 0.7464114
wine glass 0.477864 0.28984368 0.7010441 0.33014175 0.7218511
wine glass 0.47391015 0.9504185 0.8191358 0.9870183 0.8505707
spoon 0.45668504 0.2531769 0.75621617 0.27774328 0.79925334
wine glass 0.4433116 0.3233412 0.5551286 0.34701854 0.5680443
cell phone 0.44054562 0.36104566 0.3736318 0.42791417 0.40894994
spoon 0.41673315 0.2711385 0.7556567 0.28508645 0.79809546
spoon 0.409821 0.3625133 0.82242256 0.39089197 0.86183757
wine glass 0.4089043 0.32213083 0.5051593 0.35330054 0.51532656
wine glass 0.4064927 0.34245116 0.4610873 0.36587676 0.47090012
wine glass 0.3861684 0.34671444 0.44642732 0.37034464 0.4559138
wine glass 0.3799017 0.36704978 0.80772376 0.3981343 0.82595885
spoon 0.37941185 0.56687915 0.71385515 0.64387333 0.7747015
spoon 0.3626694 0.9667299 0.8459356 0.99851227 0.87702143
wine glass 0.3611014 0.37694433 0.7560625 0.40579116 0.78755605
spoon 0.3593389 0.2452516 0.8651164 0.26272455 0.9365249
spoon 0.35868096 0.2827021 0.63813436 0.3316907 0.66780853
spoon 0.3570482 0.98319674 0.8756793 1.0 0.9024233
sink 0.35146874 0.29730883 0.27261183 0.7376983 0.41770998
wine glass 0.34465936 0.92957973 0.8761026 0.9745765 0.9090436
clock 0.3329094 0.606523 0.0 0.79337937 0.058911517
wine glass 0.33084175 0.34308052 0.45357394 0.36785135 0.46245766
wine glass 0.33033416 0.8825442 0.7893775 0.9166953 0.81691605
spoon 0.31557825 0.9504185 0.8191358 0.9870183 0.8505707
wine glass 0.31218085 0.9338907 0.7970873 0.9664079 0.82592547
spoon 0.3112755 0.36950025 0.70393246 0.38803273 0.7612832
spoon 0.30111286 0.2504705 0.6761207 0.30960703 0.7124091
