spoon 0.83815175 0.58886 0.3746414 0.6477036 0.45495376
tennis racket 0.66312885 0.46510604 0.5522549 0.5000537 0.56962526
tennis racket 0.6207674 0.43180662 0.51604646 0.4537622 0.52623016
wine glass 0.5882441 0.14068213 0.19355634 0.27583387 0.23886314
wine glass 0.56276315 0.7645782 0.546219 0.7902528 0.55701137
tennis racket 0.55366904 0.46396074 0.5368505 0.5009888 0.552658
tennis racket 0.54253674 0.46417093 0.57014996 0.49996284 0.58960456
tennis racket 0.5353403 0.4613744 0.6094522 0.5011865 0.6241887
tennis racket 0.52835155 0.42207214 0.56319267 0.45119092 0.57631797
wine glass 0.5149963 0.22100297 0.26960194 0.3145583 0.30247974
wine glass 0.49176294 0.7850277 0.6047552 0.79954404 0.6199283
wine glass 0.46255025 0.6963629 0.545174 0.7288098 0.56770515
wine glass 0.45104834 0.17836778 0.2368724 0.2984495 0.2719932
wine glass 0.43996608 0.42211768 0.64059037 0.44791535 0.6582913
tennis racket 0.42597127 0.42146808 0.5784869 0.45059437 0.59132934
tennis racket 0.42231214 0.41959542 0.5927274 0.45017833 0.60717475
wine glass 0.40526274 0.73742676 0.4236116 0.7920994 0.44089374
tennis racket 0.39896563 0.4632034 0.52070284 0.5007341 0.5367646
tennis racket 0.376917 0.46283498 0.50474495 0.5026049 0.52108175
wine glass 0.37013212 0.6579539 0.60414773 0.67368776 0.62064785
spoon 0.3693731 0.17915678 0.36519268 0.26907098 0.41454414
wine glass 0.3645139 0.65045744 0.54742604 0.6698361 0.57422644
wine glass 0.3625657 0.42212227 0.68759155 0.4464343 0.7060019
tennis racket 0.35724422 0.41962227 0.6092839 0.4491953 0.6228205
wine glass 0.33908337 0.77093184 0.6424173 0.80576247 0.66455877
tennis racket 0.3366834 0.9084127 0.80562645 0.9600502 0.8297352
spoon 0.33170903 0.6963629 0.545174 0.7288098 0.56770515
wine glass 0.31869277 0.15202107 0.23854804 0.19030212 0.2710969
clock 0.3168294 0.0018198563 0.16810268 0.14728844 0.30507684
wine glass 0.31435362 0.21907258 0.3009366 0.3369944 0.3337421
wine glass 0.31244808 0.4180987 0.7070497 0.4460435 0.7251991
