cake 0.94475156 0.7202893 0.5189189 0.9620391 0.6647328
cake 0.9398133 0.6016037 0.25265986 0.9561169 0.43080682
cake 0.86861837 0.5776552 0.17674476 0.88372827 0.26476353
cake 0.85567147 0.5601384 0.115385026 0.83378565 0.18568254
couch 0.83635473 0.40884146 0.67047733 0.5402346 0.76243514
couch 0.686005 0.43428773 0.43029705 0.49652094 0.4788368
spoon 0.6735199 0.570901 0.4274184 0.59911853 0.46616203
wine glass 0.61239314 0.5622829 0.3758013 0.59944427 0.3998998
clock 0.60295594 0.47612482 0.17941555 0.50899255 0.20213956
wine glass 0.54708517 0.5469729 0.303809 0.578814 0.32380784
clock 0.5465795 0.4705057 0.44163314 0.49519938 0.46238992
wine glass 0.5388966 0.58059645 0.46577984 0.61855865 0.49144316
sandwich 0.5380265 0.5277464 0.4224568 0.54385954 0.4718719
tennis racket 0.5213208 0.4913511 0.63059616 0.51601195 0.63978696
spoon 0.5101023 0.5377096 0.4147752 0.57636636 0.48505896
spoon 0.49830317 0.5358954 0.4850342 0.58845776 0.54370725
couch 0.4661673 0.4418873 0.16999733 0.50897944 0.21541914
banana 0.45860854 0.53956044 0.5108936 0.551713 0.5244796
sandwich 0.42826632 0.5332561 0.42146626 0.543372 0.43601587
tennis racket 0.42767844 0.4755544 0.5932052 0.5133005 0.6075897
sandwich 0.41437024 0.53396136 0.49493885 0.5503021 0.5109364
sandwich 0.40059724 0.5295588 0.42782873 0.54235685 0.45107627
spoon 0.38603154 0.48332542 0.53417397 0.51341695 0.56946695
sandwich 0.38426498 0.5281766 0.45634744 0.5424104 0.47589728
banana 0.38337338 0.53396136 0.49493885 0.5503021 0.5109364
clock 0.3718185 0.5075592 0.7048692 0.53985775 0.74406236
banana 0.3706279 0.5325466 0.51469004 0.5520148 0.5426229
toaster 0.36317334 0.49441332 0.4160096 0.5139478 0.46360022
clock 0.34841383 0.4843613 0.6104941 0.5141651 0.62479013
apple 0.34253466 0.5635739 0.56686765 0.5767903 0.59339863
tennis racket 0.33941156 0.4843613 0.6104941 0.5141651 0.62479013
knife 0.30758193 0.6037418 0.3683563 0.62300503 0.4413191
