cake 0.9790654 0.61671346 0.3285707 0.9343948 0.44057938
cake 0.9666714 0.61589926 0.5999298 0.9349022 0.7258936
cake 0.9531154 0.6120044 0.46963173 0.9308538 0.5805642
banana 0.7266578 0.53957653 0.42289454 0.5909039 0.50529605
spoon 0.6279689 0.50488704 0.5339066 0.52852553 0.57275283
spoon 0.5694976 0.30769694 0.87504137 0.33121642 0.9005382
wine glass 0.5153705 0.34682187 0.86082953 0.37499312 0.87150496
spoon 0.51448727 0.3154612 0.7905656 0.3298616 0.8118924
cake 0.51241666 0.5057753 0.3893597 0.5658961 0.4577188
cake 0.51107955 0.5237262 0.29066026 0.57155955 0.327617
banana 0.50707614 0.5411897 0.47054827 0.56187135 0.48725176
spoon 0.5032552 0.315598 0.86091185 0.3303132 0.8750849
toaster 0.5017631 0.5656464 0.58326685 0.58388233 0.6572453
clock 0.49795288 0.4837025 0.32253483 0.5304339 0.33936152
toaster 0.47957084 0.57111156 0.00285732 0.607666 0.08721011
cake 0.4760415 0.52506775 0.35686725 0.5664886 0.39498967
spoon 0.4468381 0.28460893 0.1638199 0.33847514 0.19706587
spoon 0.44310394 0.5029815 0.14797156 0.5237614 0.1675878
banana 0.43494606 0.5576112 0.47832596 0.57051104 0.49540108
wine glass 0.4223915 0.315598 0.86091185 0.3303132 0.8750849
spoon 0.41730595 0.5473004 0.42264903 0.5902669 0.50871027
toaster 0.40425158 0.5200766 0.6183658 0.53625035 0.73680896
couch 0.3851659 0.4534166 0.30393583 0.53335494 0.3703894
spoon 0.38109335 0.34911314 0.8011821 0.37581316 0.8306995
knife 0.34612924 0.4681765 0.60328645 0.49758384 0.61198956
banana 0.34220657 0.5602291 0.43910265 0.56861234 0.45453125
cake 0.3281168 0.5359996 0.39223784 0.56881636 0.4553517
wine glass 0.32295543 0.34911314 0.8011821 0.37581316 0.8306995
wine glass 0.30891475 0.3154612 0.7905656 0.3298616 0.8118924
tennis racket 0.30638584 0.4704072 0.74169 0.52816427 0.7650711
