cake 0.93676555 0.6711383 0.73228115 0.83427334 0.88509405
cake 0.9145932 0.66994494 0.5645704 0.8348704 0.7031494
book 0.85167277 0.35089815 0.051087607 0.52084535 0.12790836
clock 0.7615124 0.5534022 0.70911837 0.62035894 0.74406296
microwave 0.693455 0.5924479 0.3181018 0.7084055 0.35679007
tennis racket 0.67223364 0.54375654 0.79368496 0.57600826 0.80763793
knife 0.59454006 0.54074043 0.50286216 0.5631296 0.5119732
couch 0.582217 0.4634447 0.6549588 0.61808085 0.79857725
sink 0.43144006 0.38943076 0.15898626 0.84852517 0.2657319
spoon 0.40341133 0.5746504 0.8112291 0.5855483 0.83471555
knife 0.4029963 0.545949 0.5095436 0.56509995 0.52254707
cake 0.38290036 0.6578761 0.85992604 0.7992025 0.9137236
