cake 0.8215466 0.777592 0.592958 0.9989171 0.705534
cake 0.7876291 0.77754265 0.38367736 0.9988844 0.48923737
spoon 0.7726004 0.5958794 0.7649409 0.640473 0.81640834
sink 0.76274747 0.31731382 0.062041096 0.6500097 0.26059532
cake 0.6817539 0.7795643 0.157752 1.0 0.2841513
sandwich 0.6709462 0.59979934 0.2803979 0.6264367 0.29968584
sandwich 0.65201646 0.60061586 0.3031219 0.62775844 0.3238422
tennis racket 0.5636094 0.528682 0.23930866 0.6401202 0.26198828
microwave 0.557566 0.55818903 0.36996406 0.6071208 0.5390505
sink 0.5536382 0.2623055 0.059649386 0.65621704 0.25829056
spoon 0.5362598 0.39511573 0.98568434 0.4407484 0.9998662
spoon 0.53211266 0.30253282 0.96094686 0.32089442 0.9977799
sandwich 0.48827013 0.569984 0.77824193 0.59490806 0.7985212
tennis racket 0.46346217 0.5017319 0.29146644 0.57376647 0.3071427
spoon 0.43360594 0.3399555 0.95948154 0.3545149 0.9824887
tennis racket 0.39712253 0.5371417 0.23212151 0.63853866 0.24696438
spoon 0.370229 0.2863064 0.9620431 0.3025133 0.99974495
spoon 0.3637761 0.40191877 0.95885473 0.42101985 0.98440343
banana 0.35570306 0.58013326 0.767907 0.59783304 0.7828702
spoon 0.3528979 0.3166199 0.96087575 0.33458295 0.9967449
banana 0.35207948 0.59979934 0.2803979 0.6264367 0.29968584
banana 0.33646834 0.57401127 0.79715496 0.59907156 0.816729
spoon 0.3330696 0.38343987 0.9593013 0.40308282 0.99852806
banana 0.32774413 0.569984 0.77824193 0.59490806 0.7985212
microwave 0.30008817 0.572893 0.81939363 0.68533456 0.9652679
