toaster 0.8213579 0.6890007 0.11055417 0.7445882 0.29252708
sink 0.79066956 0.35303533 0.8261279 0.7301958 0.9678036
cake 0.7549684 0.70015264 0.9229697 0.7667951 0.97006536
spoon 0.6808408 0.65348125 0.72337234 0.7252264 0.8219559
fork 0.6276674 0.54055864 0.5220626 0.5630853 0.53505856
cake 0.61478215 0.66483235 0.8849768 0.71611327 0.9209134
clock 0.60521245 0.5747282 0.32151645 0.6131407 0.35615456
fork 0.58503115 0.52876407 0.51705843 0.5559376 0.52861804
couch 0.58027864 0.43471527 0.30876666 0.61031955 0.3910215
fork 0.5230257 0.55994713 0.52032626 0.57865417 0.53112245
banana 0.50994116 0.64990866 0.73714656 0.6939783 0.812108
spoon 0.4936189 0.56540877 0.43192127 0.5902902 0.47315988
banana 0.48599702 0.64993143 0.746886 0.6669436 0.76377225
banana 0.43604413 0.6642425 0.73887414 0.6924327 0.76007384
banana 0.43131867 0.6550604 0.79271877 0.6845564 0.81049967
banana 0.42459917 0.65644723 0.7296204 0.68703836 0.74790007
banana 0.40637618 0.66622335 0.76716214 0.6955412 0.7941666
microwave 0.3623261 0.57707566 0.61137927 0.6457411 0.823266
banana 0.36133313 0.6532945 0.77603686 0.6780114 0.7958813
bowl 0.35799557 0.5302462 0.76659477 0.5779448 0.7932131
