tennis racket 0.5920259 0.1529401 0.29488143 0.24206278 0.3270617
tennis racket 0.53870803 0.21408889 0.13479991 0.29887292 0.17120093
tennis racket 0.5235095 0.16879417 0.24877486 0.22691233 0.27573195
spoon 0.48022792 0.19606307 0.6965467 0.22140563 0.7800899
tennis racket 0.4755401 0.2767108 0.25772876 0.36103368 0.3015895
tennis racket 0.47366643 0.16091129 0.27079365 0.2342194 0.2954869
tennis racket 0.46122545 0.13098553 0.19561793 0.21663252 0.23851652
tennis racket 0.43013865 0.20503956 0.005855134 0.28378245 0.06422681
tennis racket 0.40156287 0.65271384 0.74236804 0.6866296 0.7586185
tennis racket 0.396812 0.27441427 0.20254786 0.3538725 0.23167977
tennis racket 0.37468588 0.20438851 0.007042333 0.25366914 0.063303225
tennis racket 0.37398154 0.06192118 0.05206438 0.18435234 0.10844301
tennis racket 0.37050998 0.16014676 0.3241595 0.25067085 0.358747
tennis racket 0.3701801 0.058518477 0.0010355416 0.10132941 0.030246569
tennis racket 0.36977807 0.087478064 0.105100654 0.15146673 0.13905257
tennis racket 0.3619201 0.20976873 0.101488814 0.29348242 0.14132957
tennis racket 0.35746 0.24732192 0.061064254 0.28632632 0.10492237
spoon 0.3292794 0.53286743 0.7281733 0.5572034 0.81623816
tennis racket 0.322227 0.29327118 0.32681316 0.36585474 0.35058454
tennis racket 0.31890953 0.05746732 0.0011474269 0.16606456 0.03661126
tennis racket 0.3188039 0.2784744 0.25939098 0.31722212 0.30104995
tennis racket 0.31859723 0.27515516 0.20481803 0.32874897 0.23096138
