couch 0.9320515 0.35447383 0.23440619 0.5368248 0.3637616
microwave 0.90514725 0.5261047 0.7874064 0.9701741 0.9904173
couch 0.78120154 0.43367144 0.8091697 0.525495 0.87358266
spoon 0.700538 0.5151168 0.5492216 0.55378234 0.63697594
banana 0.650674 0.47741976 0.5781408 0.5029128 0.59632033
clock 0.5243759 0.49495924 0.27549326 0.534485 0.3063038
spoon 0.5079462 0.5540835 0.0494799 0.582043 0.1033687
clock 0.4469345 0.40766338 0.0 0.62490946 0.0515799
cell phone 0.38043973 0.56976396 0.32320112 0.6930474 0.3672943
banana 0.38012898 0.47949827 0.5745049 0.50006205 0.58648854
microwave 0.3650898 0.56976396 0.32320112 0.6930474 0.3672943
toaster 0.31023166 0.55206877 0.13155876 0.7321464 0.32554257
tennis racket 0.302655 0.48412678 0.19228128 0.55643034 0.2106773
