cake 0.89429796 0.8253607 0.26179507 0.99787575 0.45978937
spoon 0.81531596 0.60598266 0.33505392 0.6654537 0.44027364
cake 0.7941781 0.8890733 0.54309386 0.99306613 0.7568036
cake 0.7707214 0.7143322 0.14139706 1.0 0.2613094
microwave 0.6987256 0.41902846 0.06216164 0.7565062 0.21654876
cake 0.62772274 0.54830205 0.0006462205 0.73243695 0.027856493
cell phone 0.62297994 0.43318683 0.07332149 0.556442 0.2111929
microwave 0.564649 0.41648903 0.061365567 0.83267236 0.21663976
wine glass 0.5395458 0.67173177 0.5682142 0.73103315 0.5902883
sink 0.53923345 0.29306754 0.85704243 0.98972106 0.9999603
sandwich 0.51742667 0.6048685 0.3867632 0.62094223 0.39954665
toaster 0.4160935 0.60180736 0.5425121 0.63559127 0.6651241
sandwich 0.39476064 0.60515887 0.39767367 0.6304226 0.4136305
cake 0.36928067 0.7185331 0.14257996 0.9997611 0.32954872
bowl 0.3664194 0.6998353 0.4663605 0.7427634 0.5455318
clock 0.33611426 0.5531107 0.6242892 0.61083174 0.637078
toaster 0.32939175 0.6041486 0.5701096 0.63519204 0.660923
