spoon 0.7422987 0.75817263 0.6946648 0.8664483 0.74451774
tennis racket 0.61318713 0.6568399 0.54449195 0.69747716 0.5597113
spoon 0.6106767 0.6044517 0.0046464354 0.7474671 0.16140331
spoon 0.545336 0.7134008 0.6729411 0.79011995 0.74284434
tennis racket 0.54265064 0.41764614 0.44891143 0.46764153 0.46084207
tennis racket 0.5241722 0.61377954 0.5344571 0.6834657 0.5476265
tennis racket 0.52272445 0.32923362 0.634137 0.38128242 0.6487023
tennis racket 0.4589673 0.32705927 0.3436713 0.37848598 0.35692778
tennis racket 0.4557273 0.42057732 0.46051288 0.4669937 0.47235382
tennis racket 0.41484052 0.53834957 0.44212285 0.59192806 0.45246473
tennis racket 0.39163825 0.29206985 0.33044052 0.36773902 0.34389699
tennis racket 0.35708353 0.41781357 0.4724981 0.4671851 0.48465553
spoon 0.35446218 0.15902427 0.71633005 0.25601187 0.78057945
spoon 0.3245996 0.6323088 0.82074076 0.80207497 1.0
spoon 0.30792958 0.5147699 0.028004762 0.5715014 0.12510218
