cake 0.8912671 0.8321081 0.52120334 1.0 0.7402906
cake 0.80873823 0.57945144 0.9137851 0.7496657 0.9822185
cake 0.73162913 0.6539377 0.7184608 0.992001 0.82492125
toaster 0.7037881 0.59308314 0.23709632 0.6273641 0.36968082
banana 0.67775583 0.71442485 0.31866646 0.75726503 0.34795547
clock 0.5572108 0.43732852 0.09460325 0.55617845 0.14362828
banana 0.5396066 0.7130017 0.33899054 0.7580184 0.37014952
tennis racket 0.5337452 0.5594244 0.23390907 0.6095109 0.25460762
cake 0.53088593 0.5864278 0.9744203 0.75517255 0.99926937
sink 0.49885955 0.30932236 0.6882226 0.7508228 0.8856682
couch 0.47273597 0.53287745 0.6437774 0.5705553 0.66358614
sink 0.34836555 0.3038639 0.6901272 0.62778956 0.8828836
couch 0.3289049 0.520465 0.61828727 0.5711921 0.64253813
cake 0.31120002 0.68830025 0.67749166 0.99261403 0.81883454
cake 0.30276528 0.6945691 0.67556053 0.99565685 0.7971193
