clock 0.7110706 0.57805103 0.3329664 0.65124875 0.39325678
sandwich 0.7014649 0.66248065 0.18094869 0.6830897 0.21336344
toaster 0.6955975 0.64576036 0.38953397 0.6696153 0.60664266
wine glass 0.69472784 0.377531 0.8824882 0.40804034 0.92370087
sandwich 0.6575919 0.6656083 0.15559897 0.6821213 0.18227288
couch 0.6401581 0.46743846 0.30949554 0.6527575 0.42574707
spoon 0.6341331 0.6086371 0.24876754 0.65134406 0.31313157
oven 0.6149144 0.6817947 0.06458054 0.78428406 0.15162244
spoon 0.582058 0.3774474 0.819913 0.40693918 0.87475157
clock 0.5737052 0.37062687 0.750922 0.40608084 0.81034225
spoon 0.55308557 0.5311217 0.8171972 0.54403514 0.88030994
sandwich 0.5448123 0.6643638 0.12510389 0.6857422 0.15817632
wine glass 0.4839631 0.44463792 0.83287966 0.473556 0.8645478
sandwich 0.48390135 0.67774314 0.16323157 0.6866874 0.18552133
spoon 0.46394673 0.5290613 0.75026774 0.5447372 0.8018739
wine glass 0.44347027 0.45025462 0.89723325 0.47401935 0.92272127
spoon 0.42887008 0.52222115 0.8180125 0.53037995 0.8781753
wine glass 0.41584292 0.52249193 0.9371422 0.53471863 0.9769432
wine glass 0.39232615 0.4553 0.80365586 0.47306976 0.8289822
banana 0.3724756 0.66248065 0.18094869 0.6830897 0.21336344
spoon 0.36855757 0.4988036 0.8176361 0.50747985 0.8788253
spoon 0.36404672 0.50959164 0.7524018 0.5173537 0.8031985
spoon 0.35984766 0.6646803 0.114407815 0.7212468 0.22468854
spoon 0.35808036 0.4873874 0.75284517 0.49840876 0.8035809
wine glass 0.3414152 0.5313159 0.93758434 0.5449985 0.9785129
wine glass 0.32626542 0.4873874 0.75284517 0.49840876 0.8035809
microwave 0.32485497 0.6855835 0.27718183 0.99803126 0.36382136
spoon 0.32228684 0.5166983 0.75219166 0.52696973 0.8034588
spoon 0.31103292 0.51486033 0.81859756 0.52192634 0.8768639
