cake 0.8809231 0.68280894 0.63125765 0.9997613 0.8872262
cake 0.8217197 0.64185554 0.18581073 0.893923 0.3830771
sink 0.7923011 0.2797523 0.71797043 0.79400164 0.98528385
tennis racket 0.6816724 0.49738908 0.26660532 0.529812 0.2780805
cake 0.65128833 0.66509175 0.29114217 0.9781085 0.5226725
sandwich 0.62829673 0.5596672 0.3985098 0.5696373 0.42933282
cake 0.6119403 0.6231009 0.13315861 0.81026065 0.28329358
cake 0.57702583 0.60363394 0.0730813 0.7595468 0.20219107
couch 0.5684266 0.48569915 0.5947582 0.5393381 0.6292884
sandwich 0.5046978 0.5494186 0.4261319 0.56613046 0.4562293
sandwich 0.48750088 0.56391376 0.42562452 0.570867 0.45059192
spoon 0.47026333 0.5497514 0.34983474 0.5953667 0.49755216
toaster 0.46370402 0.5328554 0.47455773 0.542989 0.59634215
sandwich 0.41713923 0.54901505 0.39251652 0.56435776 0.42502975
spoon 0.40809515 0.5629482 0.35052615 0.5967771 0.49589723
tennis racket 0.39551216 0.50634915 0.38127884 0.52761513 0.41115874
microwave 0.34586737 0.5351308 0.0 0.672466 0.05048854
sandwich 0.335452 0.54754454 0.37946513 0.56840223 0.4685292
toaster 0.32765156 0.5287563 0.0068200533 0.5395804 0.20854953
microwave 0.31635287 0.5307093 0.0053867437 0.6450848 0.20966993
cake 0.30071265 0.6650397 0.29190904 0.90876764 0.5228171
