cake 0.9414513 0.6571683 0.19967711 0.97107595 0.410499
cake 0.8859925 0.65698135 0.484555 0.971769 0.6906023
cake 0.87913686 0.66207856 0.72578436 0.9911609 1.0
wine glass 0.7366516 0.23414803 0.30622208 0.2623897 0.33387434
spoon 0.6723861 0.4348125 0.9330875 0.46597785 1.0
spoon 0.66593766 0.44446048 0.91426766 0.46649256 0.9609074
wine glass 0.64859104 0.2397817 0.9450971 0.26300275 0.97865415
wine glass 0.64662033 0.32259735 0.44038838 0.3468046 0.4699687
wine glass 0.64189434 0.23991004 0.91492605 0.26266995 0.9475871
wine glass 0.64044946 0.2337739 0.27665746 0.26287302 0.30502492
spoon 0.6184915 0.3154287 0.29358187 0.33393994 0.3565356
tennis racket 0.6007331 0.4784842 0.86172646 0.51089126 0.8868561
spoon 0.5824272 0.41369194 0.835164 0.43359888 0.87815994
spoon 0.58158916 0.24525516 0.8448995 0.26398665 0.9038951
sandwich 0.5757879 0.4776867 0.41605398 0.49695683 0.44596756
sandwich 0.553472 0.47196463 0.44421518 0.4988943 0.47845477
spoon 0.5477433 0.4343279 0.35879675 0.45428973 0.42051044
wine glass 0.54639715 0.32276562 0.47374603 0.34679446 0.50242907
tennis racket 0.51997757 0.47860408 0.89708215 0.5115099 0.9233124
tennis racket 0.49112487 0.15162581 0.35250956 0.17858425 0.37062475
tennis racket 0.48571303 0.47884932 0.82361484 0.51084536 0.8499277
spoon 0.4624498 0.33367765 0.3826086 0.34779662 0.42899594
wine glass 0.45304763 0.41369194 0.835164 0.43359888 0.87815994
wine glass 0.4412686 0.4397375 0.85354465 0.46381664 0.87459695
tennis racket 0.43042722 0.14280026 0.33285195 0.17861961 0.35152295
banana 0.42306098 0.47196463 0.44421518 0.4988943 0.47845477
toaster 0.38484287 0.47868893 0.56896365 0.5080585 0.83364534
toaster 0.33536178 0.45690918 0.54452443 0.5082034 0.8371945
wine glass 0.32674345 0.47884932 0.82361484 0.51084536 0.8499277
wine glass 0.32662255 0.33367765 0.3826086 0.34779662 0.42899594
spoon 0.30322596 0.33115527 0.28789207 0.3465015 0.3643753
tennis racket 0.30148977 0.16374494 0.51047665 0.19279672 0.52654123
