cake 0.9303473 0.7246799 0.5987877 1.0 0.78747135
cake 0.8320768 0.724302 0.8099628 0.9937385 1.0
wine glass 0.77333033 0.3590506 0.468335 0.39756745 0.48962584
fork 0.7417466 0.47684854 0.06360077 0.5226233 0.09874677
fork 0.6897975 0.46026492 0.047793966 0.50419724 0.07420604
fork 0.6157314 0.4593751 0.061160743 0.50798386 0.08997905
wine glass 0.610761 0.37101623 0.39412692 0.39924538 0.40812406
clock 0.5552509 0.4676901 0.5276685 0.5213805 0.5405015
wine glass 0.5373067 0.3773817 0.72306496 0.39961845 0.73482805
tennis racket 0.5343767 0.46064645 0.7364528 0.52659434 0.7505592
wine glass 0.52912664 0.2955161 0.39363414 0.33519346 0.40909427
tennis racket 0.52384573 0.46329972 0.7033878 0.52609855 0.71976
spoon 0.4992797 0.503407 0.43328086 0.5250544 0.46706215
wine glass 0.48960495 0.29940677 0.4820575 0.3136316 0.4994926
microwave 0.4873556 0.5503364 0.09926214 0.9079361 0.28704363
wine glass 0.4861625 0.37649906 0.7391666 0.39894733 0.75140166
clock 0.45667657 0.49486572 0.17632306 0.542387 0.20777577
knife 0.4542654 0.45219132 0.18260407 0.49441195 0.19654202
sandwich 0.44936875 0.49211374 0.45784715 0.50567794 0.46610513
tennis racket 0.44308868 0.4620528 0.71931833 0.5263768 0.7348388
spoon 0.43094924 0.31792128 0.4817918 0.33245087 0.50006753
spoon 0.42805296 0.29940677 0.4820575 0.3136316 0.4994926
couch 0.41136456 0.47515717 0.20589313 0.535649 0.24329206
microwave 0.40627727 0.5541735 0.19881672 0.90444833 0.28908965
sandwich 0.40127787 0.4931864 0.43008894 0.50515115 0.44325304
wine glass 0.39011425 0.37623736 0.71373665 0.39948863 0.722041
wine glass 0.3819698 0.29576746 0.41703376 0.3351307 0.43208358
wine glass 0.37861001 0.31792128 0.4817918 0.33245087 0.50006753
spoon 0.37040716 0.25321233 0.7807264 0.27034312 0.81437606
sandwich 0.3692156 0.4903648 0.4411972 0.5057866 0.45871165
wine glass 0.3680138 0.23780657 0.7138397 0.27201447 0.7301702
toaster 0.3671292 0.5722045 0.7323526 0.59064287 0.8569746
toaster 0.36335522 0.522153 0.5518146 0.5367337 0.70162755
wine glass 0.3615825 0.38463566 0.4163448 0.3989195 0.4282153
wine glass 0.34242475 0.23785037 0.73971754 0.27182066 0.75399214
couch 0.33285102 0.44990256 0.16885184 0.55034214 0.21800806
spoon 0.32731366 0.29609513 0.4535774 0.333852 0.47276664
spoon 0.30551624 0.23785037 0.73971754 0.27182066 0.75399214
