cake 0.9265697 0.5967966 0.5847004 0.8284535 0.77992076
couch 0.68986577 0.44646886 0.4462773 0.597318 0.58720297
couch 0.64786476 0.42660022 0.3572775 0.5919099 0.53071874
couch 0.62412053 0.48744512 0.0028000472 0.57134295 0.09488455
cake 0.56931365 0.5726835 0.80945134 0.7518175 0.8690492
book 0.5637031 0.21084222 0.9029818 0.26437542 0.9733452
banana 0.4984918 0.57005537 0.26760975 0.5903301 0.33634034
spoon 0.49580476 0.55577224 0.44607353 0.6026836 0.5473976
toaster 0.47901672 0.5571981 0.122260034 0.5727491 0.24632762
clock 0.4659793 0.55577224 0.44607353 0.6026836 0.5473976
couch 0.46031907 0.46213642 0.28869596 0.58853674 0.4327662
clock 0.43387255 0.55341953 0.33910185 0.59223145 0.37086526
clock 0.42967057 0.5595793 0.36682934 0.5880261 0.40886915
spoon 0.40054694 0.5603215 0.36712384 0.58880514 0.4087732
cake 0.3757518 0.58645654 0.7562448 0.79064596 0.828264
clock 0.34736502 0.52863646 0.41738158 0.590189 0.46212342
couch 0.30564314 0.49744585 0.00048043014 0.57646585 0.026028145
