cake 0.92869824 0.6230983 0.35574272 0.8821414 0.49187014
cake 0.9171746 0.56261694 0.018045902 0.683625 0.12121812
couch 0.797779 0.48394468 0.21703687 0.5662328 0.3283319
spoon 0.60732275 0.5517142 0.82447016 0.57468665 0.87223125
cake 0.58190113 0.61259854 0.2683464 0.84407735 0.36453786
spoon 0.51197755 0.5542356 0.24208398 0.5765506 0.31709644
cake 0.4719411 0.59321165 0.15352273 0.7693404 0.20893584
cake 0.4521776 0.599768 0.19974367 0.8020254 0.289745
toaster 0.43020833 0.56651115 0.35657156 0.5798596 0.5309958
cake 0.42672762 0.55016565 0.14062391 0.5688766 0.20367071
banana 0.36928487 0.54026604 0.25937244 0.55748594 0.27574596
cake 0.35227716 0.5529358 0.97149885 0.62888604 1.0
toaster 0.31736925 0.54989076 0.29979378 0.56357026 0.4053566
cake 0.31058815 0.55815613 0.09361546 0.6172795 0.13329126
toaster 0.3055996 0.5618203 0.43922305 0.57667893 0.52825075
