clock 0.6959002 0.5361263 0.1931811 0.62059486 0.22229919
clock 0.67428035 0.39595985 0.024769172 0.42855397 0.04755628
fork 0.6439872 0.6899414 0.5382069 0.7338215 0.6009534
toaster 0.62876004 0.56222403 0.50860846 0.57635933 0.58832216
microwave 0.55969805 0.5796915 0.26371455 0.64571244 0.49900317
cell phone 0.5531686 0.47400594 0.0826488 0.5077677 0.11604646
spoon 0.4351573 0.43805343 0.01664171 0.45628685 0.031174064
spoon 0.3686085 0.44290486 0.03575124 0.45639354 0.05205469
wine glass 0.33827806 0.41532296 0.105241604 0.4360029 0.124063544
book 0.33070937 0.5274136 0.83207405 0.5916956 0.86941123
broccoli 0.3068943 0.40665758 0.23541963 0.43106154 0.2506509
spoon 0.3056927 0.41532296 0.105241604 0.4360029 0.124063544
