tennis racket 0.79462546 0.3624936 0.25333247 0.5712919 0.34983525
tennis racket 0.76557285 0.26452985 0.1957162 0.47060433 0.24696666
tennis racket 0.70214057 0.3796984 0.5550277 0.5735168 0.63488686
tennis racket 0.69985056 0.15052237 0.5386921 0.28785744 0.6110321
tennis racket 0.6541233 0.29116994 0.21821895 0.5011532 0.29356965
tennis racket 0.56056917 0.16822316 0.15317264 0.7833562 0.8270652
tennis racket 0.5465681 0.47132173 0.49393514 0.71768516 0.5587498
tennis racket 0.54004216 0.29459885 0.298565 0.38081834 0.33698383
tennis racket 0.46979937 0.16695552 0.14982429 0.7844706 0.7988875
tennis racket 0.31883892 0.43458596 0.42144024 0.7545761 0.52138746
