cake 0.9542159 0.52244735 0.07789319 0.708503 0.23135276
couch 0.89968926 0.42450908 0.8705677 0.48638472 0.9518649
cake 0.8822144 0.59445345 0.22660314 0.86219466 0.3421964
couch 0.76090485 0.25174603 0.0908435 0.3434706 0.24518408
spoon 0.72274315 0.5186165 0.45900503 0.5539616 0.60068744
clock 0.6887151 0.30733863 0.14392783 0.34237418 0.20328261
couch 0.6331146 0.39032677 0.24230956 0.41922078 0.2915624
couch 0.625901 0.44690624 0.6749282 0.48427054 0.7284095
couch 0.58199435 0.4469827 0.79146254 0.48519972 0.86613613
couch 0.5095369 0.63838047 0.7714169 0.7430119 0.9424619
couch 0.5042159 0.46330497 0.94336945 0.48501638 0.9803689
sandwich 0.47892025 0.47217867 0.557585 0.48267266 0.6114296
clock 0.40682855 0.63838047 0.7714169 0.7430119 0.9424619
couch 0.3864038 0.37614575 0.17572385 0.41949537 0.23883094
couch 0.32020703 0.44784784 0.7919601 0.48425502 0.8327979
couch 0.30733937 0.384677 0.7322346 0.478903 0.7973102
couch 0.30022663 0.41187522 0.7346548 0.45924863 0.76930755
