cake 0.93865377 0.553401 0.74108624 0.89561534 0.99302685
cake 0.92529625 0.56560296 0.32298127 0.9463226 0.61685616
cake 0.8726319 0.54653364 0.14404853 0.8701996 0.3620492
clock 0.7271831 0.45559862 0.4926059 0.5015425 0.5273906
banana 0.65182143 0.50159055 0.41835877 0.51779896 0.4377639
banana 0.61887896 0.5067293 0.4723831 0.52154106 0.50526583
banana 0.6052813 0.48033577 0.41962734 0.5024415 0.4560502
banana 0.6046506 0.5118663 0.44795123 0.5231976 0.46272576
couch 0.5897917 0.4621983 0.8791174 0.5179202 0.97809887
banana 0.57559794 0.48492482 0.45304272 0.5125771 0.4858488
banana 0.5745909 0.498423 0.43443596 0.5138394 0.44877288
banana 0.5717071 0.5141775 0.3209336 0.523508 0.33716643
banana 0.56565136 0.51238275 0.3373258 0.52289295 0.35008726
clock 0.55634236 0.45784858 0.07712285 0.49275294 0.10609467
banana 0.541721 0.5158188 0.3486467 0.52511674 0.35512704
clock 0.5280369 0.26452714 0.42946947 0.28050566 0.44582358
banana 0.5181919 0.5031286 0.3415423 0.51201373 0.35307175
banana 0.51352113 0.49886566 0.39421096 0.5224301 0.44354808
spoon 0.5092759 0.52129984 0.3796345 0.5382842 0.4660252
couch 0.49595544 0.46319067 0.3256991 0.5161784 0.4057924
banana 0.4921978 0.48431703 0.41960114 0.5010104 0.43656713
banana 0.4559144 0.5135698 0.42811126 0.52403706 0.44979218
clock 0.45380563 0.26734403 0.38276738 0.28677002 0.39930624
tennis racket 0.43894547 0.45158857 0.10788064 0.48938262 0.12337524
banana 0.42787153 0.50188416 0.3958504 0.51816326 0.420384
clock 0.3469237 0.26418316 0.444528 0.27875876 0.4572493
banana 0.33550358 0.5044162 0.44764158 0.51278937 0.45781058
banana 0.3330203 0.48502356 0.4367977 0.5018717 0.45380387
banana 0.31446958 0.48312145 0.4525476 0.5224616 0.50849134
banana 0.3139801 0.5122533 0.360539 0.5203618 0.37510222
