couch 0.7799417 0.5020759 0.14683133 0.61718637 0.20827556
cake 0.73270196 0.62660056 0.8545097 0.7971311 0.9380468
couch 0.71795803 0.3787115 0.67544824 0.45066604 0.7186435
sandwich 0.57623714 0.61183065 0.026361393 0.6278477 0.038418114
wine glass 0.5615521 0.5295156 0.61568946 0.6381476 0.65333635
spoon 0.55497533 0.5929044 0.06701216 0.6224223 0.10686405
tennis racket 0.5544624 0.54630303 0.12155618 0.6210769 0.13403492
tennis racket 0.51806426 0.5485284 0.10848816 0.6243949 0.12269145
sandwich 0.4983417 0.59136224 0.022497607 0.610183 0.034409124
tennis racket 0.4838376 0.5536152 0.13965447 0.6206338 0.1519667
clock 0.45799506 0.5547033 0.6940781 0.64800555 0.7315295
sandwich 0.45691147 0.598949 0.03173445 0.6161368 0.04246337
couch 0.45008457 0.494336 0.7038893 0.6346553 0.7764501
cake 0.4448794 0.77751356 0.5131914 0.99998426 0.6063561
cake 0.4428801 0.7218745 0.71182364 0.9600093 0.7933361
sandwich 0.42015734 0.6086311 0.041979365 0.62739956 0.0534181
wine glass 0.41492498 0.5547033 0.6940781 0.64800555 0.7315295
broccoli 0.39501092 0.6430448 0.3112181 0.65566695 0.32712105
sandwich 0.38999295 0.5485552 0.40431613 0.57065827 0.43743515
sandwich 0.35173175 0.5968342 0.041836135 0.612033 0.051374435
sandwich 0.3404287 0.5976433 0.011988737 0.61624515 0.025166791
bowl 0.33293483 0.61101985 0.0024806606 0.6283404 0.016606942
spoon 0.328175 0.16394556 0.01117534 0.19254841 0.039128423
cake 0.3257842 0.56218845 0.79023534 0.765724 0.8613972
cake 0.3163046 0.6544206 0.95106065 0.743216 1.0
wine glass 0.31077978 0.5695311 0.6179804 0.63902605 0.6500096
tennis racket 0.30719623 0.54509425 0.122287616 0.5961758 0.13308702
