cell phone 0.83736503 0.4123914 0.70334184 0.49255997 0.7788265
clock 0.7832362 0.55187494 0.55766225 0.6155618 0.58466685
clock 0.71702164 0.5028027 0.51626873 0.60614485 0.5395442
spoon 0.68000776 0.5125015 0.33291462 0.54956377 0.38997266
sandwich 0.4975943 0.510159 0.3683616 0.5238097 0.38455385
clock 0.49303687 0.54092985 0.48618796 0.59285283 0.50722975
sandwich 0.4652928 0.5077935 0.33788353 0.5213084 0.3524927
toaster 0.4473453 0.58245236 0.0 0.6072965 0.027555011
sandwich 0.43402627 0.5112053 0.360263 0.5223162 0.37177026
spoon 0.42202827 0.29107827 0.6803568 0.32240558 0.6911246
banana 0.41714436 0.5112053 0.360263 0.5223162 0.37177026
banana 0.4087555 0.5110203 0.35306144 0.5225315 0.3617288
couch 0.40563416 0.38020974 0.46983668 0.61879957 0.6278187
sandwich 0.37818632 0.5110203 0.35306144 0.5225315 0.3617288
microwave 0.30169386 0.54037625 0.1574464 0.7406412 0.33935666
