cake 0.88712895 0.585443 0.26560277 0.9005609 0.38723868
tennis racket 0.74670184 0.5129694 0.8549244 0.6115943 0.8772784
cake 0.6210451 0.5670364 0.2998392 0.6886195 0.33668667
tennis racket 0.5967187 0.5098493 0.83301026 0.6098308 0.85793155
tennis racket 0.59476596 0.5162367 0.44495136 0.58695775 0.45978063
cake 0.5659337 0.5551299 0.32515734 0.5986612 0.35132712
tennis racket 0.53072786 0.51770216 0.46143895 0.5903143 0.4767862
wine glass 0.4394742 0.5767174 0.810639 0.6066766 0.8315823
tennis racket 0.41717738 0.54157037 0.79262674 0.5932076 0.80341995
knife 0.4157282 0.49618235 0.54900414 0.5140138 0.55796474
microwave 0.40257332 0.52888286 0.4534912 0.5724462 0.52711177
tennis racket 0.40144596 0.77207893 0.47172186 0.7831937 0.49207833
tennis racket 0.40081415 0.51526564 0.4475767 0.54545325 0.457026
tennis racket 0.3741615 0.48360902 0.6566506 0.50989777 0.665301
tennis racket 0.37210777 0.48456633 0.6381358 0.5303557 0.6481811
tennis racket 0.34348407 0.48556104 0.63889277 0.50894195 0.6469643
tennis racket 0.3404697 0.7237967 0.4719123 0.73744154 0.4907988
wine glass 0.33823693 0.58328575 0.8299646 0.6097791 0.85094935
toaster 0.32752597 0.5304042 0.4541253 0.5485868 0.526205
wine glass 0.31992897 0.515784 0.5411065 0.5419394 0.5572346
toaster 0.31289345 0.56206125 0.62953115 0.5875371 0.7264116
