cake 0.9375747 0.6888079 0.43126264 0.99765927 0.54756016
cake 0.7353367 0.6536744 0.2709484 0.9825267 0.38056737
couch 0.7187394 0.51316404 0.86039287 0.64990675 0.9475469
wine glass 0.6732583 0.4147499 0.6886993 0.43276253 0.6994994
wine glass 0.6442913 0.47307837 0.26702175 0.4928701 0.28538498
toaster 0.626755 0.59021723 0.7192265 0.61889774 0.83145607
wine glass 0.6156443 0.6046794 0.051830985 0.6394506 0.06115932
couch 0.57720816 0.57359856 0.5339039 0.62515473 0.57350653
toaster 0.5580283 0.5916904 0.40139773 0.6085596 0.4636419
spoon 0.55192155 0.4203936 0.2789466 0.4319528 0.3018299
wine glass 0.5223369 0.47525686 0.33646318 0.49377948 0.352735
wine glass 0.51346415 0.475772 0.5855384 0.49394387 0.5985594
tennis racket 0.5078299 0.5570128 0.011497009 0.6437781 0.03204712
wine glass 0.5074991 0.41848874 0.6760773 0.43487388 0.6893758
wine glass 0.5045749 0.6088756 0.028675763 0.64028066 0.039640643
wine glass 0.5006814 0.41587684 0.26634318 0.43237296 0.2769853
wine glass 0.49719107 0.41393378 0.69982994 0.43271664 0.7097744
wine glass 0.49047616 0.6056516 0.04191893 0.6393729 0.053752746
microwave 0.48793012 0.5179245 0.11111328 0.6551123 0.16719103
spoon 0.47725588 0.5423593 0.3079729 0.570784 0.34639442
wine glass 0.46486568 0.6036911 0.52391845 0.6274545 0.5454628
wine glass 0.44867906 0.47949305 0.6150489 0.49530566 0.62283313
wine glass 0.44852343 0.42150536 0.30920345 0.43214068 0.31913567
wine glass 0.44420853 0.479897 0.2945348 0.49407366 0.3033389
wine glass 0.41507673 0.48036724 0.28695324 0.49446785 0.29512927
wine glass 0.4093563 0.47971082 0.6077177 0.49509513 0.61287636
clock 0.3796984 0.5466027 0.6259095 0.57023025 0.6452299
wine glass 0.37391272 0.4811608 0.30307224 0.4931107 0.32849023
wine glass 0.36957818 0.4173465 0.6072104 0.43241796 0.6226909
wine glass 0.36422762 0.61049795 0.0005675424 0.64460355 0.010566046
couch 0.3565073 0.50437355 0.6142406 0.56849647 0.6563521
clock 0.3506002 0.583027 0.548485 0.62373745 0.5726841
spoon 0.34140402 0.4811608 0.30307224 0.4931107 0.32849023
wine glass 0.314313 0.41667864 0.6254809 0.43246308 0.6355736
spoon 0.31091622 0.47375998 0.67968905 0.49293572 0.7099906
cell phone 0.3077764 0.5179245 0.11111328 0.6551123 0.16719103
wine glass 0.3032523 0.4221257 0.32098973 0.43173924 0.32924235
