cake 0.91357446 0.546492 0.18550932 0.85195607 0.28672203
cake 0.88818705 0.5675938 0.79005206 0.99634206 0.99565935
cake 0.8532422 0.5248082 0.09375792 0.77970713 0.15159634
cake 0.8263008 0.5344253 0.13666846 0.81772935 0.20283355
couch 0.7189711 0.38412878 0.5655651 0.5266962 0.6274133
tennis racket 0.6479905 0.4619418 0.26700506 0.50128645 0.27671078
tennis racket 0.63963306 0.46460125 0.046528842 0.5097916 0.0600822
cake 0.6373706 0.5208978 0.7548076 0.9610618 0.8275093
tennis racket 0.6086944 0.47230098 0.27790886 0.5013941 0.28326792
clock 0.58474886 0.38063195 0.37490848 0.4240702 0.39705685
tennis racket 0.5576946 0.4647199 0.0178775 0.51071376 0.031002041
tennis racket 0.5554658 0.46573988 0.033435896 0.5104522 0.045940988
clock 0.5351871 0.38103977 0.34074742 0.4230846 0.35352528
tennis racket 0.4685677 0.47898898 0.4886482 0.5152933 0.4971271
tennis racket 0.46630368 0.4695873 0.252474 0.50109994 0.26211292
cake 0.4236448 0.51773727 0.8767046 0.63582075 0.9626365
tennis racket 0.39799547 0.4874674 0.48222739 0.51594347 0.489264
toaster 0.39429748 0.51021427 0.45677197 0.52655274 0.5778992
clock 0.38615987 0.48732015 0.5994001 0.52462184 0.62234694
tennis racket 0.37773207 0.4768894 0.26316974 0.5020084 0.26742008
clock 0.3659669 0.46518037 0.58542776 0.5248598 0.6003784
wine glass 0.3358305 0.39821503 0.3660705 0.42335007 0.3805828
