cake 0.9603557 0.62332386 0.49742103 0.8488671 0.68939877
sink 0.923908 0.44928005 0.7296677 0.7500478 0.96280664
cake 0.9104711 0.61065406 0.30959344 0.8299869 0.49443918
cake 0.78434926 0.613611 0.6696238 0.81900585 0.7999651
cake 0.78352726 0.5961455 0.24956645 0.7833468 0.3318758
microwave 0.7600646 0.5618735 0.63892823 0.6213272 0.7351398
microwave 0.63369995 0.51271564 0.64515454 0.5606515 0.7323837
cake 0.5166158 0.58104753 0.1981693 0.74396026 0.26631922
cell phone 0.48669913 0.4147761 0.6513655 0.46504807 0.73389107
toaster 0.42145532 0.5620888 0.5111521 0.57654506 0.6087272
cake 0.41039726 0.5783973 0.17426847 0.7157346 0.22814226
couch 0.34038344 0.4881996 0.04446163 0.55484617 0.09182464
microwave 0.3140436 0.573525 0.57478344 0.6086473 0.6240632
couch 0.31236577 0.55522466 0.42693233 0.6132605 0.45738056
