cake 0.91684926 0.49675918 0.28227225 0.8109616 0.48523664
cake 0.91154176 0.51302963 0.467778 0.87312704 0.70133543
spoon 0.7769407 0.4375958 0.16740075 0.4654208 0.25020146
clock 0.7340638 0.41039705 0.5294693 0.45412105 0.56340903
cake 0.6987875 0.48997587 0.14494783 0.7715625 0.33600575
sandwich 0.57277304 0.42778966 0.18936451 0.44131944 0.21492429
spoon 0.5259749 0.4454499 0.2781215 0.4882247 0.37536392
cell phone 0.52280974 0.37378162 0.00024134386 0.48227674 0.1296905
fork 0.5173721 0.42329 0.84786576 0.43409503 0.85988396
sandwich 0.5150905 0.4271317 0.21000548 0.4407586 0.23186448
sandwich 0.49742955 0.43627784 0.304476 0.44907293 0.32722768
sandwich 0.47760513 0.43533334 0.3262209 0.44873187 0.3555128
fork 0.46522433 0.42805356 0.8683921 0.4418537 0.87971365
spoon 0.4648415 0.4450968 0.27668682 0.4647805 0.37684476
couch 0.46275055 0.39474693 0.58687645 0.42679313 0.6142583
couch 0.44615215 0.3938488 0.8108586 0.42894426 0.85010463
fork 0.44455618 0.42141363 0.86156195 0.4339181 0.8771491
fork 0.43939397 0.41290376 0.86914563 0.42585698 0.8820859
couch 0.41047305 0.39693835 0.28937623 0.42898437 0.31990135
fork 0.40388122 0.43383554 0.85165364 0.4442794 0.8674683
sandwich 0.39939848 0.4348725 0.17795146 0.4415267 0.19441591
microwave 0.38774553 0.3760869 0.0002536295 0.4867682 0.12970433
couch 0.3679387 0.37223363 0.28564253 0.430116 0.3207255
couch 0.34764132 0.40202546 0.18918706 0.42937148 0.2186999
couch 0.3332804 0.3948203 0.57416606 0.4211568 0.5920311
couch 0.32541293 0.320801 0.680032 0.37071404 0.750173
tennis racket 0.31985798 0.1925512 0.8526732 0.24786592 0.8749937
sink 0.31140882 0.24293366 0.92684186 0.6282178 1.0
cell phone 0.306871 0.39356795 0.40689185 0.4382876 0.49558455
