couch 0.91422 0.4870848 0.5270938 0.6785916 0.6723992
couch 0.8928696 0.4221432 0.6676771 0.63977736 0.8121627
cake 0.82038426 0.7497572 0.6945356 1.0 0.87824905
couch 0.76816136 0.49125978 0.37979633 0.5797141 0.4767939
clock 0.6633925 0.5767181 0.5631679 0.6799883 0.61948836
knife 0.64571 0.54380566 0.49911967 0.61184597 0.51311916
cake 0.6376394 0.81314975 0.5370033 0.997371 0.7628137
couch 0.59573776 0.5972173 0.9286597 0.7234387 0.9797276
spoon 0.5944212 0.27885514 0.3782904 0.31200346 0.4059477
clock 0.59191203 0.26348457 0.21719979 0.32854384 0.24045302
toaster 0.5469681 0.585633 0.26433432 0.6259373 0.40331692
spoon 0.52768815 0.41564342 0.21143106 0.43358767 0.24456218
spoon 0.51357096 0.40199044 0.21126504 0.4142411 0.2438284
clock 0.49354988 0.5546007 0.22754371 0.59854007 0.24308398
sandwich 0.49312183 0.5951729 0.64633584 0.6140609 0.67062736
cake 0.48608974 0.70433193 0.86688477 1.0 0.94876295
wine glass 0.47245613 0.40316778 0.45122758 0.43412393 0.46634695
sandwich 0.44438267 0.5914434 0.6592883 0.6138908 0.6883129
wine glass 0.43972525 0.39974704 0.4249214 0.433689 0.4386922
microwave 0.4370875 0.58770484 0.15736884 0.9528742 0.29177725
knife 0.43703163 0.54114527 0.5061783 0.6131863 0.5294214
wine glass 0.4214051 0.40282807 0.43767092 0.43301874 0.44772795
clock 0.41422868 0.57357365 0.6945737 0.64154536 0.7407679
spoon 0.4133732 0.60672235 0.6421166 0.65258366 0.69266266
sandwich 0.40032488 0.5946377 0.6515298 0.61416966 0.68158793
wine glass 0.39731395 0.4039038 0.44590417 0.43337852 0.4558626
wine glass 0.39257964 0.61128604 0.48645657 0.66744393 0.51554567
spoon 0.38998908 0.3188955 0.4349377 0.3463832 0.46456447
wine glass 0.3733811 0.41452956 0.372167 0.43435562 0.39028692
couch 0.36037245 0.49567258 0.942605 0.6222409 0.9998026
sandwich 0.33886042 0.5955142 0.64478165 0.6121818 0.6578172
vase 0.33097088 0.47114924 0.3244123 0.5096447 0.34082556
knife 0.31964037 0.6299995 0.5456521 0.65239024 0.57356733
spoon 0.3103619 0.37805802 0.2099864 0.39264122 0.24433453
wine glass 0.30826 0.40632766 0.3897987 0.4332244 0.40589768
tennis racket 0.3071722 0.2897697 0.29438812 0.33410943 0.3055761
clock 0.3022838 0.61128604 0.48645657 0.66744393 0.51554567
cake 0.30218554 0.7137859 0.8019794 1.0 0.9516977
