chair 0.8686249 0.8216296 0.5201732 0.9983419 0.9284922
cell phone 0.8538272 0.46249053 0.62060624 0.5072587 0.6733776
chair 0.78683364 0.62825185 0.69888645 0.9324721 0.9375562
cake 0.7671855 0.62825185 0.69888645 0.9324721 0.9375562
cake 0.70179147 0.8216296 0.5201732 0.9983419 0.9284922
wine glass 0.6491532 0.7364433 0.68083674 0.77790475 0.70118684
wine glass 0.5665148 0.7331198 0.74504375 0.77428085 0.7682986
banana 0.53161365 0.7409924 0.7129089 0.77642286 0.7355229
spoon 0.45023257 0.74204946 0.69187737 0.79566884 0.7564318
sink 0.43804002 0.39091885 0.6735206 0.711683 0.8607783
clock 0.42243084 0.58054596 0.027700746 0.6017417 0.040801108
