cake 0.93425035 0.71877277 0.31587392 0.98957133 0.48482066
cake 0.9210401 0.7190441 0.11425513 0.9882175 0.29701442
cake 0.9092536 0.72232014 0.52246314 0.9911265 0.67532116
cake 0.8841053 0.72328746 0.7160482 0.9900625 0.87377566
tennis racket 0.7378016 0.6494004 0.44893226 0.7048046 0.46738735
clock 0.71038175 0.6359924 0.2268506 0.7125927 0.30760905
tennis racket 0.70557445 0.649929 0.46742672 0.70530516 0.48748046
clock 0.7018834 0.6255976 0.18376453 0.70584714 0.24271993
cake 0.70064616 0.64118403 0.074549325 0.7081155 0.12649046
couch 0.6814791 0.5164013 0.81768364 0.5644407 0.86715466
spoon 0.6783352 0.5491385 0.31896117 0.56518203 0.37373248
couch 0.61678386 0.5013823 0.13705872 0.7054127 0.26502013
knife 0.6093123 0.6138835 0.6903608 0.6408274 0.7020736
couch 0.60494107 0.41639438 0.28261912 0.45353165 0.31665272
knife 0.60052943 0.6149318 0.7020434 0.64213824 0.7181673
spoon 0.5727103 0.43478107 0.7941859 0.45298523 0.86541903
clock 0.56164765 0.39778644 0.72364235 0.45285177 0.7434857
clock 0.52550477 0.39739814 0.7439697 0.45280948 0.7652011
clock 0.50029534 0.39907625 0.76384234 0.45329705 0.78165615
clock 0.45095578 0.3875985 0.2703253 0.45305544 0.29485887
wine glass 0.4481816 0.6398091 0.68542457 0.6709326 0.71116483
tennis racket 0.43893814 0.39778644 0.72364235 0.45285177 0.7434857
clock 0.38730234 0.5430569 0.8260313 0.5643197 0.85528815
tennis racket 0.38514474 0.39907625 0.76384234 0.45329705 0.78165615
tennis racket 0.3712941 0.39745188 0.74269336 0.45281738 0.763702
toaster 0.32316542 0.68802035 0.7476905 0.70457053 0.8094148
