cake 0.956792 0.6803576 0.21474402 1.0 0.37484735
cake 0.8708337 0.64949334 0.18634884 0.92456937 0.31805897
cell phone 0.86844784 0.33868733 0.79195654 0.49759263 0.9626013
cake 0.84050727 0.5499697 0.10667267 0.6598089 0.15509874
cake 0.81304 0.5491813 0.04002879 0.6609103 0.096318565
couch 0.6857311 0.48706573 0.25909287 0.5613709 0.31339043
couch 0.6787855 0.49679437 0.15834136 0.6083292 0.19803189
microwave 0.66974646 0.52956736 0.78554326 0.7645732 0.96869844
couch 0.64651906 0.47239366 0.30483788 0.5621321 0.34788805
fork 0.61938727 0.52530116 0.7789019 0.54371303 0.78669244
cake 0.59643465 0.5970314 0.1379387 0.81438994 0.23380299
fork 0.54405993 0.5045802 0.7708729 0.52277255 0.7791869
fork 0.5024948 0.49171048 0.7745442 0.5106252 0.7850787
toaster 0.47657314 0.56512195 0.41265962 0.5909704 0.5144493
cake 0.3761547 0.60626173 0.15122391 0.8990026 0.22839756
clock 0.34614602 0.52047443 0.31552088 0.56132025 0.3431524
spoon 0.34395674 0.5230511 0.26037428 0.56266415 0.30672053
cake 0.32306057 0.54387873 0.11008179 0.55391854 0.14420038
clock 0.315193 0.5230511 0.26037428 0.56266415 0.30672053
