tennis racket 0.8363278 0.740409 0.022391591 0.8820797 0.0985019
tennis racket 0.81062216 0.73843014 0.11844395 0.84885514 0.15697661
spoon 0.77575874 0.68877757 0.6793256 0.75448287 0.810205
tennis racket 0.77426404 0.70614946 0.1696202 0.8229761 0.21213499
tennis racket 0.77039385 0.68932074 0.22363706 0.8008334 0.2722935
spoon 0.7200845 0.4473398 0.7836851 0.47887847 0.87159747
tennis racket 0.7072084 0.4945645 0.8400521 0.5656644 0.872671
tennis racket 0.70590276 0.25100145 0.86448437 0.31435195 0.89833945
tennis racket 0.6591407 0.25907764 0.93676025 0.30485514 0.9683995
tennis racket 0.65186906 0.24304013 0.8304434 0.3179274 0.8623904
spoon 0.64029044 0.52461225 0.2989777 0.60200626 0.41881517
spoon 0.60480595 0.63529384 0.8519312 0.6998607 0.9930243
tennis racket 0.58821666 0.25596824 0.89849776 0.31104705 0.92694616
clock 0.5751156 0.407845 0.95249563 0.47795293 0.98680794
tennis racket 0.5642666 0.2871965 0.78440666 0.3247355 0.81711525
tennis racket 0.5635943 0.49726155 0.809684 0.56639105 0.83917105
tennis racket 0.5564578 0.27140146 0.7123977 0.33340496 0.74733096
tennis racket 0.5431072 0.28888687 0.74918586 0.3292959 0.7774391
tennis racket 0.5171157 0.2721257 0.26667005 0.33478847 0.31161413
tennis racket 0.4623251 0.27892295 0.9259073 0.305459 0.9404114
spoon 0.4575993 0.46204406 0.78441554 0.48017704 0.8703511
tennis racket 0.440107 0.24401286 0.95979184 0.30120566 0.9864695
spoon 0.42193314 0.44492164 0.784966 0.45468226 0.8705103
tennis racket 0.3689702 0.28864136 0.80721664 0.32177958 0.82939166
tennis racket 0.36311945 0.25911358 0.9820573 0.30088034 1.0
clock 0.35958463 0.40913057 0.9176947 0.478701 0.95332026
tennis racket 0.33924127 0.2562265 0.86033314 0.30986282 0.8766702
tennis racket 0.32090953 0.56079876 0.0 0.6477572 0.04556912
tennis racket 0.31401974 0.30233702 0.7694401 0.32741573 0.786187
tennis racket 0.30326372 0.24512038 0.07365079 0.29170576 0.117497824
