cake 0.95539373 0.6453337 0.53740543 0.88582134 0.6402026
cake 0.9347501 0.82540995 0.14663394 0.9972785 0.36599433
cake 0.9273861 0.6380461 0.69129366 0.86477405 0.7869523
cake 0.92613083 0.62902224 0.44843358 0.84244627 0.5390702
cake 0.8897894 0.7077433 0.2822136 0.81183475 0.3855895
cake 0.85969096 0.68824065 0.1923134 0.7839837 0.2824006
cake 0.84109616 0.6611724 0.09581886 0.74982786 0.18808414
sink 0.8253564 0.42743134 0.7647098 0.79615444 0.9045637
couch 0.58858395 0.52663356 0.40360487 0.604468 0.4428628
couch 0.5430383 0.6974958 0.0002452731 0.83119446 0.18331313
couch 0.5299226 0.52975565 0.56190073 0.63247263 0.64453113
clock 0.5034684 0.5971574 0.5778364 0.6386706 0.6081872
clock 0.47253194 0.5756896 0.40994313 0.60316277 0.42027053
cake 0.41572225 0.6184361 0.60539734 0.65375084 0.63260365
cake 0.40978137 0.92446375 0.0008182302 1.0 0.12633702
cake 0.40484262 0.5771741 0.52373785 0.62472403 0.58240336
toaster 0.3994785 0.6166209 0.3284584 0.62981844 0.3863577
toaster 0.32873762 0.61537266 0.3296173 0.668884 0.3914921
cake 0.30137375 0.58327955 0.55799085 0.6279604 0.5862245
