cake 0.65765756 0.5206583 0.23270677 0.60212797 0.29446876
cake 0.6260443 0.51223993 0.3250578 0.5631699 0.36055732
cake 0.61231554 0.515414 0.28749207 0.5832579 0.33127984
tennis racket 0.59294647 0.50226533 0.08820736 0.5673754 0.10247209
spoon 0.5911758 0.56588775 0.30988014 0.6004189 0.37476456
cake 0.5730091 0.5111643 0.35366276 0.5626674 0.39859596
tennis racket 0.5600211 0.5039933 0.07097536 0.5700088 0.08795202
couch 0.55998397 0.48808962 0.39640686 0.57389945 0.44273302
banana 0.55850816 0.5630007 0.3347052 0.5772767 0.3477253
spoon 0.5470222 0.35788688 0.10666372 0.3801699 0.13082442
knife 0.5380872 0.5080423 0.87575376 0.55367774 0.90213144
fork 0.50533676 0.5020967 0.73650557 0.5260831 0.74364966
knife 0.481133 0.50401485 0.91425115 0.55430746 0.93371195
tennis racket 0.44141787 0.5029458 0.05829771 0.5805366 0.06818636
wine glass 0.4353582 0.37587386 0.20288 0.40210238 0.20917454
toaster 0.4153903 0.532099 0.45011944 0.552294 0.521169
spoon 0.36839455 0.26738104 0.06411229 0.2950177 0.11771192
banana 0.36753026 0.57218385 0.32573256 0.5799183 0.33945897
microwave 0.35868344 0.56350356 0.6970711 0.8264642 0.7826992
banana 0.35462743 0.5613144 0.34920162 0.577029 0.36556774
spoon 0.3349883 0.26415583 0.107944146 0.2983249 0.11933452
toaster 0.33315632 0.5420738 0.4481714 0.5765486 0.5242458
wine glass 0.32494646 0.37706274 0.20891367 0.4028574 0.21729378
