sandwich 0.699938 0.5005609 0.34190637 0.51659846 0.36290324
spoon 0.67863894 0.5140186 0.3387677 0.53474826 0.41985548
spoon 0.6443903 0.5319404 0.51298046 0.55692285 0.6088764
spoon 0.6025576 0.40489033 0.4562136 0.41885886 0.496575
couch 0.5991105 0.42063192 0.0024740105 0.52985406 0.11995649
clock 0.55418473 0.2959121 0.3943484 0.33491313 0.42693114
couch 0.51878446 0.449408 0.7899153 0.51351887 0.83485305
sandwich 0.49479067 0.5084659 0.36102638 0.517131 0.38029996
microwave 0.49395707 0.56555533 0.10628449 1.0 0.37098974
banana 0.493448 0.5046566 0.39424577 0.51700145 0.410095
spoon 0.48748177 0.40357906 0.5003971 0.41841346 0.5397734
sandwich 0.46598035 0.50722367 0.37848416 0.51681536 0.39623412
wine glass 0.46477032 0.39283106 0.54541373 0.41818824 0.57239926
spoon 0.44466415 0.29645592 0.49277738 0.33362192 0.5665709
spoon 0.44069573 0.3923788 0.45635605 0.40101528 0.49633214
sandwich 0.41553625 0.5046566 0.39424577 0.51700145 0.410095
banana 0.40912104 0.5058116 0.37832597 0.51691914 0.39632258
tennis racket 0.31802335 0.49304342 0.75472367 0.5518974 0.78148913
