tennis racket 0.6685509 0.8124631 0.3310521 0.9159339 0.37782875
tennis racket 0.58126813 0.65979034 0.5778201 0.7533093 0.6210194
tennis racket 0.5422507 0.57537246 0.12051345 0.8041043 0.20101795
tennis racket 0.5254835 0.90193784 0.17433 0.9996823 0.24016117
tennis racket 0.5033997 0.8269494 0.30692905 0.93327314 0.3523938
tennis racket 0.46653256 0.8605256 0.24602672 0.9788133 0.30219123
tennis racket 0.4487307 0.8795271 0.21427125 0.99888813 0.27386808
tennis racket 0.4019942 0.9259971 0.14100033 1.0 0.19390157
tennis racket 0.39357147 0.9514026 0.09864986 1.0 0.15220189
tennis racket 0.3794016 0.83845735 0.22737333 0.88274956 0.2612429
tennis racket 0.37760186 0.660884 0.6191338 0.7584423 0.66314125
tennis racket 0.36569962 0.8419611 0.28093013 0.952614 0.33127627
tennis racket 0.32389063 0.29226565 0.6017822 0.3622083 0.6661439
tennis racket 0.31284276 0.85538346 0.19604583 0.9005564 0.2334444
tennis racket 0.31068692 0.8943465 0.12507737 0.9529866 0.17235035
tennis racket 0.30930078 0.5807877 0.06483099 0.8375853 0.12789077
