cake 0.9377375 0.7921177 0.7631862 0.99752045 0.99921227
spoon 0.8299585 0.59981275 0.7852878 0.6394942 0.86472684
tennis racket 0.80786043 0.440956 0.20628037 0.5602429 0.2558407
couch 0.8039509 0.44372904 0.28443903 0.5587236 0.3980776
microwave 0.7467174 0.530531 0.6184314 0.6023773 0.8531675
tennis racket 0.7251755 0.24138935 0.66363996 0.29046637 0.68509537
banana 0.68959796 0.50412303 0.021751339 0.5447136 0.058986686
toaster 0.6353444 0.58562183 0.11046039 0.62490803 0.27757356
banana 0.62357384 0.50354075 0.0 0.54265267 0.022106629
tennis racket 0.62203485 0.2404487 0.7204108 0.2898698 0.7425076
wine glass 0.5492144 0.58112186 0.8448817 0.615487 0.8916114
banana 0.43390217 0.55140966 0.93523026 0.5955045 0.9538444
spoon 0.42393064 0.58118904 0.84395146 0.6143318 0.8880166
banana 0.37861714 0.5849345 0.80757564 0.61337316 0.84287816
fork 0.36623004 0.6271708 0.75101334 0.6608627 0.79059905
cup 0.35037673 0.6271708 0.75101334 0.6608627 0.79059905
knife 0.3460597 0.6279932 0.75125265 0.6620353 0.7909341
clock 0.31721935 0.50269574 0.951416 0.627657 0.9994017
banana 0.31400782 0.5515419 0.90767044 0.5922397 0.9317036
