couch 0.7197694 0.28652912 0.31882718 0.42059737 0.43390837
sandwich 0.7110364 0.42901537 0.11112738 0.4669691 0.148735
sandwich 0.63946646 0.42777672 0.07024623 0.46493348 0.10895111
microwave 0.6024241 0.21747899 0.43905798 0.68522346 0.72526413
clock 0.5213413 0.39067152 0.34247082 0.41705462 0.37251118
toaster 0.4502674 0.46699998 0.00024324893 0.5056893 0.075575925
banana 0.42557365 0.41988066 0.17133254 0.45283547 0.21305229
sandwich 0.36476168 0.44556883 0.17083625 0.48226914 0.19871494
banana 0.32122228 0.42313135 0.13467862 0.44858658 0.1690565
banana 0.30398646 0.45363808 0.13696447 0.48739016 0.16821869
