cake 0.9550713 0.7086542 0.46667317 0.92435735 0.56659746
cake 0.9461027 0.6924138 0.38695866 0.8849137 0.47659636
cake 0.940132 0.6059825 0.034571692 0.8158688 0.14936137
cake 0.89702076 0.72779113 0.5542923 0.9679088 0.67059374
cake 0.8790549 0.613075 0.17349727 0.7846165 0.25869662
cake 0.875927 0.60363686 0.24423254 0.763202 0.31488228
cake 0.815022 0.6765914 0.32535827 0.8534134 0.40251356
couch 0.80042565 0.41627267 0.40927187 0.6072498 0.53116685
microwave 0.7943932 0.54126173 0.7029359 0.5898763 0.8864427
wine glass 0.7218431 0.26127318 0.9535793 0.28399727 0.9716089
wine glass 0.69193614 0.41936353 0.9336625 0.4438305 0.9550857
wine glass 0.6827434 0.2665041 0.9267494 0.2897636 0.94432396
cake 0.68042696 0.750084 0.6695276 1.0 0.79709345
spoon 0.6085793 0.28285807 0.90346336 0.29536626 0.9200103
wine glass 0.5879565 0.41764265 0.95666534 0.44250032 0.979716
spoon 0.5770985 0.59647554 0.1971091 0.619953 0.22950971
clock 0.5409023 0.51925915 0.4526717 0.5986204 0.4738679
spoon 0.51287895 0.41450673 0.9062583 0.4435627 0.93089706
clock 0.5067569 0.59533066 0.22955301 0.6191778 0.24151698
wine glass 0.49845082 0.3318368 0.91689366 0.3548811 0.9306056
cake 0.4865975 0.60054874 0.11750104 0.621512 0.17340748
wine glass 0.45866427 0.27576005 0.9036651 0.2935025 0.9200466
cake 0.45634001 0.59757084 0.17378831 0.61302143 0.19890222
toaster 0.44325745 0.57480526 0.5798551 0.5939908 0.6738033
cake 0.43774158 0.60395044 0.28850156 0.74841326 0.33226693
cake 0.42231554 0.5611565 0.33985877 0.59388566 0.38209116
clock 0.40716496 0.5404473 0.48817366 0.5905073 0.5167056
wine glass 0.36761448 0.41450673 0.9062583 0.4435627 0.93089706
wine glass 0.36611646 0.3673182 0.6918771 0.3972169 0.7076887
wine glass 0.36177018 0.3131344 0.94340783 0.36278278 0.9761452
clock 0.33979088 0.538435 0.49895215 0.5563018 0.50706863
clock 0.32456627 0.5169006 0.4706229 0.59118253 0.48370546
clock 0.3063833 0.18661751 0.908661 0.24122867 0.9320613
