cake 0.9127208 0.58897156 0.83433086 0.8438543 0.9346419
cake 0.77118754 0.56635964 0.73272616 0.80912226 0.8333244
sink 0.66642094 0.34305698 0.19004883 0.5885538 0.35996836
banana 0.66326475 0.6427915 0.4861349 0.6831593 0.5205183
cake 0.61093175 0.5952593 0.65126556 0.9688654 0.7507023
banana 0.5978089 0.6324353 0.47513244 0.66878605 0.5072377
tennis racket 0.58324665 0.5058034 0.3651598 0.58799285 0.38197076
banana 0.55976385 0.62950313 0.43378344 0.66677374 0.46364102
cake 0.5351424 0.56660634 0.8914062 0.5998515 0.9728093
tennis racket 0.53193563 0.5057939 0.38999382 0.5916291 0.4085603
couch 0.5181647 0.5209624 0.77508205 0.6090802 0.84612006
tennis racket 0.47083154 0.5259799 0.37864894 0.58954453 0.39017326
tennis racket 0.45415097 0.5308034 0.13222332 0.57507527 0.14672254
tennis racket 0.4447445 0.52452123 0.35446587 0.5851059 0.36720523
cake 0.44381106 0.56320745 0.82848597 0.59127086 0.8722011
tennis racket 0.4347882 0.5295791 0.11977902 0.57619756 0.13472423
tennis racket 0.42282578 0.5500787 0.42708626 0.63887036 0.45065412
knife 0.39526522 0.66375726 0.38584244 0.6920723 0.45272315
tennis racket 0.38532582 0.5275503 0.4090715 0.5928495 0.42344856
toaster 0.3640505 0.5748898 0.0011449642 0.6003116 0.094745114
cake 0.33482277 0.55693555 0.7285138 0.5850075 0.78531605
cake 0.3261934 0.56513524 0.88636744 0.79961675 0.96894836
cake 0.32372078 0.56782234 0.81484675 0.62311816 0.8690145
clock 0.31613818 0.5275503 0.4090715 0.5928495 0.42344856
cake 0.3147813 0.5702153 0.6483057 0.59669924 0.7121952
couch 0.3128041 0.60193753 0.5090101 0.65787166 0.53991055
