microwave 0.94538826 0.5044318 0.11411673 0.7822638 0.26355174
cake 0.84248257 0.681137 0.53171146 0.9728558 0.67607224
clock 0.71106386 0.43828383 0.37187597 0.48151207 0.38899514
cake 0.70700914 0.5148323 0.6449315 0.6252067 0.68552667
couch 0.6934199 0.43192932 0.8386545 0.5248795 0.89804924
clock 0.5907204 0.48229447 0.85520655 0.5254636 0.8815225
cake 0.57208455 0.6746223 0.33338693 0.9493521 0.47310826
couch 0.5555541 0.47623998 0.5472168 0.5189464 0.5885005
wine glass 0.52315986 0.4776828 0.7698218 0.49563676 0.7890777
knife 0.5216892 0.45679 0.18854305 0.48424262 0.20646107
wine glass 0.46754166 0.47626898 0.7469227 0.49282765 0.7651208
cake 0.4475831 0.6770512 0.33436227 0.91286874 0.4723801
knife 0.44668955 0.44915572 0.18141183 0.48317903 0.18854788
knife 0.4121331 0.46485454 0.16877699 0.48305956 0.17849451
banana 0.41185045 0.49341342 0.46172953 0.51743746 0.48720974
clock 0.40019834 0.43459755 0.51227003 0.4960883 0.52189904
banana 0.37418014 0.496573 0.44773307 0.51637167 0.46288952
spoon 0.37206814 0.5105822 0.44285142 0.5271813 0.5046714
spoon 0.35586873 0.45082662 0.21842462 0.46178502 0.2299082
wine glass 0.3404005 0.45082662 0.21842462 0.46178502 0.2299082
banana 0.31607464 0.5011009 0.45778582 0.5177464 0.46862665
knife 0.31130338 0.44894674 0.20406866 0.46253762 0.21577242
toaster 0.30258206 0.5484276 0.87206525 0.58511287 0.99953943
