cake 0.93241245 0.7008347 0.37146008 0.9982158 0.5461834
cake 0.92788804 0.64327013 0.20757514 0.9412534 0.30386007
cake 0.8978647 0.67812544 0.2715781 0.99651915 0.39689717
cake 0.88048327 0.63217574 0.15859082 0.88936365 0.22979575
tennis racket 0.68347734 0.36800775 0.13591778 0.41810703 0.14984748
clock 0.66321015 0.29285872 0.111348554 0.33476248 0.13767886
tennis racket 0.6413954 0.36417165 0.10891001 0.41590124 0.12247299
spoon 0.6219572 0.39463717 0.8610252 0.4208552 0.8852881
microwave 0.6072227 0.45048308 0.39446893 0.60536605 0.4436485
tennis racket 0.6013366 0.361464 0.10039372 0.4137116 0.108472236
wine glass 0.5582541 0.39161247 0.9179944 0.4168917 0.9394212
spoon 0.5567537 0.33989084 0.91887695 0.37168145 0.9618605
tennis racket 0.5181814 0.3673533 0.122795284 0.4166902 0.13632417
wine glass 0.507765 0.38921088 0.93927824 0.41602117 0.9550035
wine glass 0.44006062 0.43277514 0.931291 0.46088427 0.956036
tennis racket 0.42849723 0.57697415 0.42575788 0.62019145 0.4401089
tennis racket 0.42436454 0.47777805 0.1019725 0.5049402 0.11078092
tennis racket 0.41966793 0.47776893 0.11540229 0.50292164 0.1251467
spoon 0.41185686 0.3621806 0.8453323 0.3800711 0.88668734
microwave 0.3808002 0.5556304 0.3432587 0.5963827 0.39992043
spoon 0.3740494 0.43277514 0.931291 0.46088427 0.956036
tennis racket 0.32577416 0.47806266 0.12890661 0.50266385 0.13816229
wine glass 0.30643988 0.336628 0.015631929 0.36029044 0.026598483
