cake 0.9712395 0.6980974 0.33583018 0.99771744 0.5051173
cake 0.8864261 0.62614536 0.6419006 0.83918166 0.7614611
couch 0.82850105 0.3663236 0.45149007 0.54586464 0.54375154
couch 0.7747436 0.4628333 0.9556444 0.6260402 0.9996982
cake 0.7579169 0.69922334 0.542499 0.99802786 0.6548516
cake 0.69562167 0.6578167 0.570415 0.9183635 0.71616805
spoon 0.64219046 0.50455296 0.022191275 0.5268156 0.09067108
microwave 0.58441436 0.48596868 0.54283583 0.55852175 0.6801473
spoon 0.4907227 0.4893599 0.80189234 0.5105481 0.84156173
spoon 0.31036252 0.5359471 0.42331338 0.5617416 0.5005773
