spoon 0.80078447 0.60671866 0.5789805 0.6452232 0.63769287
tennis racket 0.7204603 0.51628786 0.28976628 0.61992997 0.30952165
couch 0.71998554 0.54213774 0.63206756 0.64483273 0.69256246
couch 0.67425203 0.49318835 0.5967058 0.6357203 0.6731707
tennis racket 0.6741639 0.4909121 0.2584453 0.62550163 0.28265813
sandwich 0.62439424 0.596649 0.5828753 0.6105835 0.6008975
sandwich 0.60416424 0.58657867 0.59141195 0.60938543 0.6266576
spoon 0.5267245 0.6329029 0.085698344 0.66668093 0.18456969
sandwich 0.517288 0.58657914 0.617823 0.6110906 0.63781595
spoon 0.39440522 0.55206853 0.34211507 0.616251 0.44480315
couch 0.338484 0.4951818 0.5920092 0.590705 0.67583287
tennis racket 0.32268184 0.52916753 0.5346101 0.61778176 0.58107394
cake 0.32113063 0.82269835 0.0 0.99831176 0.20091528
