microwave 0.94316417 0.34545928 0.8075366 0.5737618 0.92312896
cake 0.8654807 0.90824056 0.0535426 0.995901 0.46570003
couch 0.79241115 0.53281933 0.046973053 0.7118425 0.12902321
knife 0.73016936 0.50235474 0.5885054 0.5467419 0.60365796
microwave 0.6411202 0.5723796 0.80808735 0.75936955 0.9223733
spoon 0.61292523 0.25413188 0.57542 0.27507433 0.61332285
spoon 0.60601056 0.25715187 0.28335 0.27624628 0.319319
wine glass 0.5516116 0.32415137 0.28381652 0.36441723 0.31631774
microwave 0.5118691 0.58649313 0.3621721 0.64651585 0.5392618
knife 0.50000274 0.5059651 0.54828155 0.54520214 0.5717311
knife 0.48856112 0.49839708 0.5738367 0.54495627 0.5841565
clock 0.44964433 0.6163561 0.059433736 0.7130531 0.11661296
couch 0.41066572 0.19122 0.00024318323 0.7284379 0.12059726
spoon 0.40940502 0.32810158 0.57744586 0.36505055 0.61459756
wine glass 0.40873414 0.32810158 0.57744586 0.36505055 0.61459756
knife 0.397175 0.5111017 0.56352574 0.5446302 0.5761104
banana 0.3921817 0.5256843 0.12634005 0.56777114 0.19527908
knife 0.31151822 0.50521696 0.5840173 0.54745454 0.5916927
