cake 0.9711284 0.67180735 0.6738296 0.9409924 0.79765564
sink 0.9369383 0.3931959 0.21055476 0.60727435 0.34573615
cell phone 0.8441673 0.44912988 0.1306605 0.5197134 0.20121878
microwave 0.80259424 0.4426664 0.12775457 0.62959063 0.2053158
cake 0.7370777 0.6034827 0.55423284 0.8911473 0.67690945
cake 0.6301335 0.64539635 0.7771784 0.9046006 0.8836962
tennis racket 0.58201975 0.5868512 0.27645528 0.6375166 0.28951037
cake 0.5040466 0.59106845 0.618779 0.61761373 0.6722879
spoon 0.47065523 0.6153437 0.30000722 0.63181645 0.33140922
cake 0.46835113 0.6153844 0.77925104 0.679461 0.8283809
sandwich 0.45640725 0.53388464 0.38663682 0.5493161 0.4050778
toaster 0.42328057 0.6008667 0.21629381 0.6197566 0.2646829
cake 0.42202425 0.60103065 0.75257343 0.6556977 0.7878186
cake 0.41400936 0.60393965 0.75235534 0.6780236 0.8306843
banana 0.40558448 0.60174847 0.30343032 0.61945033 0.3198154
knife 0.3668475 0.53333145 0.04765237 0.5593969 0.059654556
knife 0.34591103 0.535511 0.03622006 0.5568083 0.045227252
microwave 0.3274464 0.60599047 0.0 0.8170155 0.053131983
