microwave 0.9052223 0.3953518 0.055799477 0.99216926 0.19092876
toaster 0.84160584 0.57202125 0.69769615 0.6484468 0.8914897
cake 0.7833266 0.61114824 0.26482365 0.9762446 0.41217723
tennis racket 0.73222506 0.3557505 0.5297727 0.38689122 0.537077
cake 0.66644 0.5663854 0.3066079 0.69111407 0.38615215
cake 0.64531904 0.53507406 0.32932886 0.61928046 0.39153948
clock 0.551573 0.4784333 0.6359973 0.5120178 0.6555551
clock 0.526961 0.4712492 0.61903816 0.508933 0.64073104
cake 0.5193347 0.52589166 0.3615195 0.60303646 0.39942178
tennis racket 0.51533663 0.3579177 0.46318552 0.3876581 0.47088
sandwich 0.50985396 0.54512024 0.4752751 0.55529153 0.48876232
tennis racket 0.466141 0.35171348 0.52262837 0.38645133 0.5303014
sandwich 0.45866275 0.5423007 0.46680084 0.55398816 0.47614065
cake 0.42614344 0.47598928 0.39828128 0.5288883 0.42398143
spoon 0.41077694 0.5559309 0.46724322 0.5714063 0.4914706
sandwich 0.3849986 0.53123873 0.4742114 0.5441722 0.48415494
tennis racket 0.38425544 0.52621925 0.7445262 0.56530505 0.7601108
spoon 0.3197862 0.47438896 0.5905719 0.50217736 0.6143882
spoon 0.3114835 0.54512024 0.4752751 0.55529153 0.48876232
