sandwich 0.7636285 0.4972693 0.31785545 0.5301315 0.43983492
cake 0.75827163 0.40480196 0.72285527 0.42851365 0.8006086
sandwich 0.69231486 0.5206586 0.48267016 0.54049253 0.51643103
cake 0.6900172 0.4153313 0.7884985 0.53969395 0.85427266
couch 0.6742743 0.41627827 0.20554642 0.454106 0.2777885
sandwich 0.6607091 0.52245957 0.44958094 0.54216033 0.48428974
cell phone 0.6440939 0.29973263 0.3126017 0.3541897 0.3835126
couch 0.6288187 0.42683873 0.16867651 0.45935544 0.21764708
couch 0.601428 0.4296538 0.097865544 0.46571526 0.17843902
banana 0.5204773 0.4900667 0.50877786 0.51166517 0.5576652
spoon 0.5060433 0.497071 0.31485224 0.5689172 0.44653803
tennis racket 0.50552464 0.42807052 0.041945435 0.47571 0.06337568
tennis racket 0.4681824 0.4416417 0.06457721 0.4705897 0.08606326
sandwich 0.4419285 0.40880468 0.39309907 0.41816983 0.41510883
wine glass 0.36667964 0.42158738 0.748505 0.43245396 0.7695942
banana 0.36434963 0.67818695 0.49424687 0.7029832 0.5367312
sandwich 0.36117905 0.51076585 0.38213575 0.5301401 0.42588267
sandwich 0.34459484 0.50631124 0.39832753 0.530042 0.43423837
spoon 0.3342902 0.42190862 0.71121603 0.43327296 0.7438839
spoon 0.33410078 0.4195545 0.37137502 0.43591866 0.4237706
cake 0.33162034 0.40932748 0.58260614 0.43825015 0.6149989
tennis racket 0.31988168 0.44443423 0.050013814 0.4736337 0.0673546
