sink 0.9632386 0.35562435 0.2470043 0.8559545 0.41252878
microwave 0.96182173 0.6079337 0.59030366 0.9921344 0.8361405
cell phone 0.9413069 0.36333394 0.1413679 0.46191534 0.24620791
couch 0.76611125 0.44725013 0.6245329 0.59112614 0.6911399
clock 0.7288977 0.5331978 0.63475895 0.58897847 0.6797595
toaster 0.7002015 0.69576526 0.7259764 0.77526796 0.9812992
fork 0.5754518 0.52983433 0.609145 0.5512007 0.6207052
fork 0.565304 0.5088625 0.61637354 0.53611207 0.6284025
fork 0.47611028 0.5064435 0.6044536 0.5209232 0.61170834
fork 0.46994197 0.5498892 0.61386174 0.5653455 0.6221171
fork 0.43627322 0.5288967 0.6008316 0.5502792 0.6087638
