cake 0.91301966 0.73347235 0.1740703 0.97947407 0.37271345
cake 0.8876186 0.7285261 0.41557676 0.97684467 0.596648
spoon 0.8254437 0.55470234 0.50757957 0.60585004 0.6196089
couch 0.66632915 0.4196723 0.48044294 0.60081095 0.6447204
wine glass 0.6538945 0.31799304 0.07367004 0.33526278 0.090253115
wine glass 0.64241403 0.31911814 0.094744325 0.3351314 0.10807827
cake 0.64091927 0.72774166 0.6354979 0.9786511 0.83955115
wine glass 0.62004584 0.4440638 0.89689994 0.46460184 0.9260714
wine glass 0.6198986 0.35847494 0.08233423 0.3706694 0.103801765
spoon 0.6030732 0.5397089 0.24277651 0.5595673 0.33289593
spoon 0.53729874 0.5874927 0.4301345 0.61118567 0.522221
spoon 0.5284893 0.41204476 0.90536535 0.42157203 0.9272842
wine glass 0.52363354 0.23999381 0.914335 0.2713287 0.93616307
cake 0.50331306 0.70346093 0.074558385 0.90843904 0.13221309
wine glass 0.48917627 0.44598937 0.017788956 0.4709525 0.03216036
wine glass 0.487947 0.41204476 0.90536535 0.42157203 0.9272842
spoon 0.48195732 0.20765309 0.068182215 0.2293496 0.108649775
wine glass 0.4681681 0.35595298 0.008329271 0.3663603 0.032021146
wine glass 0.46340996 0.44686937 0.0003195628 0.47040838 0.0133109875
wine glass 0.45995006 0.41249195 0.07969901 0.4219884 0.09807615
wine glass 0.4548809 0.4128823 0.0069044237 0.42162165 0.026605714
wine glass 0.43701437 0.35670993 0.9343497 0.37209502 0.9454852
spoon 0.42854536 0.35595298 0.008329271 0.3663603 0.032021146
banana 0.4254107 0.58178097 0.46284544 0.5916087 0.48016188
cake 0.41460046 0.70144117 0.073221795 0.9504303 0.25484106
wine glass 0.41255006 0.41186365 0.9882466 0.42231163 1.0
spoon 0.40350944 0.3257539 0.8920047 0.33518544 0.9272045
spoon 0.3949374 0.31436685 0.0016565772 0.33548954 0.032297246
spoon 0.3932752 0.3156456 0.8944694 0.3236052 0.92738533
spoon 0.37803477 0.20087615 0.0012654319 0.23054186 0.034855727
spoon 0.37487018 0.24839087 0.0 0.2712443 0.03242445
wine glass 0.36844447 0.24120717 0.8920191 0.2722625 0.9131718
spoon 0.3578161 0.41249195 0.07969901 0.4219884 0.09807615
wine glass 0.3441641 0.3570936 0.0007360258 0.3666878 0.010480658
wine glass 0.34041077 0.43529025 0.03739909 0.4743919 0.05655925
spoon 0.33324915 0.5441483 0.0 0.56152105 0.006753061
wine glass 0.3309195 0.36141032 0.9830984 0.37110502 1.0
spoon 0.32581422 0.4128823 0.0069044237 0.42162165 0.026605714
wine glass 0.32299164 0.36117464 0.9040404 0.37088197 0.92345756
wine glass 0.31956932 0.44581342 0.8922318 0.46568543 0.9005888
wine glass 0.3124898 0.3450222 0.917195 0.3711903 0.9323914
wine glass 0.31191435 0.3500773 0.8924806 0.3723561 0.8986345
wine glass 0.30163923 0.4007813 0.9757379 0.4215897 1.0
wine glass 0.30083036 0.43565592 0.9528004 0.4749237 0.9701926
