microwave 0.87413573 0.6076647 0.25827917 0.8364582 0.4408814
cake 0.77131975 0.6362372 0.038304176 0.694837 0.12036997
tennis racket 0.696014 0.55278546 0.4729918 0.6152994 0.4836429
couch 0.59474176 0.56757385 0.6221014 0.6296246 0.66411555
spoon 0.5906636 0.603189 0.44906622 0.6184737 0.4662506
clock 0.5772029 0.61727166 0.8971205 0.72617537 0.9978019
banana 0.52379113 0.6486191 0.14958782 0.6732447 0.16885288
couch 0.50166684 0.2842023 0.016698249 0.36682767 0.06617548
spoon 0.4960974 0.6603189 0.08846473 0.74962074 0.23674
tennis racket 0.49209732 0.5540612 0.48380676 0.6143018 0.49354568
knife 0.48899713 0.5583038 0.19730638 0.5857959 0.21208812
clock 0.47694707 0.593904 0.6342677 0.63117576 0.650095
knife 0.43552265 0.5562245 0.26405635 0.5823136 0.28042325
knife 0.3788688 0.56182814 0.21054597 0.58852375 0.22267117
couch 0.37789097 0.4760973 0.88908345 0.72453845 0.99807984
couch 0.35941306 0.47453734 0.8713761 0.7256479 0.9995381
banana 0.3425613 0.6715632 0.0962238 0.7069981 0.13457656
wine glass 0.3369277 0.41109064 0.016634915 0.43745166 0.03367536
couch 0.3365045 0.5259607 0.8960954 0.7221827 0.9976592
couch 0.30455503 0.668582 0.94140434 0.7575911 1.0
