microwave 0.87189215 0.6380751 0.35443792 0.82564914 0.49476245
couch 0.7027855 0.71160597 0.53372216 0.7676311 0.67422026
cake 0.69252175 0.8733454 0.44247067 0.9996979 0.56429887
spoon 0.58605486 0.76975024 0.5920402 0.79014397 0.66464525
microwave 0.5779455 0.7361671 0.8305592 0.81408644 1.0
cake 0.41706517 0.8254654 0.4268023 0.8524378 0.53839004
microwave 0.41315398 0.74448884 0.3591724 0.8217344 0.48787796
cake 0.39227697 0.846077 0.42970183 0.95492655 0.56062496
cake 0.35995257 0.84708613 0.4336189 0.8913079 0.56239045
spoon 0.35592052 0.75550395 0.609153 0.78828484 0.6688734
