sink 0.926207 0.3665033 0.16267756 0.82476795 0.2465922
microwave 0.7261186 0.6080729 0.7456254 0.83144695 0.89812803
couch 0.67101747 0.52261865 0.5873268 0.5997071 0.6061513
clock 0.6162863 0.49704328 0.465946 0.6141074 0.48429075
spoon 0.58706945 0.46335793 0.6967692 0.4787932 0.72193366
cake 0.5714714 0.70707005 0.33420277 0.9661061 0.44370914
clock 0.5165341 0.5691538 0.58985215 0.5991473 0.60385984
toaster 0.44097513 0.5998706 0.5145377 0.62710613 0.6300235
wine glass 0.42055124 0.325761 0.29231095 0.3465717 0.3076526
couch 0.42044568 0.30428618 0.28649035 0.3462849 0.31262872
microwave 0.4075446 0.60337985 0.24199374 0.7546826 0.2828698
cell phone 0.36753112 0.52957135 0.24167603 0.61507314 0.26076186
wine glass 0.34912124 0.37499163 0.69628215 0.39862812 0.7157705
knife 0.34600693 0.5629259 0.91886985 0.5964439 0.93393195
knife 0.3393665 0.5705442 0.90661806 0.5965714 0.9164427
spoon 0.33847398 0.46321052 0.27821854 0.47799504 0.29912952
knife 0.32455403 0.57112765 0.8899655 0.5958236 0.90967566
spoon 0.30388635 0.38433993 0.68357825 0.3995809 0.70117366
