cake 0.89866036 0.6397374 0.3173629 0.81124645 0.47156677
cake 0.89292955 0.63826877 0.10628882 0.8124327 0.28309417
cake 0.8864504 0.6383746 0.5330351 0.8122073 0.6838985
cake 0.83585715 0.6381719 0.72953624 0.8121985 0.90477926
sink 0.7705108 0.40010756 0.00029316967 0.6651569 0.15905906
clock 0.51946217 0.52318215 0.28797987 0.54982424 0.3226928
couch 0.4657084 0.50018847 0.27443573 0.54999065 0.34499386
spoon 0.43590423 0.54767996 0.6220597 0.56486017 0.68799347
microwave 0.38997874 0.5349653 0.887697 0.6172756 0.9321589
knife 0.36456504 0.51294875 0.5953007 0.53018975 0.60909855
microwave 0.35617843 0.46170387 0.8852815 0.6188333 0.93691325
clock 0.31411085 0.5134629 0.19111262 0.54706633 0.22004862
toaster 0.31274495 0.55868864 0.66969705 0.57691145 0.8169002
