cake 0.9673767 0.63697606 0.38297212 0.9955926 0.49787766
cake 0.95973873 0.6373008 0.5333438 0.99583834 0.64876366
cake 0.91301847 0.62500185 0.21607617 0.99739987 0.35879037
cake 0.903258 0.6384462 0.67106575 0.99621093 0.8012597
clock 0.6911646 0.49147823 0.79830647 0.52206004 0.8138324
fork 0.5344017 0.47186443 0.65127915 0.49272507 0.6575641
fork 0.5158216 0.46558493 0.6487877 0.4808464 0.6530065
toaster 0.50127375 0.55524987 0.0047227517 0.58640033 0.10900055
toaster 0.47858498 0.5585576 0.5167503 0.58066213 0.61324126
fork 0.44680297 0.4844081 0.6493957 0.51651186 0.6581726
wine glass 0.4425584 0.39900222 0.61036664 0.4135789 0.6249638
spoon 0.4373274 0.31413883 0.33267727 0.33219546 0.35130575
spoon 0.41201586 0.5730568 0.33818462 0.5900456 0.35325757
couch 0.39650068 0.45892227 0.7861853 0.52090335 0.82505125
couch 0.3746283 0.5673245 0.3376928 0.58879924 0.3530591
wine glass 0.3611871 0.35384637 0.6069046 0.3781416 0.62328565
microwave 0.34683454 0.50805855 0.39919078 0.5608777 0.5653203
spoon 0.31992462 0.362074 0.32799006 0.37993023 0.3541007
toaster 0.3033438 0.5792745 0.0 0.6213638 0.03425312
wine glass 0.30282837 0.5730568 0.33818462 0.5900456 0.35325757
