cake 0.96456695 0.6432283 0.49007976 0.949664 0.5995674
couch 0.79278076 0.5167082 0.46395177 0.59980214 0.50666064
couch 0.6963993 0.5446484 0.12571457 0.61609226 0.173628
toaster 0.5379072 0.64339674 0.28624153 0.6603335 0.36380756
microwave 0.517255 0.45353997 0.76911455 0.5825021 0.794727
microwave 0.49013537 0.5572408 0.49998155 0.58531386 0.5666371
toaster 0.46085095 0.5869247 0.15124974 0.6127467 0.2370227
clock 0.43978018 0.57603157 0.45706552 0.59795123 0.47738647
clock 0.39110342 0.56748956 0.47770646 0.5981094 0.5010643
clock 0.3754801 0.5105949 0.3073038 0.5708632 0.33631396
clock 0.36488944 0.5844952 0.42058635 0.6022037 0.44397897
couch 0.34500015 0.5304205 0.4180719 0.60083467 0.4847484
couch 0.3083858 0.56279886 0.4189991 0.60147905 0.4454023
