toaster 0.7814023 0.63445455 0.0 0.7047052 0.2907207
microwave 0.7045403 0.44674116 0.0633921 0.604672 0.24729545
sink 0.63522106 0.39482993 0.26391143 0.73345166 0.49236146
fork 0.609834 0.5361339 0.8247348 0.55902374 0.8584911
knife 0.57444406 0.5406375 0.9041955 0.5779549 0.9178928
cell phone 0.57306993 0.58655286 0.50981957 0.6583185 0.6727758
couch 0.56929827 0.5148988 0.76144034 0.56004 0.8207432
fork 0.5367639 0.54263693 0.8155563 0.5635572 0.84780854
knife 0.49603838 0.54397273 0.9409609 0.5781908 0.9698768
knife 0.45327067 0.55062395 0.9232433 0.57854337 0.9485273
fork 0.43575755 0.55503744 0.80975205 0.57121557 0.8384423
knife 0.30382916 0.541293 0.88658893 0.565156 0.90089375
