cell phone 0.9481868 0.4909449 0.32131138 0.5824755 0.42678443
microwave 0.9255402 0.748862 0.000274688 0.9793848 0.3006483
microwave 0.88269395 0.6629228 0.5298057 0.9962137 0.6754915
tennis racket 0.81157696 0.518635 0.5852577 0.6261204 0.6125726
spoon 0.68404216 0.43798056 0.8087431 0.46755275 0.8774632
couch 0.66040236 0.51694703 0.8480016 0.7305042 1.0
wine glass 0.6518494 0.42863405 0.3923819 0.45310342 0.41040713
spoon 0.599999 0.43206015 0.7569438 0.46401843 0.80305934
wine glass 0.5727454 0.26823413 0.76473063 0.30291012 0.7946473
wine glass 0.5721226 0.56712 0.5025746 0.60705113 0.5273239
sink 0.5487453 0.26079637 0.00030994415 0.7635458 0.17477268
spoon 0.52250457 0.37804818 0.75635844 0.398356 0.80454034
spoon 0.5179993 0.2661427 0.8085744 0.29809126 0.8423186
spoon 0.4491395 0.41634503 0.8086634 0.43225777 0.88017124
spoon 0.44310975 0.41910142 0.7567974 0.43121365 0.8023264
spoon 0.408897 0.26823413 0.76473063 0.30291012 0.7946473
wine glass 0.38219988 0.2661427 0.8085744 0.29809126 0.8423186
spoon 0.3649775 0.39500326 0.75700486 0.4074986 0.80319774
