tennis racket 0.72744906 0.50703555 0.75096947 0.6126003 0.7678029
spoon 0.59907997 0.3387945 0.34522277 0.36207092 0.36114705
cake 0.5899265 0.82666177 0.10262038 0.9979255 0.26021045
spoon 0.57381195 0.20757622 0.43984443 0.24116847 0.47753024
spoon 0.55613095 0.33643982 0.36070704 0.36024338 0.38011706
toaster 0.5431418 0.6395654 0.32859236 0.6804765 0.47169906
cake 0.5096129 0.6631438 0.048697244 0.91241026 0.1588651
spoon 0.5021731 0.6064619 0.8753584 0.6443443 0.95912546
toaster 0.4469345 0.5658116 0.11647117 0.58971983 0.23101765
toaster 0.42225537 0.6220918 0.31943154 0.68286794 0.4970153
spoon 0.38887393 0.19550134 0.4765527 0.22352265 0.51738393
wine glass 0.35650352 0.33643982 0.36070704 0.36024338 0.38011706
spoon 0.35587034 0.39709717 0.79587275 0.443278 0.83390933
tennis racket 0.3540813 0.55618155 0.78903383 0.60945535 0.8079023
spoon 0.34703788 0.22763246 0.40131906 0.25448748 0.4390039
wine glass 0.3117668 0.3387945 0.34522277 0.36207092 0.36114705
tennis racket 0.30142087 0.5538425 0.7740375 0.6107781 0.78658485
