couch 0.7604556 0.51309717 0.55425936 0.6544422 0.7088446
microwave 0.59789145 0.55056286 0.8213131 0.7725121 0.9217353
couch 0.55671895 0.58592695 0.40180436 0.62194043 0.4373842
sandwich 0.53937954 0.71806747 0.060346324 0.73974735 0.09226214
clock 0.5245026 0.60599965 0.62295115 0.6546355 0.6565084
sandwich 0.51092595 0.61804557 0.26474977 0.63330376 0.28194886
couch 0.5090508 0.50219905 0.3122858 0.65804493 0.38508058
sandwich 0.48003957 0.7233164 0.0069465553 0.7425664 0.034831185
sandwich 0.474387 0.632742 0.2632932 0.64639515 0.28265607
wine glass 0.4712813 0.49336722 0.20173638 0.5095551 0.21681431
wine glass 0.46372986 0.4887532 0.7372454 0.5129849 0.75721806
wine glass 0.45569268 0.4272679 0.20018205 0.4461617 0.21378706
wine glass 0.44790164 0.49251845 0.25415385 0.5096747 0.27039984
spoon 0.43924624 0.345874 0.0885948 0.383044 0.13696477
wine glass 0.4340627 0.48879606 0.22557369 0.51008457 0.24909666
sandwich 0.43350098 0.71224535 0.10767624 0.73667574 0.13478157
microwave 0.42101392 0.38699085 0.822669 0.54053307 0.92984086
sandwich 0.41596606 0.69965523 0.06040202 0.72141284 0.090213805
sandwich 0.40670398 0.60237 0.25678378 0.6191616 0.27488023
sandwich 0.4054607 0.704504 0.02280047 0.731174 0.057160586
sandwich 0.40433565 0.61653215 0.117496684 0.62988454 0.1435632
sandwich 0.40079725 0.6041857 0.13646024 0.6288005 0.16465656
couch 0.39974847 0.5132892 0.31450662 0.66268086 0.3589679
sandwich 0.39605507 0.6272043 0.24965675 0.63977873 0.26659012
spoon 0.38177764 0.6055129 0.23463814 0.66270024 0.2973174
sandwich 0.37446555 0.6158718 0.16625965 0.6281074 0.18207872
toaster 0.37290147 0.6508091 0.41045737 0.664661 0.6252463
wine glass 0.37080836 0.47710425 0.2002035 0.51054263 0.2187378
spoon 0.3550374 0.41318184 0.07126822 0.4264484 0.11294582
wine glass 0.33983797 0.47621673 0.20014168 0.49549502 0.21611871
sandwich 0.33263052 0.6377852 0.2818176 0.64524496 0.29490194
sandwich 0.33262387 0.72478616 0.0 0.74125934 0.0061455513
sandwich 0.32764784 0.7114473 0.0002446799 0.72975093 0.008939884
spoon 0.32752636 0.6147448 0.09248577 0.65535724 0.2127891
sandwich 0.32709107 0.62642664 0.27798924 0.6373808 0.2944927
sandwich 0.32504678 0.60723054 0.2739845 0.6216577 0.29003915
sandwich 0.31969267 0.6057362 0.16888668 0.6223534 0.18984108
clock 0.31617385 0.6020123 0.40838867 0.62164116 0.42926466
sandwich 0.31229016 0.6465366 0.25656256 0.6605803 0.28042457
sandwich 0.3078117 0.72425616 0.093074545 0.7402501 0.12102582
wine glass 0.305962 0.44610545 0.20013008 0.46253452 0.21320364
wine glass 0.3038609 0.49503773 0.27258155 0.5102187 0.28458372
sandwich 0.30305952 0.7149267 0.08675585 0.7317754 0.10764377
bowl 0.30084544 0.60022855 0.18662171 0.6161562 0.203953
