spoon 0.8940833 0.5606556 0.7208487 0.60995424 0.82696
tennis racket 0.7762968 0.3344668 0.6044795 0.39409134 0.63533515
tennis racket 0.72021455 0.33468708 0.5626601 0.39537647 0.6021942
tennis racket 0.717628 0.3271952 0.49838603 0.3968793 0.52801466
tennis racket 0.6925705 0.32958454 0.637397 0.39353055 0.6707945
spoon 0.66449237 0.55915123 0.5810965 0.6032265 0.71295613
tennis racket 0.6238065 0.24482737 0.7587167 0.29801044 0.81051165
tennis racket 0.59288514 0.3411507 0.5264356 0.3957187 0.55835617
spoon 0.5644092 0.4776589 0.78363484 0.5269278 0.8703827
spoon 0.5557703 0.5521162 0.48327592 0.59951645 0.58000004
tennis racket 0.53959066 0.34982955 0.47293735 0.39646918 0.49625978
tennis racket 0.45702624 0.35089993 0.45688933 0.39774197 0.47744527
tennis racket 0.45134345 0.34433314 0.54571944 0.39456615 0.5642562
tennis racket 0.42923468 0.25712076 0.72183424 0.29974923 0.75503707
tennis racket 0.41045812 0.460493 0.55297273 0.52548075 0.61590993
