microwave 0.9712673 0.50950515 0.4635477 0.6913171 0.586465
spoon 0.9369776 0.5690144 0.26570532 0.66295356 0.37976232
cake 0.9359679 0.74113137 0.034948185 0.9959598 0.34418
cake 0.89510995 0.58854437 0.43037033 0.994978 0.665879
spoon 0.7288341 0.5540737 0.87454635 0.58876216 0.9355187
book 0.7141696 0.06995553 0.051126566 0.22264089 0.13094841
book 0.71223855 0.07469075 0.07065035 0.21773355 0.12817377
sink 0.54968524 0.36849108 0.26684108 0.57726306 0.36260775
fork 0.50140667 0.48032984 0.71186423 0.49822795 0.7239785
spoon 0.48102713 0.095450394 0.8302424 0.14091487 0.89514434
cell phone 0.3797726 0.4227382 0.14883499 0.48915014 0.16467322
fork 0.36475965 0.4611263 0.72193223 0.48780996 0.73499244
wine glass 0.31020135 0.27812725 0.8890874 0.29408535 0.9163781
