sink 0.93975276 0.3972894 0.65435225 0.7700669 0.77950686
cake 0.9299571 0.7199839 0.21213385 0.9985531 0.3773236
cake 0.8258891 0.6389013 0.6545013 0.8990453 0.7316983
cake 0.81758255 0.67579186 0.4871843 0.99121135 0.5878805
spoon 0.80407107 0.6346638 0.2387157 0.69519764 0.32700068
cake 0.710071 0.693806 0.37018842 0.99606407 0.49345434
tennis racket 0.6887209 0.5771958 0.056213103 0.6241585 0.06539473
cake 0.6828898 0.652929 0.5592744 0.93582004 0.6633883
spoon 0.6827271 0.591987 0.12338673 0.6229219 0.17036128
tennis racket 0.5953397 0.5736778 0.96135956 0.6165332 0.9800169
tennis racket 0.59002304 0.5628876 0.03974468 0.62689036 0.05273254
tennis racket 0.5830876 0.5576546 0.022052124 0.6288273 0.03484832
spoon 0.5535603 0.57063615 0.4306728 0.5914472 0.45512518
tennis racket 0.54550517 0.57429576 0.06728897 0.62335384 0.0763234
tennis racket 0.5298167 0.56051147 0.9372441 0.6211666 0.9509924
wine glass 0.49612886 0.49203086 0.87477237 0.511505 0.88866025
toaster 0.48528093 0.58540887 0.36933103 0.6035819 0.43836012
couch 0.47551972 0.540796 0.53948 0.5888058 0.568166
microwave 0.46746713 0.6406615 0.933631 0.8524227 1.0
wine glass 0.40887883 0.49117243 0.8559926 0.511144 0.8719602
clock 0.3795664 0.23944503 0.9649645 0.2919804 0.99765575
couch 0.37652743 0.5694329 0.54859287 0.6186735 0.5657069
knife 0.33762953 0.64324564 0.23714668 0.6621814 0.24498862
wine glass 0.3286108 0.49206743 0.8403783 0.5113913 0.8538567
clock 0.31649634 0.25635698 0.9038178 0.3013303 0.92637444
tennis racket 0.3089846 0.25608978 0.90225446 0.30188823 0.9241574
tennis racket 0.30663043 0.55699855 0.3587483 0.5970556 0.36582735
cake 0.30109715 0.64232767 0.66099465 0.70934886 0.7264687
