microwave 0.8753669 0.54702026 0.18312839 0.9152357 0.37621835
chair 0.7784079 0.5387962 0.83433354 0.6273226 0.99856687
fork 0.5871095 0.5034648 0.33727255 0.5188915 0.34733507
fork 0.5174574 0.4936455 0.33127898 0.51597136 0.3392312
couch 0.49148574 0.4265791 0.61541927 0.54883045 0.67030144
fork 0.47185978 0.5212357 0.34247994 0.5332724 0.35095984
cake 0.46845466 0.52298325 0.4954269 0.6214264 0.534155
cake 0.4300909 0.52936435 0.5485335 0.6271841 0.5960776
couch 0.41533405 0.5246069 0.31245527 0.547105 0.3312063
knife 0.3704525 0.5064051 0.1475222 0.5510404 0.16741683
cake 0.34625518 0.50936234 0.5241823 0.5264719 0.55815923
spoon 0.3266873 0.5415129 0.31449923 0.55412495 0.32994536
toaster 0.3091836 0.5769216 0.6004609 0.70677054 0.72327304
knife 0.3080839 0.50466675 0.13003418 0.55433095 0.15356025
