sink 0.8640638 0.3739545 0.90275973 0.8336867 1.0
cake 0.8131782 0.7067936 0.023255488 0.99932593 0.3664359
tennis racket 0.76024973 0.557721 0.14194407 0.6260427 0.17514396
couch 0.6883093 0.5398309 0.67632747 0.60421264 0.7712485
microwave 0.65113693 0.61074555 0.35660952 0.64312434 0.61994606
spoon 0.5446113 0.4574305 0.2449641 0.4706624 0.30075735
couch 0.53796864 0.38093603 0.0004863316 0.68520486 0.19284
clock 0.47732967 0.57418865 0.7060536 0.60130185 0.7468
toaster 0.43329954 0.6066107 0.58241004 0.6213562 0.7254703
couch 0.40683353 0.5626572 0.23237705 0.64503103 0.3385631
clock 0.37758788 0.59054726 0.0 0.6712069 0.049805522
