cake 0.93030906 0.5640623 0.51529944 0.7587158 0.6394418
cake 0.90176797 0.5737268 0.37333325 0.79066265 0.5186287
cake 0.8957989 0.5500385 0.6370678 0.73573476 0.7578305
parking meter 0.8031939 0.7464365 0.60836416 0.9218657 0.9337838
couch 0.7177474 0.46269923 0.5195749 0.57199794 0.73981816
clock 0.68682694 0.5306708 0.5905842 0.57248205 0.64114827
tennis racket 0.47673532 0.4994018 0.11747603 0.5350261 0.13034627
tennis racket 0.46505886 0.5046984 0.13808993 0.53593624 0.15298754
spoon 0.44770828 0.5746301 0.5214367 0.5856474 0.55957896
tennis racket 0.3397907 0.50278515 0.1283643 0.53356594 0.14017333
spoon 0.33458373 0.5672367 0.4927553 0.58356446 0.5571784
cake 0.30841944 0.53243005 0.6339879 0.5722836 0.68619955
wine glass 0.30585214 0.42800143 0.7291382 0.44554153 0.75266874
