cake 0.7814433 0.72046286 0.41762918 0.9337969 0.50169766
cake 0.76337534 0.72126096 0.5605031 0.94099796 0.6473609
couch 0.7183727 0.2754748 0.6207428 0.3551843 0.695719
spoon 0.7125164 0.6029239 0.45114076 0.6253013 0.4815473
couch 0.6896039 0.38150305 0.4289174 0.41809973 0.4483509
tennis racket 0.66121453 0.52600324 0.7470337 0.5705696 0.7583461
couch 0.6566632 0.38609147 0.38417646 0.4174655 0.4070095
couch 0.62268305 0.50823563 0.5329385 0.5970143 0.6031349
couch 0.61158913 0.29728583 0.34993133 0.35543987 0.38682935
tennis racket 0.6000779 0.52631295 0.7673662 0.5712391 0.7766993
couch 0.59255415 0.38317665 0.40626124 0.4181693 0.42524156
tennis racket 0.5810679 0.52499646 0.7584932 0.5706942 0.76713574
couch 0.58105505 0.50802124 0.7102065 0.57324094 0.74479985
couch 0.57257724 0.52990836 0.6308716 0.5714699 0.654548
spoon 0.567307 0.6054463 0.06629192 0.6261796 0.11677914
spoon 0.5111442 0.59682393 0.5750279 0.62622625 0.6054594
couch 0.5098536 0.38291276 0.41779914 0.41772702 0.43158695
sink 0.5050893 0.18694365 0.7962101 0.896482 0.9413051
couch 0.50125563 0.5317299 0.2143386 0.5848223 0.23389536
couch 0.44374806 0.39988503 0.0018738769 0.63726026 0.06395446
clock 0.41713235 0.47645584 0.21409033 0.5499957 0.22691812
wine glass 0.41165078 0.5357729 0.26381725 0.5748691 0.28856587
tennis racket 0.37748325 0.5157099 0.6147297 0.566529 0.62530714
tennis racket 0.3748886 0.57317346 0.113786735 0.60973424 0.12762265
sandwich 0.3457415 0.5610027 0.51780456 0.5768586 0.5307756
couch 0.34487957 0.4607777 0.0028947555 0.63699406 0.05650131
couch 0.33955783 0.4391688 0.20332459 0.5395518 0.23723996
sink 0.33483243 0.24680753 0.8421719 0.8940399 0.9423641
wine glass 0.3290212 0.55797005 0.2375191 0.57946527 0.25152868
spoon 0.31547615 0.39104196 0.31705034 0.4183021 0.33737212
couch 0.30574605 0.38608342 0.39806607 0.4169755 0.4118528
