cake 0.8954785 0.5896082 0.47656912 0.8505503 0.6447394
cake 0.84581816 0.6367794 0.2518326 0.99143624 0.47126848
cake 0.80954266 0.55604696 0.63159037 0.7603706 0.76903003
sink 0.77597773 0.32879332 0.36351213 0.4868497 0.4988255
couch 0.59227663 0.4014049 0.7029292 0.43052968 0.73376924
tennis racket 0.5036503 0.43296295 0.6230489 0.46734226 0.63657784
tennis racket 0.4909706 0.42302093 0.65162295 0.46562627 0.6668352
tennis racket 0.44532162 0.43907133 0.119178884 0.46386018 0.13554727
toaster 0.44133353 0.43393683 0.6696455 0.46686673 0.7829767
microwave 0.43362054 0.33742052 0.22883615 0.50354224 0.36672634
tennis racket 0.41817597 0.40376398 0.04405452 0.4661905 0.06343791
tennis racket 0.41168448 0.4462807 0.6329014 0.47189185 0.64727974
couch 0.37196666 0.3679044 0.69499546 0.43179932 0.73141897
tennis racket 0.36523163 0.40559536 0.06326907 0.4649024 0.07693963
tennis racket 0.3550333 0.4328679 0.09920829 0.46219382 0.11512025
cake 0.34948125 0.52821356 0.75117284 0.69399065 0.86659026
cake 0.33645973 0.5301613 0.75289696 0.74766463 0.87328064
sink 0.33122388 0.3374809 0.23391387 0.5035416 0.36825654
tennis racket 0.32993588 0.4270819 0.63934785 0.46063623 0.649226
banana 0.31123224 0.47110096 0.63418996 0.4845663 0.6586961
microwave 0.30898184 0.42788526 0.24087825 0.49788353 0.36143875
couch 0.3066712 0.4587664 0.6531863 0.4843182 0.67929256
toaster 0.305714 0.43107858 0.7253601 0.44160864 0.7859074
tennis racket 0.30499983 0.41087118 0.63851756 0.46091923 0.6503934
