cake 0.9615633 0.7583274 0.4133267 0.9944445 0.5974265
microwave 0.92837036 0.52828544 0.5602494 0.7410996 0.6941466
cake 0.86693114 0.7610447 0.16405986 1.0 0.38599598
clock 0.8333959 0.5662915 0.38416085 0.64737785 0.4119263
spoon 0.75328666 0.3306438 0.47478572 0.3456745 0.49640003
spoon 0.7153327 0.6183994 0.29731208 0.6663027 0.35743457
spoon 0.6329773 0.41203418 0.52623254 0.43361256 0.55294305
spoon 0.6141402 0.40764254 0.4414232 0.43357578 0.4640865
couch 0.5930444 0.48317817 0.75655943 0.5383956 0.78670436
sandwich 0.5927127 0.6148743 0.31819358 0.63237506 0.33273032
spoon 0.58872306 0.32561243 0.5191153 0.34418568 0.5403565
spoon 0.58397603 0.31945717 0.8173332 0.3393195 0.8492285
cake 0.55294853 0.60027355 0.20132169 0.67343104 0.2627477
toaster 0.5227652 0.56559163 0.82912934 0.5926095 0.93188834
spoon 0.52140427 0.41584235 0.4780832 0.43254194 0.5129535
wine glass 0.4966316 0.31638396 0.43462732 0.34440118 0.46140727
couch 0.49331933 0.47317377 0.33607134 0.64527583 0.45621625
spoon 0.47936437 0.6536204 0.38145483 0.6715749 0.39542633
banana 0.4738335 0.6198827 0.32912195 0.63746226 0.35379243
cake 0.40627742 0.6366333 0.11225666 0.7837259 0.27428162
cake 0.39131403 0.63524795 0.10777206 0.9976456 0.27830487
spoon 0.39111158 0.63558525 0.36028472 0.67271465 0.40138635
spoon 0.34477097 0.32464647 0.71585417 0.3405169 0.73994327
banana 0.34436384 0.6148743 0.31819358 0.63237506 0.33273032
cake 0.33221278 0.60565513 0.20678312 0.76987886 0.29662704
clock 0.32633016 0.511675 0.7646531 0.5383581 0.7840346
