clock 0.57052124 0.4937257 0.09177121 0.53275436 0.12210784
spoon 0.5446534 0.5196035 0.15053523 0.5370476 0.21096802
cell phone 0.47691053 0.63998896 0.2102179 0.8254065 0.30119485
toaster 0.43951735 0.53033733 0.20955107 0.53803134 0.2701405
banana 0.40640408 0.5630976 0.3435584 0.57530224 0.3578159
microwave 0.39721465 0.63998896 0.2102179 0.8254065 0.30119485
spoon 0.37260538 0.56176394 0.2871356 0.59760493 0.39771867
wine glass 0.37041003 0.41437644 0.363602 0.4364314 0.37457886
toaster 0.36414433 0.57292306 0.43322954 0.59621 0.54008067
couch 0.35895282 0.45234975 0.08969882 0.52956474 0.14027923
book 0.33520576 0.31097472 0.98831624 0.38043445 1.0
toaster 0.32896632 0.53560257 0.0029110312 0.54612255 0.08616504
