cake 0.8938399 0.76679415 0.6708761 0.9716812 0.7702339
cake 0.8935769 0.7613579 0.32942152 0.96866083 0.41826558
cake 0.8855359 0.76375246 0.5626075 0.97374094 0.6511195
spoon 0.7109424 0.42710254 0.73091084 0.44747925 0.7644357
cake 0.7055624 0.7766948 0.45067218 0.9730189 0.5364673
spoon 0.6607804 0.60105056 0.6788008 0.62412274 0.7261652
wine glass 0.62320304 0.6444445 0.4708683 0.67105836 0.48485106
spoon 0.599386 0.3462196 0.7079658 0.37582847 0.76694757
wine glass 0.5733102 0.6203158 0.42803225 0.66377544 0.45934644
spoon 0.5546992 0.51104885 0.6961926 0.52719706 0.71436715
spoon 0.51894814 0.52180284 0.7179704 0.5351354 0.7361611
sandwich 0.49835795 0.5852887 0.69216365 0.60141337 0.70947975
spoon 0.49449214 0.2860486 0.6633292 0.30826685 0.69757587
microwave 0.48783344 0.63920045 0.00067894533 0.93634355 0.10386987
spoon 0.46518683 0.35082093 0.63554114 0.3680041 0.6587015
spoon 0.4168455 0.2912872 0.71423894 0.30886114 0.7497359
spoon 0.4143091 0.37467977 0.6622434 0.44917265 0.7068526
sandwich 0.39656553 0.5876222 0.6843228 0.6020697 0.6942269
spoon 0.38997 0.58934563 0.9866101 0.6352967 1.0
spoon 0.37887165 0.5179531 0.7388087 0.5354317 0.77123755
spoon 0.37081972 0.35305363 0.65502894 0.37453732 0.69379437
wine glass 0.31515577 0.30941457 0.4220612 0.3312207 0.43387347
spoon 0.31211478 0.41931832 0.7495993 0.42985085 0.7693395
toaster 0.31130865 0.6219432 0.50427175 0.6581006 0.62532365
spoon 0.3053176 0.5044047 0.71818876 0.5202477 0.73611474
