clock 0.8875477 0.5193691 0.43126386 0.59967226 0.47257662
microwave 0.8511294 0.563037 0.5530232 0.71886355 0.68458045
microwave 0.81850666 0.46092027 0.30859163 0.6220359 0.35120115
spoon 0.7158957 0.56580704 0.46920037 0.59705675 0.50928366
couch 0.6264734 0.49914372 0.21922117 0.5769972 0.2454566
tennis racket 0.6116002 0.5179199 0.7001014 0.5652692 0.7103195
spoon 0.5878211 0.29312932 0.9073298 0.3255105 0.9266919
spoon 0.55943125 0.54307866 0.22156237 0.5771388 0.27541167
spoon 0.53688073 0.5601996 0.4942622 0.59173304 0.5248528
couch 0.52925277 0.4138007 0.37663046 0.6029557 0.5028749
spoon 0.5207499 0.5561396 0.7633444 0.57046145 0.8182014
tennis racket 0.49554583 0.5135054 0.6943812 0.5658967 0.7028176
cake 0.42266956 0.7075443 0.32896632 0.9996225 0.51813084
wine glass 0.38012317 0.40135926 0.91119796 0.4158281 0.9263783
spoon 0.3595165 0.56077653 0.4706016 0.59412956 0.52537674
toaster 0.35856038 0.57208353 0.7787268 0.6186654 0.88851476
spoon 0.35854754 0.40135926 0.91119796 0.4158281 0.9263783
