toaster 0.8449837 0.33508357 0.4118899 0.4021481 0.8725939
wine glass 0.72889024 0.32695696 0.90790904 0.44075945 0.9804261
clock 0.72765994 0.14441532 0.47071752 0.3371963 0.5428035
clock 0.71544135 0.11846283 0.40528664 0.2980845 0.4776885
tennis racket 0.61381096 0.5026483 0.621595 0.61209196 0.6736056
couch 0.48864028 0.0 0.34619266 0.34200853 0.6750879
clock 0.45107144 0.26716337 0.82554317 0.40199736 0.9955947
tennis racket 0.38486457 0.48184544 0.66268533 0.6068327 0.7106712
tennis racket 0.37153026 0.48309606 0.6658585 0.536859 0.7093099
spoon 0.35183495 0.11219868 0.0 0.13900593 0.07037501
tennis racket 0.3208664 0.51132745 0.60806626 0.6181864 0.62638086
