cake 0.9561596 0.6885252 0.24262044 0.9077737 0.37196496
cake 0.9433613 0.6907166 0.61353993 0.9052444 0.74893093
cake 0.90886575 0.68939906 0.49712607 0.90865594 0.6166845
cake 0.8285748 0.6885797 0.3706393 0.9091979 0.4928001
clock 0.79561114 0.5304021 0.6586025 0.6113323 0.69116974
cell phone 0.6122405 0.4328111 0.75794244 0.51779306 0.8495915
microwave 0.5146066 0.43176788 0.7555869 0.6021203 0.8512222
cake 0.5004157 0.66737765 0.155141 0.89602274 0.27130035
microwave 0.49518207 0.4272377 0.75605094 0.7265031 0.8558028
tennis racket 0.49168044 0.4876222 0.44434038 0.526127 0.45181897
cake 0.47564945 0.65774775 0.20101272 0.88154477 0.2725373
cake 0.4031969 0.69339263 0.15864982 0.8836333 0.17549385
microwave 0.3989251 0.56057006 0.122445166 0.6400994 0.18876255
couch 0.33478346 0.46396977 0.62562424 0.6098796 0.72917575
cell phone 0.325414 0.43979007 0.12208678 0.5383171 0.1875375
couch 0.31532034 0.5354989 0.5591717 0.5629391 0.5805179
