cake 0.93918955 0.6191788 0.017933972 0.9974244 0.23514631
microwave 0.885126 0.51492643 0.3580075 0.6405972 0.48870778
cake 0.7894126 0.6759565 0.6063524 0.9389595 0.723818
spoon 0.76888925 0.57157266 0.2356144 0.62041 0.28133398
spoon 0.73358476 0.52731115 0.78437996 0.55792713 0.8261775
cake 0.65781903 0.54148895 0.08916349 0.693356 0.1795842
clock 0.62975276 0.485245 0.53519267 0.52630925 0.5536162
microwave 0.62899446 0.41437316 0.83018786 0.7411348 0.9865039
spoon 0.60130084 0.54782814 0.63532895 0.59449303 0.69118327
cake 0.5804528 0.57012486 0.06519209 0.76494527 0.18874596
wine glass 0.4844128 0.4956508 0.6816367 0.5346959 0.7080531
spoon 0.43189555 0.5929404 0.70646566 0.6271538 0.74580044
toaster 0.38900116 0.52517617 0.5623513 0.53793657 0.6525671
cell phone 0.31010205 0.4298598 0.8333322 0.5242068 0.98301613
couch 0.30309814 0.44498965 0.51820976 0.5275119 0.57150334
