cake 0.9053737 0.68700045 0.6748021 0.99378765 0.7820222
cake 0.8864874 0.72710484 0.57458586 1.0 0.7018692
cake 0.8228911 0.7171678 0.4464801 0.99945873 0.5792417
sink 0.8141505 0.23427089 0.7449673 0.8736952 0.89818734
wine glass 0.75700694 0.43999016 0.3055895 0.46813703 0.31585336
wine glass 0.63565016 0.43946782 0.29302272 0.46789137 0.30454782
fork 0.59813946 0.54505694 0.24102952 0.5602796 0.25462255
spoon 0.5945488 0.45866185 0.5572808 0.47001144 0.5781423
fork 0.57071465 0.51461643 0.23326129 0.5358881 0.24468791
wine glass 0.56281024 0.4437599 0.26963213 0.46698588 0.27891377
fork 0.5564484 0.52937746 0.24729426 0.5449736 0.25612152
spoon 0.5547068 0.45251602 0.5045384 0.46820232 0.5364202
tennis racket 0.53508216 0.5563985 0.09223916 0.60617167 0.1042501
wine glass 0.52300143 0.4493428 0.5995385 0.4702102 0.6133236
tennis racket 0.50255376 0.53419566 0.4891936 0.56879205 0.49844334
wine glass 0.49163947 0.4480991 0.5355465 0.4702529 0.557707
wine glass 0.489711 0.44439763 0.25786647 0.46671212 0.26759973
sandwich 0.48959184 0.54230565 0.14393748 0.55553925 0.15622728
spoon 0.487936 0.44755575 0.55674666 0.45909506 0.577347
fork 0.48180258 0.51607555 0.24344534 0.5327929 0.25281176
microwave 0.47537264 0.41841915 0.62552047 0.6075155 0.6814798
wine glass 0.4683144 0.43918216 0.27999434 0.46724656 0.29225007
spoon 0.45751876 0.3821346 0.55903417 0.39753753 0.57635874
sandwich 0.42167866 0.556226 0.13552007 0.5724531 0.14870414
spoon 0.4112186 0.6268847 0.0060911067 0.6682917 0.038690917
spoon 0.40337938 0.5394708 0.415474 0.5674564 0.45540446
toaster 0.38343048 0.61092454 0.081700414 0.62500525 0.18049896
sandwich 0.36820957 0.55129284 0.12675132 0.5681949 0.13679244
spoon 0.34407786 0.556226 0.13552007 0.5724531 0.14870414
tennis racket 0.3284683 0.5322445 0.48035687 0.5656939 0.49017882
tennis racket 0.32098654 0.5344871 0.47444946 0.5636499 0.4818414
spoon 0.30819076 0.36561137 0.28080705 0.38691947 0.29608306
spoon 0.30542356 0.44817182 0.5364827 0.47052684 0.5578147
sandwich 0.30076793 0.5516403 0.14450708 0.5702478 0.15792847
