cake 0.7866219 0.6127032 0.0 0.7574867 0.088427015
couch 0.68769526 0.33287245 0.5900267 0.59271413 0.8765194
couch 0.6659988 0.56481445 0.01231133 0.6108502 0.094756015
spoon 0.65780884 0.55086726 0.74861026 0.59274846 0.95140797
banana 0.40792513 0.53758687 0.60094243 0.553569 0.632948
spoon 0.39808282 0.5519282 0.58916616 0.5849466 0.65798223
clock 0.39071524 0.58898103 0.036335476 0.60968256 0.07854046
spoon 0.3811328 0.49905908 0.31600547 0.51018727 0.34531188
couch 0.3800496 0.41481745 0.58618766 0.5884055 0.7386995
banana 0.35625136 0.52870584 0.6415696 0.54751444 0.65957433
banana 0.35300535 0.5430861 0.6242606 0.55258554 0.65947795
