spoon 0.7607385 0.51915985 0.51365215 0.5652268 0.57733136
banana 0.72704965 0.5272571 0.17170927 0.547333 0.19372654
microwave 0.67658997 0.51644564 0.3200834 0.61519665 0.43337765
banana 0.65016085 0.535365 0.15742537 0.5480405 0.17213473
banana 0.61339283 0.52818537 0.10098694 0.54959935 0.1526234
spoon 0.5904433 0.54476064 0.09081617 0.5876918 0.1570264
banana 0.5875293 0.5348561 0.13563779 0.5496543 0.15076977
banana 0.5062672 0.5277347 0.14844401 0.54427725 0.16146185
toaster 0.5059313 0.53474385 0.20980546 0.5528639 0.2886861
banana 0.44166142 0.53465843 0.100130014 0.5492328 0.124300264
fork 0.39953735 0.500711 0.33717257 0.518416 0.34508175
cake 0.38871145 0.53032476 0.96406484 0.61984795 0.9996786
cell phone 0.3752756 0.46276426 0.5734089 0.50651026 0.60262996
tennis racket 0.36731428 0.4879349 0.16800988 0.503272 0.17868602
sandwich 0.35416093 0.52119696 0.5357314 0.5314313 0.5547829
sink 0.33087727 0.41176933 0.49280927 0.5229616 0.55650556
sandwich 0.3252241 0.5272571 0.17170927 0.547333 0.19372654
spoon 0.3196195 0.5442108 0.1508661 0.5769856 0.19848911
cake 0.30438718 0.5348178 0.8671075 0.6499641 0.9083035
couch 0.30337214 0.41635612 0.86678165 0.5066932 0.93540806
broccoli 0.30165222 0.52119696 0.5357314 0.5314313 0.5547829
