microwave 0.93113995 0.2480561 0.1843217 0.55429757 0.34198117
fork 0.709553 0.5094927 0.4497753 0.5322775 0.46131292
couch 0.693422 0.5076682 0.49039918 0.5764508 0.52188677
couch 0.6346589 0.46773672 0.7095749 0.581128 0.78781253
clock 0.5988332 0.5260259 0.7356477 0.5813858 0.7659074
fork 0.5622799 0.50745785 0.43461022 0.5300662 0.4452745
fork 0.5468498 0.49282014 0.43641162 0.52728313 0.44952184
clock 0.5445326 0.5417844 0.49610916 0.5771001 0.5137731
spoon 0.52823806 0.5571412 0.68637073 0.5899947 0.7184551
fork 0.50629765 0.508382 0.42645302 0.52985 0.4389324
toaster 0.4689004 0.6086546 0.77313584 0.6628467 0.96512467
microwave 0.45718098 0.5450086 0.18531607 0.8124239 0.34182668
tennis racket 0.45139435 0.46707228 0.93860835 0.5539519 0.96253544
sink 0.4230283 0.0 0.001143802 1.0 0.06668159
sandwich 0.38367406 0.54475087 0.9008165 0.5584053 0.91664416
spoon 0.37020016 0.5525543 0.8826281 0.58521503 0.9637413
fork 0.31854334 0.5315545 0.447136 0.5511529 0.45598492
microwave 0.3077192 0.56701285 0.48953363 0.5935913 0.6784748
banana 0.30598804 0.53310615 0.9105602 0.55546397 0.93132335
