cake 0.78840953 0.74453783 0.26501513 0.79890287 0.380113
microwave 0.75845075 0.73044235 0.7784889 0.999731 0.9990394
cake 0.69292474 0.6355233 0.2753827 0.679387 0.33140206
clock 0.6479092 0.6473695 0.17691313 0.7243248 0.20826225
cake 0.6203722 0.6384294 0.41183203 0.67608654 0.46074325
tennis racket 0.5908928 0.6436232 0.81435263 0.7141219 0.82991827
sandwich 0.5730897 0.69847184 0.42719668 0.71199197 0.44192886
tennis racket 0.5674466 0.6578686 0.77955633 0.7144629 0.79682773
tennis racket 0.56558466 0.6543306 0.854138 0.7116556 0.8758799
clock 0.54569 0.6472413 0.028367704 0.6839561 0.063105516
tennis racket 0.5439186 0.6409573 0.8374548 0.714559 0.85508513
couch 0.5347734 0.6453688 0.34127635 0.70960593 0.41900378
tennis racket 0.5156661 0.64039934 0.7968383 0.71535444 0.8149375
toaster 0.50490963 0.68609416 0.6334316 0.69894767 0.69890195
tennis racket 0.45885223 0.65718174 0.8283729 0.71486115 0.8446396
banana 0.44490805 0.7076686 0.09480774 0.71830493 0.11159181
spoon 0.42782345 0.6997931 0.15052705 0.73567164 0.19481273
sandwich 0.4147371 0.6954293 0.412777 0.71265626 0.42863047
sandwich 0.41441178 0.6623118 0.6287508 0.67144966 0.6407243
sandwich 0.41289032 0.70417345 0.39452755 0.71399474 0.41449535
spoon 0.4050984 0.7110251 0.099658564 0.73904264 0.14609419
tennis racket 0.3977284 0.65225244 0.8679956 0.67269707 0.8756144
sandwich 0.39010227 0.70005155 0.40539068 0.71120083 0.41838074
couch 0.3845631 0.7368147 0.39120382 0.77201337 0.47357494
couch 0.38153297 0.58316505 0.15060738 0.72473574 0.23578933
banana 0.37209445 0.7087054 0.11631168 0.7186749 0.13765974
spoon 0.35972658 0.70574504 0.35775018 0.74450594 0.4528963
spoon 0.344457 0.67066914 0.6128209 0.6826493 0.6504492
tennis racket 0.3390039 0.65232646 0.8678116 0.6949276 0.877672
spoon 0.3380743 0.7052053 0.07059744 0.7381613 0.11318667
banana 0.30389678 0.7052053 0.07059744 0.7381613 0.11318667
sandwich 0.30111328 0.6657756 0.636585 0.6747866 0.64929783
