spoon 0.86918133 0.13033895 0.5883475 0.17871766 0.7061825
clock 0.8467747 0.24797958 0.8742847 0.32372212 0.91936904
spoon 0.7688856 0.14409497 0.3579528 0.17870829 0.44105497
wine glass 0.7676504 0.69164675 0.85731673 0.72747165 0.9354571
spoon 0.73279333 0.13633062 0.71684253 0.17848168 0.8182804
clock 0.69511026 0.3659399 0.26460615 0.4324583 0.31460813
tennis racket 0.6558998 0.82560307 0.27480564 0.90781146 0.32176167
clock 0.57466424 0.12444758 0.8637553 0.17853588 0.937756
clock 0.5157002 0.65047526 0.4403444 0.6721736 0.47741768
clock 0.49770886 0.12485455 0.2596376 0.17857824 0.31534708
clock 0.48121274 0.13050273 0.44867903 0.17786732 0.58390236
spoon 0.46734968 0.13050273 0.44867903 0.17786732 0.58390236
clock 0.45254585 0.6304834 0.47503912 0.67174256 0.4954147
wine glass 0.39719424 0.13050273 0.44867903 0.17786732 0.58390236
clock 0.38940838 0.38407248 0.8569799 0.43456048 0.90028876
clock 0.3716113 0.35320625 0.87216735 0.43406126 0.9332571
cake 0.36714265 0.64209604 0.5228313 0.7602985 0.656552
microwave 0.3390429 0.62809575 0.0 1.0 0.20479947
wine glass 0.32027555 0.2974125 0.28615418 0.3241135 0.32260168
