cake 0.91422135 0.71297115 0.4786842 0.9606308 0.6017561
cake 0.9109969 0.7092963 0.31801924 0.9558783 0.4448506
spoon 0.8909818 0.5315151 0.37194532 0.5926609 0.44640106
cake 0.8406588 0.7091112 0.633662 0.9569176 0.76793396
cell phone 0.8241224 0.46703523 0.1814722 0.5421035 0.2739611
clock 0.64619774 0.5278274 0.5872722 0.5937338 0.635186
microwave 0.6379255 0.5591068 0.0052345693 0.8751609 0.17014343
clock 0.5450937 0.53659195 0.5252637 0.57513183 0.54801077
cake 0.3681127 0.6902087 0.86437064 0.82684755 0.99925965
clock 0.33250576 0.5249816 0.5479139 0.5895976 0.58985925
couch 0.3278488 0.500138 0.0886981 0.556469 0.13965747
spoon 0.32323217 0.57186216 0.42538834 0.60095596 0.49202138
mouse 0.31991366 0.62954843 0.96908057 0.64705634 1.0
cake 0.31534213 0.5579233 0.8706949 0.8238868 1.0
sandwich 0.31020063 0.49397758 0.39817664 0.5146459 0.41243544
