cake 0.95505106 0.81605434 0.3549653 0.9980253 0.56283617
cake 0.9072631 0.8567403 0.06155584 0.9992382 0.28760213
cake 0.8766628 0.64191025 0.51505286 0.7964402 0.5976326
spoon 0.7015051 0.32258576 0.81368774 0.34229365 0.8544825
spoon 0.67200464 0.47103202 0.8580023 0.48392406 0.87808096
cake 0.6105022 0.63075393 0.4216651 0.74623764 0.50385135
couch 0.55774623 0.47613958 0.16637853 0.7432781 0.35255095
cake 0.54920113 0.76679194 0.0027345084 0.99598783 0.102322355
spoon 0.51724565 0.46329176 0.89192164 0.4817368 0.9234183
toaster 0.4867778 0.5562791 0.66001713 0.57884365 0.79740214
cake 0.48380935 0.6523317 0.6022151 0.81872183 0.69087774
cake 0.47922525 0.7750166 0.0 0.9967094 0.14606899
clock 0.4539568 0.6536905 0.21589328 0.7453183 0.27096474
spoon 0.44840217 0.4604328 0.85796285 0.47635227 0.8780415
cake 0.4429293 0.8169402 0.0 0.99803305 0.15179852
toaster 0.37287912 0.5287305 0.5094579 0.54012036 0.5548211
banana 0.32095644 0.6781887 0.1496873 0.7116597 0.16464876
spoon 0.30636415 0.46466127 0.8117247 0.4809866 0.84604913
