spoon 0.881886 0.53715557 0.29006252 0.5826636 0.40178692
couch 0.850377 0.5056284 0.13680321 0.61435086 0.34322175
sink 0.84219927 0.23366244 0.46449456 0.6769848 0.6410728
toaster 0.83511525 0.6947283 0.0 0.8154462 0.2804646
microwave 0.77231884 0.4202907 0.712035 0.74652004 0.9700047
sandwich 0.649984 0.50793976 0.30760562 0.5358638 0.34290746
tennis racket 0.5687717 0.501678 0.5491506 0.54005945 0.5637939
cell phone 0.5554023 0.3334054 0.2382004 0.4761437 0.30069306
bowl 0.49496633 0.50860745 0.35929778 0.5415866 0.41642144
tennis racket 0.47626978 0.50281465 0.56263405 0.5408294 0.5810972
sandwich 0.46746433 0.5147498 0.337947 0.5373357 0.3627498
spoon 0.4420888 0.64778185 0.5385722 0.6774117 0.5952651
tennis racket 0.43650705 0.5017773 0.5326046 0.5392504 0.54998934
banana 0.3838536 0.5147498 0.337947 0.5373357 0.3627498
tennis racket 0.36382195 0.24055679 0.4606791 0.67683804 0.6354337
tennis racket 0.330597 0.50283617 0.58301276 0.54216105 0.6017173
banana 0.31129444 0.4941736 0.33759898 0.5174282 0.36821356
