cake 0.9469539 0.6388364 0.12774962 0.9117955 0.34123635
cake 0.84219277 0.5694267 0.04814985 0.74672395 0.16374324
cake 0.78368574 0.59661865 0.08716718 0.8128439 0.22236563
cake 0.7803365 0.5499828 0.01048436 0.7035457 0.12286108
microwave 0.76725155 0.46863258 0.5599624 0.5446651 0.7833763
couch 0.69527674 0.45489317 0.083633475 0.4866088 0.2368405
clock 0.49743226 0.44895476 0.4936279 0.46725422 0.5113207
toaster 0.48385218 0.49273357 0.29255867 0.51361114 0.41911617
clock 0.48232535 0.36708227 0.3736522 0.39469185 0.39587453
tennis racket 0.46967492 0.44585127 0.60197175 0.47188216 0.61164683
tennis racket 0.4564901 0.43982315 0.6101173 0.47226518 0.62193006
microwave 0.4536166 0.47733018 0.5583397 0.5418989 0.69438225
toaster 0.39334384 0.47951707 0.2648562 0.4994723 0.36090553
wine glass 0.30102095 0.46468878 0.5018831 0.5166617 0.54511553
