cake 0.95425135 0.5754508 0.776368 0.94895023 0.9448993
clock 0.86824137 0.5140098 0.2002338 0.5869143 0.23841836
cake 0.831101 0.5776008 0.648574 0.9334888 0.75308025
couch 0.7244833 0.3723337 0.13765034 0.5873264 0.31003514
spoon 0.6945799 0.517841 0.7379753 0.5505449 0.7952897
couch 0.6905091 0.508287 0.39611477 0.5604936 0.44131678
couch 0.5492207 0.5104867 0.291256 0.55884016 0.31919152
fork 0.5049581 0.50577706 0.3748398 0.5298522 0.37943676
couch 0.50225884 0.14395568 8.586794e-06 0.23727146 0.0592453
cake 0.47093162 0.55921805 0.5604245 0.9092503 0.6620491
couch 0.46663958 0.16366489 0.05425216 0.25319025 0.09979479
couch 0.46047947 0.14557953 0.00085573643 0.23519203 0.04100216
microwave 0.3743944 0.5642015 0.28710923 0.6926867 0.32029358
microwave 0.3726848 0.589989 0.24341895 0.7099398 0.28642604
spoon 0.31249002 0.538852 0.797086 0.5530538 0.8578197
toaster 0.30611053 0.6014666 0.07097831 0.64420503 0.19056049
