microwave 0.905449 0.4418418 0.19561157 0.6628711 0.3542594
sink 0.66942436 0.18015988 0.05385107 0.8218964 0.10604173
sandwich 0.59578013 0.48951024 0.48710325 0.51565623 0.5108306
sandwich 0.5863757 0.49406275 0.460915 0.5162028 0.49386492
spoon 0.5694454 0.3184011 0.855033 0.34135914 0.88864297
spoon 0.5440587 0.33131155 0.748058 0.34666112 0.7770179
sandwich 0.5380686 0.49409053 0.44227746 0.5162243 0.46518877
spoon 0.5216986 0.3164784 0.7799458 0.32548815 0.8074809
broccoli 0.517604 0.43315205 0.43871334 0.45012325 0.45497116
spoon 0.5078706 0.29477954 0.8547168 0.31034955 0.88940895
spoon 0.5064497 0.3002958 0.8977534 0.32719648 0.9366984
spoon 0.48387736 0.32461286 0.74780434 0.33509514 0.7778285
sandwich 0.467405 0.48284686 0.4688535 0.49932605 0.48893872
tennis racket 0.462928 0.4410815 0.81212634 0.49783736 0.8270722
spoon 0.45770907 0.3036877 0.81029814 0.34307358 0.8521846
cake 0.45673028 0.6400138 0.3339861 0.9335988 0.4591459
clock 0.45292306 0.39656526 0.6292082 0.4520205 0.6488128
spoon 0.4512711 0.31694517 0.899253 0.33939794 0.9380809
cake 0.42187172 0.68490064 0.38589275 0.99866295 0.53257257
spoon 0.41503084 0.23132357 0.75231886 0.241878 0.7853973
fork 0.40583596 0.44175616 0.094467476 0.46097967 0.10724817
orange 0.40560314 0.41442254 0.397413 0.45307893 0.44281754
fork 0.4045049 0.42426497 0.09485156 0.44559526 0.10974618
sandwich 0.40247726 0.43335 0.4552675 0.44841832 0.46931362
sandwich 0.39854988 0.42110714 0.4688476 0.44197527 0.48990503
spoon 0.39768326 0.32885173 0.77732897 0.3364526 0.8071817
toaster 0.38314524 0.45888695 0.570062 0.4740211 0.64378124
banana 0.38239554 0.48951024 0.48710325 0.51565623 0.5108306
spoon 0.3389682 0.49666202 0.4382179 0.5364 0.5247958
tennis racket 0.3266004 0.44142845 0.8286941 0.49812266 0.85438
tennis racket 0.3158237 0.4422825 0.82560873 0.49789748 0.84249675
wine glass 0.30299667 0.45858306 0.85207915 0.50212646 0.8687396
