sink 0.9535034 0.47302017 0.00090474787 0.73283577 0.18282875
cake 0.9284975 0.6207928 0.13579132 0.8118195 0.26929513
cake 0.92605275 0.6427198 0.363762 0.88476044 0.5536439
tennis racket 0.9244247 0.5445448 0.31722245 0.6142988 0.4061858
cake 0.9227754 0.63351846 0.23926237 0.845183 0.39728668
couch 0.76081806 0.5283836 0.7344051 0.55981994 0.76991737
fork 0.5789716 0.55124766 0.8272411 0.5622614 0.8417469
couch 0.5785381 0.5305214 0.7671554 0.5616678 0.8080647
clock 0.47803935 0.54021955 0.6257193 0.5563276 0.6413601
couch 0.37377834 0.52575594 0.6189577 0.55497915 0.6496002
toaster 0.37110755 0.57273227 0.5995164 0.5812921 0.7306539
