cake 0.93755937 0.55210716 0.4690998 0.98325795 0.72089654
cake 0.9259084 0.53471285 0.7076766 0.9060053 0.9313629
couch 0.8238738 0.41692787 0.32733026 0.5776474 0.54288554
couch 0.7578599 0.47803658 0.10679474 0.5399292 0.20848884
clock 0.6382657 0.5162626 0.25678414 0.6050611 0.30430526
chair 0.55817664 0.50579065 0.9173759 0.60775334 1.0
spoon 0.55758923 0.55401826 0.428797 0.57238483 0.53099793
clock 0.54148865 0.5185216 0.2706839 0.61118776 0.35570398
clock 0.5203881 0.51739085 0.12854774 0.5399935 0.18753752
clock 0.51580715 0.51015884 0.4028428 0.5795074 0.48859602
clock 0.50868285 0.25145513 0.502887 0.29075974 0.53389907
spoon 0.45570794 0.57258207 0.4346012 0.5870026 0.5322908
spoon 0.42651716 0.41260484 0.82878006 0.43237248 0.86736566
wine glass 0.40538472 0.35877728 0.90248156 0.38565117 0.9390392
toaster 0.40363172 0.588183 0.112517886 0.6059646 0.22309768
spoon 0.39351547 0.57677203 0.43818676 0.5982135 0.5180287
toaster 0.3905395 0.5507276 0.0 0.57173157 0.07593393
couch 0.3755431 0.49354714 0.4537608 0.5899891 0.64899033
clock 0.35488203 0.48938188 0.26732317 0.6153996 0.35966492
couch 0.3429082 0.48721015 0.59608895 0.5875442 0.68324256
couch 0.3416758 0.49688026 0.44765496 0.5544923 0.57761514
clock 0.3403309 0.43938634 0.91809577 0.47939906 0.9517572
cake 0.318318 0.50579065 0.9173759 0.60775334 1.0
spoon 0.30447334 0.35527238 0.8302172 0.38374946 0.8725304
