couch 0.90968 0.3525789 0.3159511 0.5089107 0.40705335
couch 0.80322546 0.3436803 0.0050890967 0.55133575 0.08474749
microwave 0.68305063 0.5241149 0.56208634 0.9932305 0.85616815
banana 0.5806737 0.49669397 0.3010011 0.5077849 0.31320128
spoon 0.57481396 0.49589357 0.26860687 0.5268247 0.31994876
spoon 0.51903826 0.48666787 0.45374715 0.49863407 0.47036105
banana 0.42200097 0.493063 0.2786214 0.50829375 0.29536733
banana 0.3973186 0.5007044 0.3205028 0.526731 0.33913323
wine glass 0.3944559 0.48666787 0.45374715 0.49863407 0.47036105
clock 0.36760274 0.48185527 0.021830352 0.5428639 0.07453537
spoon 0.3437988 0.48301497 0.4704955 0.4992009 0.4937308
clock 0.33718678 0.43722382 0.34980172 0.50992775 0.38882852
