knife 0.7917009 0.533171 0.8164925 0.56963927 0.8467343
clock 0.70537 0.55928904 0.0005228995 0.7173434 0.053565778
spoon 0.6796976 0.434562 0.5909584 0.45269194 0.67266214
tennis racket 0.65475017 0.3212658 0.3081829 0.37642232 0.33398485
spoon 0.6274308 0.44236878 0.47740963 0.4536021 0.5152758
wine glass 0.57279193 0.57761616 0.23943017 0.59307605 0.2741959
spoon 0.5528007 0.44125983 0.4054582 0.45317146 0.46187985
couch 0.5517761 0.22046134 0.29907286 0.2975122 0.37320995
spoon 0.5492234 0.34850156 0.42464426 0.37505502 0.49096003
wine glass 0.5313488 0.5761324 0.27333686 0.5919148 0.29539204
spoon 0.52630866 0.3383395 0.6028135 0.37443066 0.6746979
spoon 0.5173162 0.42806217 0.40600857 0.4360654 0.46183965
bench 0.5156224 0.49718785 0.5392787 0.5856525 0.6356264
spoon 0.509665 0.432854 0.4781814 0.43960404 0.5142303
clock 0.50610936 0.56495374 0.5789011 0.59014267 0.59703493
couch 0.491261 0.3117305 0.0015882569 0.71590185 0.13989806
spoon 0.48306626 0.41864032 0.47784853 0.42945576 0.51389545
toaster 0.48010808 0.586627 0.3032476 0.65308046 0.50603384
clock 0.47437143 0.26904282 0.38896963 0.29636255 0.427239
clock 0.46829692 0.26267752 0.32807437 0.29693106 0.3726439
clock 0.46290332 0.5730285 0.597771 0.5931116 0.6190704
couch 0.45709574 0.5425039 0.562127 0.59342223 0.65276587
tennis racket 0.45669726 0.32311395 0.33925098 0.37624034 0.36824745
clock 0.44388956 0.2693582 0.6014693 0.29785118 0.64396673
knife 0.43715698 0.5225977 0.7829402 0.5679438 0.81993145
toaster 0.42178938 0.591893 0.32700324 0.612771 0.489355
spoon 0.3906373 0.33884835 0.605343 0.35058004 0.674945
knife 0.38163865 0.53407025 0.80906266 0.56916714 0.8250595
spoon 0.34939647 0.3543804 0.6020453 0.37523213 0.67292094
clock 0.33669832 0.26554656 0.5324977 0.2979476 0.57945126
couch 0.3350017 0.21635306 0.35249293 0.2967795 0.47625887
tennis racket 0.33415765 0.5450565 0.3676373 0.58596534 0.38488773
knife 0.3095746 0.5423814 0.7926805 0.5688901 0.80800426
spoon 0.30648336 0.3484047 0.42632154 0.36053604 0.48951465
