tennis racket 0.6483784 0.6578867 0.6393903 0.7068787 0.6667134
spoon 0.6255029 0.6046759 0.5394124 0.62470627 0.5994437
tennis racket 0.6228753 0.65704405 0.66287404 0.70590496 0.68722826
tennis racket 0.6095239 0.6520494 0.68581456 0.7016711 0.7152875
spoon 0.5611954 0.6817436 0.57347697 0.7023041 0.61892354
wine glass 0.54425156 0.3845832 0.2882227 0.4158812 0.3143517
tennis racket 0.49861044 0.6602149 0.5984347 0.6853366 0.61502385
wine glass 0.46903557 0.38431925 0.25837016 0.41392314 0.28967357
sink 0.41365254 0.2723271 0.2153145 0.9808351 0.8556055
sink 0.4056991 0.26092798 0.21198325 0.976716 0.84769887
tennis racket 0.38938195 0.51209605 0.5411312 0.5481945 0.5561908
tennis racket 0.37698075 0.5791987 0.7704121 0.61116517 0.78951764
spoon 0.3526591 0.7016309 0.571952 0.7183277 0.6044697
tennis racket 0.3323809 0.6582505 0.6267801 0.6965626 0.64638317
spoon 0.31683603 0.6998423 0.6009631 0.7178288 0.64572436
tennis racket 0.31337756 0.31404468 0.33590493 0.35299906 0.35628018
clock 0.30591786 0.18461913 0.27305964 0.28651097 0.34965804
