cake 0.94826573 0.6685121 0.6493585 0.99000597 0.80781233
cake 0.94223344 0.66625005 0.805364 0.992701 0.9806675
cake 0.94082516 0.6710761 0.3286594 0.99617934 0.47130093
cake 0.9310649 0.65963644 0.4947186 0.99625254 0.63527554
clock 0.7720338 0.25898808 0.18144527 0.31127873 0.20587999
couch 0.7231155 0.49881735 0.2820836 0.5872665 0.34661064
couch 0.69019645 0.54442894 0.9394629 0.589487 0.9715351
clock 0.6773462 0.4125856 0.17628035 0.47025925 0.20032176
spoon 0.6393742 0.59717613 0.58746064 0.6364726 0.6988455
sink 0.6144361 0.30851692 0.00018832833 0.996494 0.075106606
microwave 0.60214794 0.5261649 0.69615537 0.61606646 0.81609315
toaster 0.551923 0.5855086 0.3730111 0.61575377 0.50736445
spoon 0.5449961 0.36594445 0.1768589 0.38918555 0.20705208
banana 0.54329467 0.569966 0.62599266 0.5915962 0.6433476
clock 0.53804857 0.5525913 0.30093738 0.588532 0.32545212
banana 0.52372706 0.5658393 0.64314795 0.58947694 0.6580225
banana 0.52313846 0.5866663 0.64407915 0.60593235 0.6627577
cell phone 0.49676958 0.41762125 0.6970214 0.5222847 0.8151625
sandwich 0.47630838 0.5858634 0.6208628 0.60445064 0.6384042
banana 0.4027909 0.5858634 0.6208628 0.60445064 0.6384042
microwave 0.40043542 0.41827446 0.69150656 0.6082934 0.82009226
toaster 0.3210673 0.584592 0.50167906 0.6068101 0.58788395
banana 0.3044211 0.58531743 0.63636726 0.6023578 0.64916736
