cake 0.9579884 0.5650531 0.8464492 0.87170607 0.99315447
sink 0.9553007 0.34760267 0.35188332 0.5489226 0.43416396
microwave 0.91970366 0.38000488 0.6933574 0.584111 0.7930991
couch 0.85032076 0.41039315 0.27536553 0.5179848 0.33133966
clock 0.8104923 0.5436908 0.94696194 0.61046934 0.98752886
cake 0.6815753 0.5349942 0.8653834 0.5925047 0.93364334
toaster 0.64648306 0.4864074 0.4619963 0.51783913 0.5203331
couch 0.6066572 0.47677687 0.934598 0.60622084 0.998563
clock 0.58891505 0.48251164 0.28958747 0.51738274 0.31573412
couch 0.53016293 0.48735374 0.8933546 0.5731008 0.9382599
microwave 0.39442092 0.4776282 0.5331745 0.49921766 0.62801564
spoon 0.37944475 0.27567875 0.079747334 0.31098348 0.1024712
toaster 0.3251365 0.52323055 0.43801838 0.5462633 0.517702
