couch 0.8091844 0.49412975 0.26429704 0.54870546 0.3616194
clock 0.7900045 0.4924312 0.88852453 0.566034 0.96180636
couch 0.6971943 0.38301703 0.8364541 0.56604975 1.0
spoon 0.6229579 0.5896053 0.23855299 0.6155744 0.40957603
sandwich 0.49635336 0.58675474 0.012502234 0.6182876 0.08350496
toaster 0.4658371 0.5554334 0.6573192 0.568058 0.8025615
spoon 0.44209415 0.52175885 0.10775944 0.5505603 0.17000073
clock 0.38930908 0.5241199 0.889803 0.5652309 0.958728
banana 0.3809083 0.5685802 0.33208862 0.58463484 0.3613207
microwave 0.3735449 0.5515023 0.0 0.584546 0.110445715
spoon 0.36796853 0.35515398 0.27508947 0.37744075 0.32450953
banana 0.34770447 0.5659475 0.35617182 0.59923345 0.41886958
couch 0.31094557 0.49499354 0.4970296 0.5255337 0.57233006
