cake 0.95779765 0.5923903 0.5706676 0.8480878 0.7579151
cake 0.87463397 0.5606813 0.84672284 0.7777849 0.9514558
cake 0.6910412 0.5823783 0.67288935 0.80509907 0.8660237
couch 0.6365792 0.54142255 0.60537446 0.58582646 0.6892277
cake 0.50262487 0.5575588 0.7164506 0.573434 0.7968347
cake 0.50222385 0.57430065 0.9382457 0.69389045 0.9989463
cake 0.45742753 0.5503896 0.9347901 0.5660667 0.9659802
tennis racket 0.43968365 0.5149893 0.58818877 0.538524 0.5989529
sink 0.41133597 0.4300865 0.16989638 0.5499681 0.31902787
cell phone 0.3787671 0.49265495 0.0018247155 0.54873675 0.0876265
microwave 0.30466858 0.48893195 0.00062058365 0.63964874 0.0904733
