cell phone 0.94974613 0.45604643 0.7128623 0.56491166 0.8291754
tennis racket 0.6927002 0.9387925 0.53423387 1.0 0.5574073
sink 0.6842825 0.37570727 0.46430302 0.6023688 0.5415915
clock 0.68059057 0.5350114 0.07764387 0.61189806 0.12075737
cake 0.6674923 0.57875013 0.43762156 0.6309428 0.5026955
toaster 0.61237484 0.58077824 0.17318186 0.61045796 0.29872236
cake 0.601659 0.5860502 0.68199444 0.9992744 0.78286064
wine glass 0.5896581 0.22271347 0.036909707 0.26041815 0.07029543
wine glass 0.552458 0.21655278 0.02149273 0.25174335 0.038364176
wine glass 0.53957415 0.24274665 0.110899955 0.27562663 0.14381024
wine glass 0.53281564 0.5650674 0.6215604 0.61372113 0.63963073
wine glass 0.5250071 0.36639813 0.3223759 0.38683644 0.33594638
tennis racket 0.495314 0.8794828 0.5290867 0.89976734 0.54537916
spoon 0.4840797 0.14724618 0.021570016 0.19108841 0.062622294
tennis racket 0.4781232 0.91943926 0.5171855 1.0 0.5357402
spoon 0.47516766 0.16596507 0.102177635 0.21291958 0.1329607
wine glass 0.46263632 0.42875996 0.32971948 0.45291075 0.33705407
cake 0.4502527 0.6447648 0.68354493 0.98460853 0.7584285
tennis racket 0.438424 0.9210968 0.5222006 0.954253 0.53387845
spoon 0.43261835 0.25302896 0.31023434 0.2795773 0.3356838
sandwich 0.41760415 0.61635846 0.5333052 0.6398381 0.54827386
couch 0.41683733 0.4725741 0.06233888 0.6121635 0.12946028
cake 0.4114763 0.5668132 0.51729655 0.6060754 0.5640931
sandwich 0.4062767 0.61930966 0.51500565 0.6426374 0.5311149
wine glass 0.38769007 0.37019837 0.3502262 0.39075834 0.3673698
wine glass 0.38509426 0.3003741 0.35380316 0.33173522 0.36302125
sandwich 0.3591894 0.6174399 0.49936205 0.6400704 0.5216077
wine glass 0.34381416 0.35136315 0.34976205 0.36941302 0.36758295
wine glass 0.33501542 0.41992646 0.31331584 0.45345694 0.32956138
wine glass 0.3341886 0.3004363 0.03651658 0.34744802 0.063468836
tennis racket 0.32011497 0.8680259 0.5108561 0.9001754 0.5476075
wine glass 0.31035754 0.3544848 0.32270834 0.36697376 0.33614412
tennis racket 0.30930963 0.87225795 0.5038246 0.8938662 0.52386487
microwave 0.30573446 0.45616195 0.71222436 0.5719151 0.8297677
wine glass 0.30427673 0.24381411 0.11176035 0.25502047 0.14259055
tennis racket 0.30220008 0.7904591 0.48791525 0.85231465 0.5079363
