spoon 0.84745324 0.6319018 0.065679505 0.6947109 0.11985566
couch 0.82046974 0.46078992 0.5899779 0.6168537 0.71724564
bowl 0.73105454 0.5798061 0.19730924 0.6175021 0.26777273
spoon 0.7298065 0.6211362 0.0 0.6984163 0.07531564
cake 0.6848031 0.7240947 0.36555773 1.0 0.41143256
microwave 0.66143006 0.66420406 0.72900975 0.9992745 0.8918172
clock 0.6339115 0.56387466 0.58539695 0.6163984 0.6195467
couch 0.5570188 0.56247514 0.2846555 0.6179952 0.35868758
microwave 0.53750503 0.6133587 0.7361253 0.99829954 1.0
spoon 0.5272706 0.5910174 0.0 0.6970985 0.07640752
banana 0.5112355 0.61671513 0.039673217 0.6286046 0.056713432
couch 0.4937625 0.5208676 0.5777398 0.6134668 0.6278439
tennis racket 0.48384765 0.53652006 0.6369728 0.6161407 0.6741662
toaster 0.48213056 0.6119664 0.35314175 0.63264006 0.5412271
banana 0.48041627 0.58846104 0.00078921765 0.63351756 0.06755405
knife 0.45179754 0.5832953 0.84923524 0.60883343 0.8674883
banana 0.44490352 0.61106336 0.053443115 0.6274413 0.067953356
tennis racket 0.39511302 0.50958043 0.26618037 0.61192733 0.28582892
spoon 0.3640154 0.5798061 0.19730924 0.6175021 0.26777273
clock 0.3109998 0.19367144 0.44203028 0.22695278 0.46134964
banana 0.3027335 0.6056735 0.0 0.6315935 0.01779142
