cake 0.878606 0.61143315 0.40177467 0.8938775 0.5623476
cake 0.86273867 0.5968124 0.18652508 0.8216601 0.32288194
cake 0.7638202 0.60562253 0.29262063 0.8520285 0.42460874
cake 0.69199646 0.59136873 0.117842235 0.79405135 0.20258686
clock 0.6904102 0.52848756 0.22289973 0.5685818 0.26545167
couch 0.67689234 0.4825024 0.18822101 0.5688961 0.30529717
microwave 0.5820137 0.4517674 0.75258565 0.5823788 0.90029675
sandwich 0.52086246 0.58586895 0.7554011 0.60365295 0.7891135
sandwich 0.40734175 0.58348525 0.7591841 0.6061238 0.8809643
tennis racket 0.40490437 0.36006215 0.45296243 0.40126905 0.48642054
sandwich 0.35543406 0.5898229 0.7836976 0.60416436 0.81114596
sandwich 0.31815636 0.5947628 0.8317948 0.60599077 0.8679783
spoon 0.3166454 0.60099506 0.7396307 0.62920463 0.89071584
sandwich 0.31080776 0.5845397 0.83413893 0.5984079 0.85535955
microwave 0.30810487 0.5879203 0.45363888 0.61032987 0.5802014
