spoon 0.94194394 0.15032743 0.12852715 0.1909049 0.25820774
cell phone 0.8672937 0.19650096 0.61979294 0.38509023 0.9283655
wine glass 0.8490327 0.09496039 0.4473111 0.1908961 0.545104
book 0.83260643 0.5239186 0.46450338 0.5680028 0.52843386
wine glass 0.80285794 0.24745257 0.34347513 0.30397326 0.38566726
wine glass 0.7589561 0.2595655 0.41354153 0.3051758 0.459444
wine glass 0.6620888 0.26683939 0.4744333 0.3046593 0.5331276
wine glass 0.61880016 0.25546414 0.31693682 0.30385 0.35183954
wine glass 0.61506903 0.26718068 0.5334956 0.30409884 0.59302133
toaster 0.5499935 0.5704095 0.086387955 0.5870008 0.37718278
orange 0.5496191 0.5162456 0.6645548 0.5589733 0.72658837
wine glass 0.5370395 0.254585 0.37667608 0.3038827 0.4122999
spoon 0.5153338 0.24717884 0.1193037 0.30400687 0.20077178
sandwich 0.4141688 0.5336155 0.768589 0.5537569 0.90781754
sandwich 0.3902471 0.5344892 0.839299 0.55232936 0.86510533
sandwich 0.3845357 0.53660625 0.8635181 0.55362946 0.8907012
spoon 0.3608392 0.23507297 0.123403266 0.25352383 0.20012976
sandwich 0.35377717 0.5333083 0.80368096 0.5535615 0.8455761
wine glass 0.3428223 0.27622575 0.32026455 0.30338877 0.35008362
wine glass 0.32127032 0.23867372 0.11914145 0.30353358 0.20119849
sandwich 0.31190062 0.5386019 0.78248924 0.55382323 0.807522
