clock 0.6356077 0.51690257 0.43680513 0.5552901 0.47245127
tennis racket 0.6328913 0.50628036 0.47829175 0.55410975 0.5043652
tennis racket 0.6253169 0.50458676 0.50688756 0.55418664 0.5331111
tennis racket 0.5652829 0.51084334 0.67304635 0.5550713 0.690096
spoon 0.55856067 0.34964287 0.53468865 0.36693984 0.59177583
tennis racket 0.5035896 0.51828426 0.6414047 0.55632323 0.67396075
spoon 0.4868121 0.34903485 0.44676405 0.36715984 0.50400853
tennis racket 0.48096475 0.50983006 0.59268165 0.55801994 0.611882
tennis racket 0.46378812 0.51314247 0.6865155 0.55545235 0.70558
tennis racket 0.4519444 0.5389117 0.884548 0.6188512 0.9336404
spoon 0.41690323 0.5451612 0.55278414 0.5584399 0.5843151
couch 0.40116075 0.4725239 0.40537637 0.5536666 0.495149
tennis racket 0.3845503 0.5110779 0.6074689 0.55676126 0.62315714
wine glass 0.36047888 0.2984764 0.425493 0.30779326 0.45558113
tennis racket 0.34832293 0.4972795 0.57599753 0.55507195 0.5966193
microwave 0.3414498 0.5814893 0.45148656 0.6964848 0.6182184
microwave 0.31288108 0.42243347 0.0005775847 0.5892698 0.0925605
