couch 0.8086631 0.47617072 0.6504063 0.6925619 0.89446604
clock 0.7598262 0.6136321 0.73156446 0.69424975 0.7784711
spoon 0.7232348 0.53597313 0.17029634 0.5444719 0.1965254
toaster 0.6658607 0.63999814 0.07727532 0.6939092 0.25571713
cake 0.6604388 0.69749564 0.33354542 0.90678126 0.524307
spoon 0.65007025 0.46740183 0.13751023 0.489144 0.18760541
spoon 0.6333602 0.5301329 0.17122057 0.5347818 0.19629343
spoon 0.6228898 0.61840045 0.33921543 0.6332536 0.3861014
sandwich 0.62282693 0.6679936 0.5319799 0.68145734 0.55435765
sink 0.6043017 0.52013755 0.8638402 0.81179595 1.0
couch 0.57730424 0.58382803 0.23149283 0.63811666 0.2876469
sandwich 0.5506289 0.6650492 0.48916075 0.6808002 0.5128343
cake 0.54955316 0.70014715 0.75354326 0.95178044 0.957699
cake 0.5488858 0.7039187 0.52092767 0.94130373 0.7093764
spoon 0.5343711 0.537085 0.12989672 0.544395 0.17052953
sandwich 0.5291391 0.65443707 0.52649343 0.66948915 0.5477852
sandwich 0.52129245 0.66712713 0.5105635 0.6812676 0.5339701
tennis racket 0.51604825 0.44557554 0.11019545 0.4847868 0.12696174
spoon 0.51341724 0.52507114 0.12960939 0.5328964 0.17039964
wine glass 0.5122458 0.6117551 0.42838454 0.6364158 0.45155236
spoon 0.4955213 0.53434443 0.22213009 0.54479337 0.26541176
couch 0.49218637 0.3588282 0.09281366 0.4190042 0.13008824
couch 0.48498383 0.36341408 0.110553354 0.42835596 0.19033612
tennis racket 0.46397692 0.45366406 0.12589501 0.4861784 0.13963896
clock 0.45758808 0.6249849 0.25085327 0.6374952 0.26727295
wine glass 0.45015505 0.66379863 0.37374046 0.68075436 0.40779617
clock 0.44081777 0.417254 0.16390954 0.43600002 0.19127013
tennis racket 0.43878904 0.44102612 0.09529103 0.48266515 0.11074683
sandwich 0.4159133 0.6668359 0.5503077 0.6813898 0.5675723
microwave 0.41395494 0.63100475 0.41872463 0.6615936 0.58095306
spoon 0.4068307 0.47179234 0.22159 0.49472326 0.26450193
spoon 0.40130067 0.48421314 0.22977532 0.49583712 0.264005
wine glass 0.37936807 0.51465964 0.14916539 0.5259806 0.16675952
spoon 0.37850076 0.5329324 0.19488646 0.54362583 0.22521205
banana 0.3765151 0.65443707 0.52649343 0.66948915 0.5477852
clock 0.3709307 0.41634026 0.19134705 0.4404802 0.22541788
knife 0.36550096 0.5919203 0.4467424 0.6126717 0.46318078
couch 0.35599425 0.3743613 0.14136909 0.43452033 0.1916767
clock 0.33960623 0.40333652 0.123264275 0.42657673 0.1451724
toaster 0.32574198 0.63100475 0.41872463 0.6615936 0.58095306
clock 0.32393432 0.42612937 0.22358409 0.4455147 0.24958457
wine glass 0.30089414 0.66208667 0.40480235 0.67810756 0.43869755
