spoon 0.84887207 0.061398122 0.5274943 0.11363976 0.6271876
spoon 0.71713895 0.08695969 0.39315253 0.1272947 0.4657021
wine glass 0.7051994 0.07023006 0.45168746 0.120079316 0.50315756
knife 0.59391934 0.035705067 0.5852714 0.06799995 0.6200349
spoon 0.4444404 0.0 0.3386144 0.025960144 0.41768304
spoon 0.4081975 0.000575847 0.4333169 0.02082552 0.49986702
toaster 0.39652163 0.13376041 0.0007979531 0.268385 0.52460825
toaster 0.36113945 0.14594935 0.053487405 0.20174427 0.52572453
tennis racket 0.3443047 0.36655164 0.2643467 0.4827968 0.3246901
microwave 0.34333307 0.18226543 0.0007178992 0.9467585 0.91240716
microwave 0.3023946 0.25895083 0.90177995 0.5492586 1.0
