cell phone 0.90739566 0.31550187 0.8731785 0.38333917 0.9999082
cake 0.8455208 0.64525324 0.47070065 1.0 0.7036382
sink 0.8441694 0.32842708 0.7288137 0.46501023 0.86044055
cake 0.8307447 0.521343 0.7928431 0.701048 0.89976615
cake 0.82645714 0.5503607 0.72508854 0.7722441 0.85514265
cake 0.81734586 0.587602 0.62950337 0.8766911 0.7947557
microwave 0.7101603 0.34350336 0.0 0.62125057 0.18162842
tennis racket 0.63850754 0.38902155 0.6224843 0.46094105 0.64581823
tennis racket 0.61158067 0.41675553 0.71388 0.4634615 0.73363984
toaster 0.56096184 0.48153207 0.48027042 0.5071558 0.59611624
couch 0.5262328 0.4055461 0.17464875 0.48011515 0.22708435
wine glass 0.48954934 0.51806533 0.42927125 0.5564115 0.45990267
tennis racket 0.47627795 0.41867 0.7334657 0.46249467 0.750572
spoon 0.3399078 0.4614998 0.69000286 0.47796035 0.74371576
