cake 0.95333964 0.70858616 0.46680775 0.92432326 0.56648886
cake 0.94718164 0.6925607 0.38703653 0.8848959 0.4765418
cake 0.9415231 0.60619026 0.034388587 0.81568563 0.14931145
cake 0.89375514 0.72788715 0.5541697 0.96791935 0.6706968
cake 0.88413274 0.6106293 0.1725559 0.77905923 0.25956506
cake 0.8696643 0.6033558 0.24428168 0.7632407 0.31485054
cake 0.82178915 0.6762662 0.32540938 0.85371256 0.40252808
couch 0.8119916 0.41476107 0.4090822 0.60899264 0.5314273
microwave 0.7905749 0.5413425 0.7031116 0.5901019 0.88647205
wine glass 0.72113675 0.2613177 0.953584 0.28399584 0.9716181
wine glass 0.69857913 0.41939154 0.9337355 0.4438654 0.9549259
cake 0.69387025 0.75018936 0.6694928 0.9999708 0.7969759
wine glass 0.67313707 0.26651874 0.9266593 0.28982913 0.944264
wine glass 0.60063267 0.41757074 0.95651567 0.44241586 0.97985864
spoon 0.57197124 0.5964558 0.19715148 0.62003624 0.22926396
spoon 0.56071657 0.28266475 0.9036514 0.2953588 0.9198074
clock 0.5446421 0.5191238 0.45259792 0.5986972 0.47401267
spoon 0.5038748 0.41436806 0.9062449 0.44354904 0.9309957
wine glass 0.47781673 0.27527535 0.90381205 0.29361778 0.91993225
cake 0.47366408 0.6008275 0.117489494 0.6213722 0.17335248
cake 0.46214676 0.5973317 0.17414097 0.6130384 0.19876455
wine glass 0.45016298 0.36712644 0.6919187 0.39709148 0.7077519
cake 0.4498935 0.6039956 0.2884784 0.7483168 0.33221462
clock 0.43379456 0.59477794 0.22962683 0.61967224 0.24160671
toaster 0.42985663 0.5749261 0.5793141 0.5939754 0.6742517
cake 0.42372373 0.56122243 0.33982894 0.5938502 0.3820977
wine glass 0.41658288 0.3319901 0.9168862 0.35481408 0.93106174
wine glass 0.38762155 0.41436806 0.9062449 0.44354904 0.9309957
wine glass 0.37495422 0.31290418 0.94350433 0.36286074 0.9762062
clock 0.35791904 0.5399996 0.48819622 0.5907311 0.5164769
clock 0.33190653 0.5382826 0.49901298 0.5562396 0.50710917
clock 0.33012235 0.5167499 0.47045547 0.590718 0.48394144
wine glass 0.3209624 0.37077096 0.67096525 0.39929378 0.68913025
clock 0.31377894 0.43633655 0.6651518 0.46104702 0.68273574
