cake 0.9601716 0.68785334 0.6223 0.99385196 0.8193289
cake 0.8832133 0.61719936 0.75803214 0.8899366 0.8958277
couch 0.79964155 0.3855903 0.69179624 0.56010807 0.7583925
tennis racket 0.73036635 0.5176521 0.29335862 0.5658202 0.30379403
couch 0.6944734 0.49081483 0.18564494 0.5583445 0.25599778
cake 0.6849525 0.5333029 0.8780948 0.6538695 0.9451848
tennis racket 0.636166 0.48175308 0.28074628 0.5651784 0.2951231
toaster 0.45605558 0.5643777 0.45835912 0.5824279 0.51459366
cake 0.45368895 0.52224016 0.71628547 0.5649134 0.7400265
couch 0.381314 0.40096435 0.94121027 0.64697826 1.0
cake 0.34863362 0.53428054 0.6862581 0.56225026 0.70878315
couch 0.3424221 0.52076364 0.51422167 0.6082275 0.65395105
couch 0.31526795 0.3395271 0.94155467 0.63844365 0.9998944
