couch 0.71882373 0.4326176 0.36786914 0.5536362 0.41428888
sink 0.6920122 0.3973791 0.96034235 0.62870914 1.0
toaster 0.62654203 0.5563513 0.38799998 0.5787773 0.6341377
couch 0.6113247 0.4177367 0.623375 0.5551231 0.70811206
tennis racket 0.60267544 0.5170813 0.6201986 0.5550925 0.6451783
microwave 0.53639805 0.5847503 0.0017049277 0.99765277 0.16661197
couch 0.5148494 0.4295834 0.36274394 0.4668089 0.41024312
spoon 0.43969738 0.38281593 0.7561547 0.39667383 0.7907436
couch 0.4223325 0.5211422 0.32525477 0.55517846 0.35907176
clock 0.33467004 0.5202009 0.37195364 0.55520326 0.4026563
spoon 0.3255098 0.33043218 0.83684397 0.34635055 0.8744205
