cake 0.96439064 0.6470377 0.59146005 0.99809533 0.7704931
cake 0.9441747 0.62195224 0.7590747 0.9984114 0.89230585
clock 0.8778531 0.4298238 0.530357 0.5604242 0.56867933
cake 0.83585626 0.5300717 0.680123 0.56521994 0.7476163
cake 0.8064775 0.55062133 0.7620823 0.59480894 0.8603181
clock 0.80371743 0.5138342 0.58029604 0.56857044 0.61027753
microwave 0.7026687 0.4907631 0.8425473 0.7935773 0.99746525
toaster 0.683617 0.5515389 0.019600771 0.6032471 0.17125133
toaster 0.6486688 0.5119408 0.37606195 0.52586555 0.43280962
spoon 0.48612234 0.17367806 0.8747754 0.22159632 0.9110652
tennis racket 0.37767524 0.2382156 0.8895681 0.27068016 0.9113759
spoon 0.36453277 0.11405607 0.8597965 0.15792158 0.9196197
microwave 0.33107698 0.47420353 0.2281535 0.64477456 0.38569692
wine glass 0.31108037 0.43797162 0.8979812 0.47942844 0.91621464
