microwave 0.9507527 0.54534185 0.1922733 0.7240672 0.34178555
toaster 0.73072046 0.62848544 0.40557832 0.6861845 0.604454
clock 0.7200505 0.5291673 0.6041642 0.5753399 0.6312323
spoon 0.6749839 0.5932248 0.8611712 0.69360954 1.0
spoon 0.6287619 0.55211544 0.41292375 0.57406044 0.4531182
banana 0.5605315 0.5694137 0.9738131 0.5932861 1.0
tennis racket 0.556293 0.511284 0.45440692 0.56809497 0.47156575
fork 0.5291366 0.5277381 0.35968488 0.5459299 0.36743546
banana 0.48756343 0.58942056 0.9022883 0.6186335 0.95663553
fork 0.48489547 0.5285019 0.34751704 0.5465279 0.35345474
banana 0.4640308 0.59277815 0.9552054 0.62396854 1.0
couch 0.41139603 0.47657588 0.5731659 0.57565016 0.6732364
knife 0.40404627 0.52773845 0.18435515 0.5460398 0.20131722
bench 0.3572939 0.35003287 0.42965955 0.38093865 0.4541354
banana 0.3510784 0.5698985 0.87227947 0.6142148 0.9588298
wine glass 0.33512074 0.55896723 0.14102632 0.5750408 0.15982279
