couch 0.82308584 0.2535289 0.7210849 0.33597583 0.8437393
toaster 0.7685827 0.31085926 0.41987336 0.3553589 0.6870691
couch 0.725255 0.21307734 0.66247475 0.25786537 0.7135018
couch 0.725127 0.25232065 0.5770177 0.29896772 0.6381496
clock 0.6292692 0.30258384 0.7498237 0.33540085 0.79909986
couch 0.54386836 0.25464958 0.6502222 0.31978393 0.71539736
clock 0.50425816 0.29149067 0.6613228 0.31895924 0.7022622
microwave 0.38355413 0.13734621 0.0 0.26562133 0.11171344
microwave 0.37403166 0.13868213 0.00038376523 0.40370065 0.11336641
clock 0.3615456 0.23729357 0.67284817 0.2583939 0.7071596
