cake 0.95955664 0.7714334 0.38060164 0.9932152 0.67122614
couch 0.8984029 0.1113645 0.1369635 0.21273445 0.20101507
cake 0.85911196 0.7304822 0.06764765 0.99660856 0.32049888
couch 0.84978753 0.32764855 0.1749097 0.3950665 0.22196056
clock 0.8359268 0.3065743 0.15082647 0.3924577 0.17994197
sink 0.7847999 0.2578022 0.8790265 0.98875844 0.95275074
clock 0.78293777 0.58742833 0.23630309 0.6503068 0.2916836
toaster 0.7157404 0.5785967 0.44950134 0.59931284 0.5401007
spoon 0.67704576 0.50744146 0.5442848 0.55054694 0.5820409
wine glass 0.6210673 0.35509932 0.13306446 0.39177445 0.15237342
sandwich 0.5570774 0.52138597 0.5900887 0.5379641 0.60369325
couch 0.52866787 0.52395475 0.21602976 0.6510287 0.3107288
clock 0.48840752 0.4997043 0.63574785 0.5471734 0.6504484
clock 0.45351967 0.1566049 0.14328726 0.21055818 0.19009744
clock 0.44227636 0.36073875 0.18138126 0.39437416 0.21501717
spoon 0.43948135 0.5317519 0.5821444 0.55237764 0.6037563
sandwich 0.42429847 0.5202352 0.5824377 0.5350725 0.5935913
tennis racket 0.42334336 0.4997043 0.63574785 0.5471734 0.6504484
clock 0.41323942 0.0 0.13677189 0.04595311 0.18587661
tennis racket 0.38868582 0.3065743 0.15082647 0.3924577 0.17994197
clock 0.38801184 0.35509932 0.13306446 0.39177445 0.15237342
tennis racket 0.3690765 0.48317006 0.57896674 0.5269499 0.599571
