cake 0.9635677 0.61045617 0.13861628 0.9103388 0.25463784
sink 0.95256096 0.3774983 0.86241615 0.94312435 0.97059
cake 0.9516149 0.61219203 0.24563587 0.90973634 0.35395324
cake 0.81723624 0.5860239 0.22530863 0.6895461 0.29472825
microwave 0.77490264 0.5984841 0.82425976 0.7481838 0.8679205
clock 0.7747613 0.51459765 0.31538975 0.6314871 0.35538363
spoon 0.66318053 0.5725737 0.45467597 0.59336865 0.4947694
spoon 0.65973175 0.58416885 0.5546411 0.61628634 0.5923929
spoon 0.5277081 0.55616313 0.43264493 0.5932698 0.45965597
microwave 0.4832711 0.43757713 0.7858469 0.610538 0.8680003
wine glass 0.42690307 0.5920933 0.37013432 0.6232786 0.38202915
couch 0.34446883 0.4730617 0.66573936 0.59324443 0.70329887
cell phone 0.34129578 0.4792212 0.82600963 0.6085868 0.86691487
banana 0.33130142 0.56627405 0.47413594 0.57447755 0.48557997
