cake 0.8973776 0.6742999 0.626576 1.0 1.0
spoon 0.881884 0.53439474 0.65577775 0.5795131 0.7834526
spoon 0.82253385 0.54555863 0.7424506 0.59346443 0.8464188
spoon 0.7311601 0.5261466 0.49687183 0.54707927 0.55077904
sandwich 0.6809608 0.5361464 0.4442587 0.55200946 0.46656725
clock 0.67349553 0.51619226 0.8465833 0.5838558 0.89882976
tennis racket 0.6462068 0.28954178 0.23258592 0.32566398 0.25669608
tennis racket 0.6170165 0.2770409 0.468777 0.32668084 0.48928457
cake 0.60109586 0.6535358 0.3445379 0.99996704 0.6213417
tennis racket 0.5929027 0.2815061 0.44307685 0.32670066 0.46638855
tennis racket 0.58348596 0.28173563 0.39093614 0.32685784 0.4136639
tennis racket 0.5830984 0.29271215 0.51421833 0.3274746 0.5305003
tennis racket 0.57103205 0.28171968 0.25629875 0.3264879 0.27858558
tennis racket 0.5630962 0.28713638 0.27777782 0.32722956 0.30460522
couch 0.56298965 0.27633777 0.60721886 0.35351107 0.7412178
couch 0.5513502 0.3564122 0.1855769 0.39722976 0.28173155
couch 0.55112153 0.4140825 0.7629582 0.58347076 0.9891259
tennis racket 0.5486743 0.2828554 0.3644078 0.32772774 0.38965195
tennis racket 0.54637057 0.2854157 0.4154449 0.32670963 0.4427058
couch 0.53844744 0.47851628 0.17401196 0.54688793 0.21142262
tennis racket 0.52890295 0.2843348 0.494252 0.32711628 0.51565343
tennis racket 0.52776045 0.5036897 0.42519927 0.5498747 0.44795746
tennis racket 0.52557266 0.28854436 0.33193284 0.32589865 0.3595881
tennis racket 0.51750803 0.29309264 0.30632052 0.32712635 0.3281339
spoon 0.51480085 0.38188282 0.33477265 0.39717093 0.38792557
couch 0.4917853 0.43088406 0.4993305 0.46484298 0.5391352
couch 0.44835326 0.3571217 0.23760585 0.39608663 0.2777858
spoon 0.41402745 0.37872347 0.2835841 0.396386 0.332331
microwave 0.40783903 0.55511475 0.0 0.6440617 0.12376736
tennis racket 0.3894693 0.5295074 0.40796068 0.55186284 0.42769474
spoon 0.3880544 0.4499656 0.19568336 0.46287483 0.235404
tennis racket 0.35988572 0.281603 0.4605255 0.32559517 0.47218686
sink 0.34362006 0.3702098 0.5972297 0.5700251 0.76414484
spoon 0.31614244 0.43860096 0.11608535 0.44555283 0.16793253
