cake 0.92456186 0.62294096 0.37928587 0.9034409 0.48582268
chair 0.9125861 0.5657958 0.0012072921 0.9913433 0.362875
cake 0.7894955 0.6219139 0.545959 0.901759 0.6438817
cake 0.67360795 0.6189023 0.6971909 0.82366 0.8071073
clock 0.62832856 0.42892694 0.43102273 0.47653106 0.46182546
couch 0.59978354 0.18900235 0.365186 0.50011486 0.5375247
spoon 0.55926055 0.46107763 0.75804627 0.508599 0.81105185
banana 0.55583864 0.43497378 0.7692701 0.4651695 0.8056789
bowl 0.4673457 0.42833883 0.09164566 0.50590193 0.121805966
cake 0.43599525 0.6195844 0.69655424 0.89453477 0.8082431
tennis racket 0.4024883 0.43778753 0.30297974 0.49488336 0.32440326
tennis racket 0.39094132 0.43899694 0.3267099 0.49544784 0.34778348
banana 0.38594416 0.44615883 0.79491174 0.466166 0.80954945
banana 0.37098718 0.44005534 0.7666756 0.46575218 0.78387797
clock 0.36523917 0.37372047 0.42999834 0.42982388 0.45936847
tennis racket 0.34419346 0.43052787 0.1316334 0.5014629 0.16236922
clock 0.31555003 0.43052787 0.1316334 0.5014629 0.16236922
spoon 0.31490073 0.4621059 0.116824724 0.50874996 0.15205488
tennis racket 0.3101436 0.44821385 0.34104455 0.49452305 0.3487252
