cake 0.87724847 0.58021325 0.07833918 0.77732056 0.22028044
cake 0.8157566 0.61487 0.17927621 0.8662713 0.35830098
spoon 0.813899 0.43260714 0.17345387 0.47087696 0.25067008
cake 0.72578037 0.544211 0.009256291 0.7108912 0.13221557
wine glass 0.6980549 0.6337018 0.68703747 0.67415154 0.72780645
clock 0.6972485 0.41520053 0.2555784 0.46568942 0.2866344
wine glass 0.6783795 0.6639676 0.57045865 0.7086896 0.61190575
microwave 0.67419165 0.42823967 0.5389313 0.48265287 0.7078675
wine glass 0.5625627 0.6457853 0.6485238 0.6843994 0.6840139
wine glass 0.53196794 0.6526853 0.6126573 0.6954713 0.6527169
couch 0.520751 0.39451274 0.44088948 0.4292675 0.45965558
wine glass 0.5034521 0.6946213 0.61369216 0.73125327 0.65397215
wine glass 0.49119076 0.6853569 0.6513069 0.71702856 0.6863178
tennis racket 0.4700738 0.39302623 0.5758485 0.4315893 0.5866909
microwave 0.46793464 0.42716232 0.5338068 0.48287192 0.7421493
toaster 0.45677638 0.45783526 0.4013066 0.47799802 0.4885861
wine glass 0.42408392 0.67623776 0.685002 0.70414585 0.7162233
cake 0.34016117 0.55192167 0.0010202201 0.5849059 0.03965436
spoon 0.32924598 0.6777124 0.5429572 0.7240359 0.56926626
sandwich 0.3192949 0.4317072 0.1961211 0.43991268 0.21116029
couch 0.31736892 0.37218353 0.22611803 0.46587935 0.3109417
banana 0.3030565 0.42930564 0.18094066 0.4419311 0.2431443
