cake 0.94070077 0.5357796 0.29494336 0.89706194 0.41883698
cake 0.9263424 0.5656776 0.09952164 0.97395146 0.26303777
cake 0.91524005 0.46675685 0.6805811 0.55628157 0.74606514
cake 0.8621166 0.51083595 0.5575101 0.6210019 0.6248314
cake 0.7960728 0.49455026 0.62022436 0.6108252 0.67184687
couch 0.7865122 0.44024783 0.20924059 0.5022773 0.25437632
cake 0.54270864 0.46541005 0.5637487 0.49998462 0.58795655
spoon 0.53950024 0.47405395 0.42012432 0.5151325 0.46159604
cake 0.50963855 0.5135078 0.40309447 0.7811448 0.4909259
cake 0.49259862 0.46465176 0.53884786 0.521262 0.5575554
fork 0.45977134 0.45451885 0.031008575 0.4884164 0.04159141
spoon 0.41793075 0.5269662 0.16235824 0.54925364 0.21546789
couch 0.33721426 0.47354296 0.42090917 0.51556104 0.4626842
