tennis racket 0.8239736 0.71409094 0.38582772 0.83846664 0.48891717
tennis racket 0.6736308 0.7684487 0.6517105 0.8303118 0.79501265
tennis racket 0.56480014 0.703338 0.46721104 0.81559765 0.55761856
carrot 0.52331126 0.5544916 0.28811535 0.58143395 0.35303235
tennis racket 0.48368806 0.6987226 0.53428084 0.78278625 0.6073601
carrot 0.47308806 0.4776741 0.5453149 0.51216686 0.6175233
carrot 0.4118722 0.47240132 0.500501 0.5083215 0.570274
sink 0.40828475 0.0014563501 0.5061368 0.7598454 1.0
tennis racket 0.38095966 0.79501235 0.6080398 0.85012996 0.74463266
carrot 0.36717102 0.5606492 0.31197232 0.5849616 0.37283614
tennis racket 0.33942172 0.009615526 0.120797105 0.14891666 0.22262873
tennis racket 0.3181268 0.016193911 0.21559712 0.14568351 0.30590677
