cake 0.95121896 0.6055575 0.5456511 0.98797333 0.67755806
cake 0.94698405 0.5795586 0.24308297 0.8932291 0.36297724
cake 0.9369096 0.61655164 0.36871934 0.98833895 0.4934972
spoon 0.8844541 0.5130779 0.5140152 0.57824206 0.5756973
spoon 0.6351602 0.31413165 0.029761143 0.35045654 0.060590446
cake 0.55965716 0.5853049 0.74320227 0.909623 0.84645253
clock 0.51825315 0.49046063 0.78449166 0.5537964 0.80775154
spoon 0.4906452 0.24560674 0.032010466 0.28498244 0.059407406
wine glass 0.47104135 0.24560674 0.032010466 0.28498244 0.059407406
couch 0.42746606 0.40663135 0.7573006 0.55125415 0.8267659
spoon 0.41237658 0.56403255 0.543535 0.5852688 0.5957093
clock 0.39381886 0.2998658 0.01690718 0.34460953 0.032901525
spoon 0.36653095 0.58314365 0.5920077 0.60629797 0.61493105
wine glass 0.32548025 0.24526982 0.017006079 0.27452573 0.032458708
microwave 0.3213484 0.40200397 0.2888575 0.5903824 0.31157914
wine glass 0.316427 0.24554545 0.033586875 0.26260778 0.05740674
