cell phone 0.931534 0.44747275 0.5096803 0.5263116 0.7016111
spoon 0.7629806 0.6313778 0.04469204 0.6619934 0.20571126
sink 0.7512792 0.44893512 0.16734017 0.64918137 0.3293953
couch 0.7372229 0.55760497 0.38521236 0.60018057 0.48496756
cake 0.6754606 0.77647036 0.08242802 0.9999195 0.39067474
wine glass 0.6734066 0.38686815 0.73964345 0.41181806 0.7653836
banana 0.6670347 0.6245261 0.06826351 0.64531213 0.100805245
microwave 0.6425385 0.59353375 0.46875662 0.6756182 0.6612153
wine glass 0.636712 0.64891094 0.30247414 0.68343633 0.35561612
cake 0.62958175 0.7462732 0.0009879898 0.9995484 0.14527489
banana 0.61222875 0.6301481 0.09421763 0.64803284 0.13304587
wine glass 0.60501856 0.65063137 0.23867673 0.6824531 0.29623422
wine glass 0.5811734 0.3825827 0.82694775 0.40812072 0.8526942
banana 0.5780229 0.61859936 0.109221734 0.6363316 0.14354196
banana 0.5166874 0.6236809 0.14558963 0.64364296 0.17972064
banana 0.44322407 0.59339786 0.82694936 0.60844743 0.8560623
banana 0.41394353 0.63560796 0.12921047 0.647681 0.16105694
banana 0.38754004 0.58543265 0.80790156 0.60611904 0.8362172
