cake 0.96638864 0.6109329 0.6117819 0.9985883 0.806845
cake 0.96214277 0.6271733 0.34148756 0.99620116 0.5218468
microwave 0.943647 0.41376027 0.66219634 0.62486345 0.74105185
cake 0.93631554 0.6131559 0.17315038 0.99777067 0.3546797
cake 0.9099269 0.60537314 0.0044786483 0.9948525 0.19461481
sink 0.89195526 0.3908319 0.7344681 0.8550877 0.8938267
cell phone 0.77264225 0.40455577 0.3391844 0.48321113 0.4200815
couch 0.7313944 0.52445483 0.5531592 0.6324713 0.6232286
bowl 0.6881534 0.53666097 0.2618917 0.59258604 0.289454
fork 0.5581202 0.51347125 0.20231521 0.5445923 0.20676264
wine glass 0.54531837 0.29021177 0.20007843 0.31095096 0.2116062
fork 0.5022533 0.5120137 0.21144196 0.5359337 0.21614799
wine glass 0.48196498 0.32804546 0.45492312 0.35291857 0.46511492
wine glass 0.47745475 0.3025559 0.29490665 0.32627088 0.30501947
clock 0.43519044 0.60050464 0.5747716 0.6345122 0.59610623
wine glass 0.41920152 0.299669 0.285744 0.32983053 0.2946173
toaster 0.31482166 0.603186 0.3305175 0.6343589 0.47790208
