cake 0.96133024 0.6963555 0.35585064 0.97191346 0.4536543
cake 0.9590036 0.70191157 0.6107316 0.97759706 0.71284604
cake 0.9346085 0.70256937 0.48175433 0.9763554 0.5788656
cake 0.8480201 0.6931572 0.21145636 0.96514565 0.31738037
spoon 0.79798406 0.5973291 0.30938154 0.6387547 0.37583685
couch 0.5957934 0.5133989 0.55058485 0.5919301 0.59375876
sandwich 0.5516424 0.5919858 0.3549464 0.61254126 0.37326756
microwave 0.53809 0.5702054 0.38807023 0.60681784 0.54598886
clock 0.5171556 0.5958101 0.6103597 0.64858776 0.6249264
spoon 0.49902064 0.5961958 0.002804732 0.6266034 0.03754627
cake 0.49007902 0.7347331 0.0 0.8646887 0.0913883
tennis racket 0.41962466 0.5958101 0.6103597 0.64858776 0.6249264
couch 0.41003013 0.5426009 0.8409133 0.60192317 0.8893266
clock 0.3971532 0.5635213 0.89145607 0.60322905 0.9099081
tennis racket 0.36664614 0.6107207 0.59910655 0.65151864 0.6140008
spoon 0.36096585 0.56630665 0.3516118 0.5894825 0.39335537
cake 0.34562832 0.5695227 0.2136825 0.7836646 0.3056682
spoon 0.3126867 0.6074108 0.00020669377 0.6510774 0.0043479484
spoon 0.3046447 0.8075957 0.0001132451 0.86215055 0.04804896
