cake 0.8671336 0.59002995 0.67794734 0.9029057 0.7941343
cake 0.86436945 0.5373692 0.8756797 0.6943566 0.95856756
sink 0.86204696 0.3758934 0.41934234 0.5365104 0.5362813
cake 0.8278901 0.59419966 0.41397116 0.89694285 0.51952577
couch 0.80092466 0.36998156 0.55055606 0.5587566 0.6559789
chair 0.7489923 0.71840256 0.0 0.9997919 0.45110643
couch 0.58094734 0.38778034 0.31729072 0.5545858 0.3728388
couch 0.5594218 0.3976486 0.97227615 0.42822808 0.9944083
clock 0.5074226 0.4909907 0.58115506 0.5544497 0.6256577
microwave 0.4666828 0.3890364 0.26138133 0.5908661 0.286929
chair 0.44451895 0.7243793 0.0 0.9941607 0.27073514
toaster 0.4228673 0.53205246 0.3736115 0.55472744 0.4099723
sandwich 0.40870252 0.52627176 0.013557342 0.5420681 0.029881503
clock 0.4033708 0.49132642 0.3398695 0.53067917 0.36840016
cake 0.40175548 0.55467683 0.97077745 0.74124295 0.99937314
couch 0.40093318 0.48581174 0.544987 0.55788773 0.5834176
clock 0.396069 0.49173224 0.40890393 0.55363405 0.4220089
couch 0.34844378 0.51833045 0.32457817 0.5634965 0.37527972
cake 0.31335264 0.51918095 0.96263534 0.5550557 0.99250704
banana 0.3087855 0.5040708 0.03109907 0.51813984 0.04228
sandwich 0.30807796 0.5219569 0.0 0.5411051 0.013564851
cake 0.30788252 0.55336493 0.81726766 0.65013206 0.8572022
