spoon 0.9794567 0.3482002 0.76532453 0.41173095 0.9993809
clock 0.933113 0.319317 0.6044306 0.40867785 0.7168087
couch 0.7962194 0.3113112 0.0 0.4280972 0.13386482
couch 0.79019225 0.29365835 0.08728952 0.4228898 0.24691859
wine glass 0.7765919 0.0617152 0.20364614 0.091551736 0.27048984
wine glass 0.5974671 0.059637845 0.27508008 0.08989084 0.3500332
bowl 0.50417674 0.35399348 0.8009778 0.37434822 0.86891294
wine glass 0.43988267 0.05749529 0.34882703 0.0875931 0.3958624
broccoli 0.39639434 0.3639319 0.90414023 0.38209158 0.9559236
couch 0.32174212 0.22607368 0.53957385 0.41043305 0.79944783
bowl 0.3119002 0.34582585 0.79952544 0.37700593 0.91837186
