cake 0.9031147 0.52908003 0.77675676 0.62178385 0.8571473
microwave 0.89903694 0.50053996 0.045454513 0.6679091 0.27287203
cake 0.8946879 0.5530198 0.7774359 0.88084537 0.9617105
cell phone 0.85261023 0.40555418 0.53543144 0.44439614 0.6237953
cake 0.7391236 0.51488817 0.74635476 0.576689 0.79762965
toaster 0.7158592 0.5228519 0.43736988 0.54434115 0.5467974
cake 0.6762914 0.50271285 0.7161544 0.55333316 0.76030624
banana 0.6085586 0.49802408 0.6293622 0.5066935 0.64503765
spoon 0.55948174 0.50174415 0.57761323 0.51814675 0.67075783
banana 0.5517319 0.4984996 0.61096805 0.5071895 0.62821347
banana 0.5316761 0.48960832 0.61612064 0.4998928 0.6329642
spoon 0.49499086 0.4984996 0.61096805 0.5071895 0.62821347
tennis racket 0.30657536 0.47857654 0.13723564 0.51253235 0.17497846
sandwich 0.3034774 0.49700567 0.5971649 0.5061051 0.6115029
