microwave 0.88618314 0.48958683 0.1506581 0.76394284 0.43229768
spoon 0.7838903 0.2859853 0.42581135 0.31745732 0.4744968
wine glass 0.6640188 0.24711102 0.42621028 0.26263607 0.44842649
cell phone 0.65203726 0.31746832 0.87643754 0.3994566 0.937168
wine glass 0.6518855 0.23877609 0.4516175 0.25600785 0.49089807
clock 0.5672161 0.48845166 0.42545992 0.51694995 0.4648118
spoon 0.5410255 0.2686493 0.06982758 0.30432877 0.13031153
couch 0.53675526 0.46001565 0.40183455 0.5206972 0.49642912
sandwich 0.485038 0.50409293 0.48934653 0.52332354 0.50759214
wine glass 0.46851838 0.33570415 0.07488986 0.3537858 0.11243009
spoon 0.46109697 0.21804401 0.055279214 0.2359657 0.09102935
bowl 0.43879664 0.5035959 0.46512473 0.5237072 0.5075866
wine glass 0.4011576 0.1823325 0.7939864 0.20556767 0.811126
spoon 0.34990826 0.33570415 0.07488986 0.3537858 0.11243009
wine glass 0.34678903 0.1635856 0.8001137 0.20577776 0.8334251
spoon 0.32823494 0.21687648 0.09769187 0.24955726 0.1409117
wine glass 0.32409173 0.35700935 0.73348516 0.39647907 0.7692675
microwave 0.3235547 0.1994695 0.93509054 0.72701985 1.0
sink 0.32005647 0.1983904 0.9284793 1.0 1.0
spoon 0.32000202 0.23230377 0.097409144 0.24970731 0.14106624
sink 0.31595054 0.1994695 0.93509054 0.72701985 1.0
