tennis racket 0.7770018 0.4678538 0.4869751 0.5340785 0.5139713
tennis racket 0.70968616 0.4627462 0.5108656 0.5358739 0.54741156
tennis racket 0.6747725 0.25349054 0.58615816 0.30734774 0.61063224
tennis racket 0.65684766 0.25866973 0.48567086 0.30034685 0.5131152
spoon 0.63555974 0.5316009 0.7883499 0.5991166 0.91550356
tennis racket 0.6299704 0.25513303 0.55128485 0.30531234 0.5768016
tennis racket 0.6192511 0.25428554 0.5282765 0.30392995 0.55250835
tennis racket 0.61603564 0.3325001 0.501842 0.36503077 0.52433306
tennis racket 0.549794 0.32519457 0.51931185 0.36639872 0.53901225
microwave 0.5402501 0.7626141 0.7144667 0.9992947 1.0
tennis racket 0.5391034 0.2634843 0.50794464 0.30196536 0.5287213
microwave 0.5247271 0.76304835 0.7639175 0.9991341 0.9996893
tennis racket 0.48623472 0.33272266 0.56313694 0.36845255 0.5884508
tennis racket 0.481565 0.32975876 0.46617946 0.36371064 0.49112496
tennis racket 0.46404704 0.33780444 0.53953266 0.36692643 0.5628995
spoon 0.45734888 0.60029715 0.1601664 0.6222932 0.21252929
tennis racket 0.45161623 0.32008052 0.4310563 0.36267883 0.45164335
tennis racket 0.4507296 0.321726 0.45008007 0.3628386 0.46801147
wine glass 0.44786093 0.38553742 0.10692766 0.42301843 0.1896645
tennis racket 0.44703394 0.6239285 0.4438006 0.68654376 0.46607217
spoon 0.40130958 0.21452957 0.8652675 0.24824053 0.96825415
tennis racket 0.39194947 0.33465663 0.58879644 0.37002173 0.6154312
tennis racket 0.37390485 0.6263839 0.42375225 0.68350005 0.44553617
tennis racket 0.3641283 0.6266061 0.46487427 0.68736565 0.49343738
tennis racket 0.3389046 0.26782888 0.39812443 0.2938618 0.43492156
tennis racket 0.30378342 0.6269608 0.5411485 0.67964655 0.56352973
