cake 0.93005896 0.65383005 0.6430342 0.9974685 0.78959846
cake 0.8595002 0.64462227 0.4613297 0.98578775 0.56751585
cake 0.8100361 0.640073 0.2615781 0.9883945 0.3768982
wine glass 0.7825984 0.49597535 0.28885254 0.53499717 0.31621918
spoon 0.5697352 0.5111176 0.32693496 0.53907424 0.35726514
toaster 0.53763604 0.5328586 0.41296226 0.5477186 0.50495017
couch 0.5181381 0.44477594 0.39987212 0.49086294 0.43823677
fork 0.5165891 0.4772046 0.6064718 0.49829298 0.61036384
cell phone 0.5047847 0.45565614 0.92626363 0.5094351 0.9463771
sink 0.49310017 0.31625593 0.7308248 0.61619115 0.8837148
fork 0.4755204 0.47880906 0.6127145 0.50452256 0.61855114
fork 0.470054 0.4958013 0.6075415 0.5218232 0.6150282
cake 0.46993655 0.5877186 0.9303137 0.72389764 1.0
spoon 0.42928976 0.5160393 0.18058641 0.54374844 0.22408967
fork 0.42160377 0.5014938 0.60176665 0.5265632 0.60717374
couch 0.3510131 0.66227674 0.00016862899 0.9978017 0.12056614
microwave 0.3379847 0.5786882 0.38608396 0.614 0.57040226
clock 0.32424423 0.4659963 0.41405943 0.491792 0.42748442
