cake 0.93581945 0.8516491 0.60951203 1.0 0.75453955
couch 0.7617787 0.6310008 0.483736 0.7243525 0.553148
couch 0.72111475 0.49185914 0.2654874 0.57615465 0.32399508
couch 0.6924687 0.54906046 0.94853103 0.6246925 0.99259484
couch 0.6904608 0.49340144 0.63939744 0.5799657 0.6678465
toaster 0.6626104 0.65691334 0.019262582 0.7081596 0.17189597
couch 0.6399725 0.5933331 0.8436221 0.65557694 0.87896717
toaster 0.5612408 0.5997604 0.47758865 0.645922 0.6511004
spoon 0.4942943 0.4512941 0.32320386 0.47792527 0.36200583
couch 0.46725997 0.5832495 0.79250956 0.6514942 0.8366697
clock 0.45067745 0.5487123 0.27301052 0.57963663 0.3103412
couch 0.3566008 0.55121094 0.79175746 0.6504457 0.84451914
wine glass 0.31522942 0.68883306 0.494223 0.74143517 0.5319669
cake 0.30393332 0.8870134 0.09242205 0.9999203 0.23999308
wine glass 0.30175418 0.3764497 0.3476594 0.4013889 0.36111736
