cake 0.9675186 0.596847 0.06926385 0.99963707 0.37411717
couch 0.8750214 0.37614644 0.40064952 0.46894425 0.4502461
couch 0.8431433 0.369073 0.6317346 0.47989962 0.6846111
couch 0.80952907 0.41153383 0.6799784 0.49837822 0.7872392
couch 0.74838144 0.43078297 0.88564885 0.55007714 1.0
clock 0.7396431 0.50369835 0.12679529 0.5603404 0.19010198
tennis racket 0.5552184 0.4420286 0.46090645 0.469206 0.47498184
couch 0.53221303 0.42708442 0.07817945 0.5590632 0.24826315
banana 0.46850738 0.45729637 0.35083547 0.4744169 0.37356216
banana 0.40103325 0.45577395 0.36907157 0.47358024 0.38743663
toaster 0.3941642 0.47127655 0.45271644 0.4856985 0.5994138
tennis racket 0.37404898 0.44057986 0.47452864 0.46895543 0.48992148
clock 0.31865653 0.4730599 0.7177687 0.4989705 0.7410413
