cake 0.88237125 0.64927995 0.65592897 0.7040501 0.74619484
spoon 0.79190254 0.6762378 0.43923342 0.7333868 0.554764
cake 0.7857241 0.7822879 0.52367854 0.99792343 0.72374094
cake 0.77959967 0.7807279 0.31155372 0.9973869 0.46663415
cake 0.76140034 0.6509667 0.23822153 0.7112924 0.3184647
clock 0.6127816 0.66989833 0.5748548 0.74344283 0.60082775
sandwich 0.5819622 0.69052625 0.46847343 0.7018332 0.4868546
sandwich 0.55250365 0.6762827 0.4786756 0.69497025 0.50032103
cake 0.49056262 0.6502498 0.019585699 1.0 0.2802694
cake 0.4840691 0.7800675 0.2626202 0.9982326 0.46786124
sandwich 0.4309961 0.68716484 0.499094 0.7018559 0.5217825
banana 0.42825294 0.68716484 0.499094 0.7018559 0.5217825
sandwich 0.37778348 0.67356306 0.4638999 0.69148177 0.47875208
sandwich 0.35997707 0.6901254 0.5209657 0.7002849 0.53549874
chair 0.35550606 0.6304899 0.58870924 0.9939455 0.9853076
clock 0.3431797 0.7045882 0.5747213 0.74228996 0.6008217
