cake 0.94850427 0.6558053 0.545154 0.998954 0.7240938
chair 0.74771035 0.5335697 0.7854815 0.7688511 0.99887663
couch 0.70770425 0.4405713 0.72318196 0.5722432 0.76554585
microwave 0.65626305 0.4269611 0.06844885 0.6050852 0.22416034
microwave 0.6511905 0.42322594 0.06860245 0.76113605 0.2243284
cake 0.6452028 0.5810221 0.80449945 0.83775514 0.8784844
couch 0.5672303 0.35406697 0.2235775 0.38939404 0.27194896
cake 0.5296739 0.6305197 0.69800943 0.998503 0.80515665
couch 0.5164227 0.5053386 0.9142122 0.5301205 0.9338001
wine glass 0.4632495 0.3683073 0.27609426 0.39491236 0.29597157
couch 0.4403387 0.5613391 0.5554096 0.637347 0.61368626
couch 0.4383432 0.47221258 0.87935483 0.52453727 0.92915976
spoon 0.4353217 0.46473578 0.4755129 0.48552018 0.49489358
microwave 0.40815046 0.5521298 0.34606424 0.6114231 0.46212837
sink 0.40718704 0.3803887 0.0 0.9922755 0.058580197
couch 0.3745454 0.44223654 0.45537153 0.48860997 0.477024
clock 0.3631364 0.3701917 0.260957 0.39248762 0.27391642
couch 0.35798323 0.37568337 0.49644467 0.42208505 0.51420337
microwave 0.3508427 0.593907 0.07070593 0.757345 0.222516
couch 0.33835948 0.54035825 0.76803404 0.57812476 0.79943544
cake 0.30986848 0.6288903 0.7415863 0.94135 0.82473123
wine glass 0.3060345 0.3717718 0.30214998 0.39723897 0.32232353
