spoon 0.93285376 0.81549114 0.28222144 0.8998134 0.40962762
wine glass 0.8433028 0.7997306 0.20231801 0.87311417 0.26405042
banana 0.8302593 0.7928522 0.31570527 0.8591795 0.37749508
tennis racket 0.7734988 0.47720516 0.5591221 0.6023613 0.5880103
spoon 0.76422393 0.7239083 0.029386897 0.77303135 0.12463115
banana 0.7634085 0.7081609 0.052670285 0.74300647 0.09900868
spoon 0.66650784 0.18505843 0.63780403 0.22907461 0.68847847
fork 0.6361522 0.9055683 0.36094254 0.95686114 0.48552102
banana 0.6353795 0.55224115 0.13902175 0.6024255 0.19417933
spoon 0.61584586 0.7168187 0.0 0.77136576 0.026582656
spoon 0.6075004 0.25596952 0.58329684 0.29628012 0.6337864
spoon 0.49344543 0.5576185 0.13735363 0.6051992 0.19518584
spoon 0.47744688 0.7997306 0.20231801 0.87311417 0.26405042
tennis racket 0.4604079 0.72326297 0.17085765 0.7507507 0.17756195
banana 0.45487913 0.5654937 0.14251588 0.58122236 0.15533124
banana 0.40732625 0.55239356 0.15498763 0.56804043 0.17065647
tennis racket 0.37539914 0.7230119 0.18441436 0.772173 0.19208086
banana 0.36565977 0.55588025 0.16957578 0.56574494 0.1801438
spoon 0.33768865 0.24678972 0.5823638 0.2614046 0.6350035
wine glass 0.32294226 0.7168187 0.0 0.77136576 0.026582656
spoon 0.30258262 0.24695578 0.5578751 0.28565672 0.5851057
