cake 0.960613 0.6393277 0.3362835 0.94824195 0.43226922
cake 0.9583602 0.64065075 0.6571657 0.9458115 0.75931007
cake 0.95532775 0.64140534 0.23156187 0.95454425 0.33412072
cake 0.95420456 0.6380112 0.11171137 0.94971263 0.22854911
cake 0.9452256 0.6407568 0.5587108 0.94652975 0.6541709
cake 0.94459635 0.6398514 0.4510149 0.9466232 0.54499185
cake 0.93874246 0.6399927 0.75551045 0.94649976 0.87215173
clock 0.72246 0.57713825 0.27956438 0.6375097 0.30359924
wine glass 0.505237 0.42140058 0.28144118 0.4447202 0.29395673
wine glass 0.49772245 0.48325953 0.6839361 0.51041085 0.70261514
spoon 0.49198392 0.42493492 0.6367284 0.44408175 0.65924275
knife 0.46649188 0.5465244 0.5714801 0.5651117 0.5827847
spoon 0.35893014 0.42006087 0.5916569 0.44380596 0.6127728
wine glass 0.35693246 0.42133158 0.2949675 0.44450796 0.31175795
spoon 0.35295665 0.4897515 0.28252447 0.5119259 0.32504547
wine glass 0.35059866 0.3972605 0.6903765 0.4423627 0.70331
wine glass 0.3468759 0.4196768 0.590123 0.44423553 0.6114649
wine glass 0.31580883 0.47580764 0.6519319 0.48966834 0.6750761
wine glass 0.31558833 0.39698717 0.6672864 0.4432319 0.68098736
