cake 0.95564014 0.5748718 0.31597966 0.90644705 0.5809398
cake 0.9271109 0.5649749 0.15649067 0.8440528 0.3521108
cake 0.8848466 0.5587784 0.049232032 0.8026011 0.19082159
spoon 0.7107666 0.56573826 0.4799026 0.58516186 0.5363973
clock 0.7079989 0.5321192 0.534847 0.5757548 0.5747674
couch 0.5768445 0.48652148 0.49085826 0.5741128 0.6252381
spoon 0.5604461 0.56153154 0.28330502 0.58433354 0.35809633
spoon 0.5086443 0.5570211 0.18787369 0.569408 0.23571754
toaster 0.42202696 0.5711516 0.68655795 0.5822259 0.78376824
knife 0.4137759 0.505283 0.7925594 0.524042 0.8047301
knife 0.3829362 0.5066961 0.7751112 0.52323866 0.7909966
banana 0.3820171 0.55597925 0.36003476 0.57046676 0.38731807
banana 0.33688113 0.5433365 0.41336265 0.5567454 0.43670607
sandwich 0.33594352 0.5433365 0.41336265 0.5567454 0.43670607
knife 0.33233017 0.5045751 0.80397743 0.5246056 0.818191
