cake 0.9553285 0.5845376 0.73804873 0.8392986 0.8661099
cake 0.87170184 0.5240683 0.59415334 0.7313313 0.697455
couch 0.86244106 0.34453568 0.37973154 0.495415 0.428048
spoon 0.6920913 0.5626416 0.8547099 0.5918064 0.8964892
cell phone 0.6293044 0.44147038 0.018913116 0.49244308 0.057816368
couch 0.59157556 0.45698178 0.4617237 0.5411583 0.6049725
wine glass 0.53260523 0.31259742 0.71730644 0.32913563 0.7296733
spoon 0.5285077 0.4974185 0.71799177 0.5114102 0.73922735
spoon 0.51945543 0.53711444 0.80577564 0.552722 0.8224405
tennis racket 0.5098666 0.50648576 0.848816 0.5846682 0.87474376
toaster 0.47412133 0.48323888 0.07282481 0.4923769 0.13328926
spoon 0.40907332 0.53711575 0.7787821 0.550454 0.7950307
spoon 0.38132712 0.49858853 0.7420898 0.51419985 0.7633739
clock 0.3755365 0.50648576 0.848816 0.5846682 0.87474376
wine glass 0.3423863 0.3802367 0.72155404 0.3950757 0.73294353
wine glass 0.33616194 0.40251598 0.27660084 0.42404032 0.29531348
spoon 0.32444918 0.50462425 0.77531874 0.5155358 0.7969328
wine glass 0.31779236 0.37383202 0.7356645 0.3933607 0.74264073
cake 0.31242585 0.53219354 0.9070873 0.5771158 0.972785
wine glass 0.30049208 0.53711444 0.80577564 0.552722 0.8224405
