couch 0.96049696 0.5839151 0.0 0.75688314 0.17140727
book 0.7872491 0.092401326 0.45010126 0.17535871 0.52909094
spoon 0.729288 0.64883983 0.510909 0.673218 0.570651
tennis racket 0.6463741 0.44959438 0.49503556 0.483791 0.5312469
tennis racket 0.6359414 0.35353464 0.58449465 0.40804577 0.61301345
tennis racket 0.61351806 0.36669534 0.5629599 0.40470958 0.58767974
tennis racket 0.5412375 0.45060453 0.52963644 0.48458418 0.56531143
tennis racket 0.38041097 0.4508132 0.60878396 0.48493144 0.6394907
tennis racket 0.37932116 0.4565688 0.4602708 0.4839473 0.48277813
tennis racket 0.30241045 0.35411227 0.58334786 0.37649179 0.61332643
