cake 0.9611571 0.5522274 0.3235198 0.9977224 0.6730934
cell phone 0.89558893 0.29465672 0.71770066 0.3510128 0.8033112
clock 0.8065051 0.5642543 0.15893967 0.65171266 0.2565589
cake 0.78643847 0.68582886 0.0007478473 0.99886364 0.2825681
spoon 0.6766652 0.3768425 0.63267094 0.40593582 0.68058455
couch 0.647641 0.42212284 0.09940406 0.65298927 0.30147672
toaster 0.4474687 0.41164264 0.5210304 0.42739227 0.6180101
microwave 0.39683336 0.3137247 0.80696714 0.533659 0.91289943
cake 0.38556996 0.69254726 0.0006516503 0.998069 0.22535326
microwave 0.37475058 0.41444463 0.57484 0.6910141 0.89795154
banana 0.333836 0.405687 0.713326 0.4274778 0.76944655
banana 0.33194908 0.41276577 0.71652 0.42478493 0.7308625
microwave 0.3088804 0.31478932 0.80951184 0.43145403 0.9098712
