cake 0.9323249 0.54471546 0.3267452 0.85279846 0.42880052
couch 0.92774653 0.42282757 0.48494077 0.564837 0.62065804
cake 0.91564673 0.5580464 0.41554707 0.8885439 0.51951283
clock 0.8621242 0.366417 0.40064567 0.4474944 0.43333066
couch 0.79526764 0.58558244 0.00029702485 0.88387495 0.21448644
microwave 0.6369751 0.45085007 0.26496992 0.5489653 0.3877885
fork 0.56347585 0.40502 0.35176918 0.41917524 0.35564843
fork 0.5000583 0.40396953 0.34408385 0.4210784 0.3475501
tennis racket 0.49433017 0.366417 0.40064567 0.4474944 0.43333066
knife 0.45501384 0.42026573 0.2576967 0.45133808 0.2686394
cake 0.4518622 0.5610781 0.71869814 0.768561 0.7864883
cake 0.4205532 0.57898706 0.5199886 0.96314394 0.6323677
cake 0.41613662 0.558776 0.7154201 0.9113087 0.78197205
fork 0.39302567 0.42208207 0.34871176 0.4362835 0.35775563
clock 0.37444308 0.5012498 0.51008934 0.55909806 0.5853748
cake 0.36591306 0.5784435 0.520652 0.9147018 0.62558955
