cake 0.9615599 0.7145716 0.2887516 1.0 0.4880604
cake 0.8732725 0.67965776 0.46163616 1.0 0.59641576
couch 0.7407924 0.55179244 0.39245015 0.636237 0.44068664
knife 0.6310944 0.50939935 0.14804177 0.5473361 0.16055463
cake 0.61170256 0.6378922 0.66754687 0.8448228 0.757887
knife 0.5991599 0.517217 0.12945995 0.5470232 0.14479578
couch 0.5775168 0.49228936 0.4773913 0.5547321 0.5056029
cake 0.55788225 0.65249497 0.5837922 0.91152495 0.68498063
cake 0.55517066 0.6110687 0.7347771 0.9055838 0.854988
spoon 0.50614196 0.61525375 0.34124374 0.643091 0.3896662
microwave 0.42216656 0.54813564 0.2036561 0.6045157 0.3617721
clock 0.40536082 0.5325341 0.48097408 0.5545504 0.50086606
clock 0.39692095 0.59711254 0.40717536 0.6383133 0.43263978
cake 0.35579294 0.65727806 0.6539826 0.9762912 0.75646585
cake 0.32582167 0.6582914 0.58008534 0.98736244 0.6820279
cake 0.32141933 0.6599648 0.7270363 0.9161449 0.81547767
spoon 0.30764842 0.6199252 0.3434269 0.64234054 0.36421576
