couch 0.84104854 0.7712249 0.647757 0.91239804 0.76265484
couch 0.8003719 0.6102911 0.36923337 0.8040067 0.53288835
clock 0.76266056 0.6312114 0.1455982 0.7041937 0.18047851
couch 0.72885627 0.60186946 0.71748394 0.7794199 0.83327085
couch 0.70650226 0.4540761 0.1133516 0.70371646 0.23405905
cake 0.69364727 0.9129641 0.11416862 0.9952877 0.27938023
clock 0.6651945 0.747782 0.4501328 0.81075025 0.4657507
tennis racket 0.53614897 0.70295715 0.27720937 0.74449146 0.28836945
couch 0.47963583 0.54933345 0.25355625 0.6904229 0.28972423
couch 0.477281 0.715529 0.71790713 0.7728188 0.7467281
couch 0.44745305 0.4662554 0.38522246 0.6321751 0.50124466
toaster 0.42990482 0.79356575 0.883803 0.8186694 0.9478736
spoon 0.40757775 0.7424704 0.52509505 0.7676819 0.5802186
cake 0.40324968 0.6910841 0.56737417 0.75960225 0.6394939
clock 0.36876535 0.73722684 0.72141016 0.7720291 0.74429524
toaster 0.36804712 0.7880043 0.4586846 0.8177014 0.56065106
couch 0.3660194 0.6933136 0.6780368 0.7694756 0.7247735
couch 0.36383116 0.596116 0.55179113 0.71611524 0.58442384
cake 0.35963082 0.6907949 0.5700791 0.74707013 0.61516976
bowl 0.35802588 0.71863323 0.52416736 0.74752074 0.54157215
knife 0.33705786 0.6441566 0.8819344 0.7000789 0.9031929
spoon 0.3342923 0.72672933 0.87978166 0.7673897 0.9116139
wine glass 0.31369376 0.6844575 0.2121551 0.75240225 0.2347475
clock 0.31049222 0.736512 0.6886211 0.7693459 0.719683
clock 0.30367175 0.7398559 0.7549764 0.7773806 0.78569484
