cell phone 0.9168126 0.43335947 0.013205111 0.5574461 0.16122185
cake 0.900906 0.66969186 0.5139746 0.899471 0.6130808
sink 0.8861295 0.3269543 0.5772808 0.5200007 0.6619777
cake 0.82394475 0.64039457 0.6004293 0.84703934 0.68450844
cake 0.8201675 0.6149735 0.674562 0.79588485 0.75292647
spoon 0.7840056 0.553443 0.48053646 0.5820411 0.532871
spoon 0.7351985 0.5167504 0.7083873 0.5343321 0.7482179
cake 0.7015287 0.5953714 0.7392436 0.7564566 0.8100792
spoon 0.681096 0.21585354 0.032023363 0.2391171 0.095610164
cell phone 0.66649 0.36239308 0.5218035 0.4322914 0.57539403
spoon 0.6472905 0.17953372 0.19654399 0.19550668 0.22832704
spoon 0.6300452 0.5060236 0.76157326 0.5239698 0.7951532
sandwich 0.62826943 0.46167004 0.45046425 0.47787753 0.49151993
cake 0.61978346 0.5769031 0.7892168 0.717598 0.85475963
spoon 0.6066163 0.54197234 0.5609312 0.5638032 0.605229
wine glass 0.5990689 0.290314 0.022410212 0.31855863 0.0574532
spoon 0.5962572 0.52779746 0.6456312 0.54777473 0.6855353
microwave 0.57331717 0.3572601 0.5200261 0.52635336 0.5774052
microwave 0.5714391 0.5029762 0.4300764 0.546836 0.51837087
wine glass 0.5650449 0.5053296 0.68581045 0.5333888 0.710106
tennis racket 0.51960814 0.44567448 0.94658816 0.49065068 0.9585048
wine glass 0.50798607 0.51633984 0.6234714 0.5465167 0.65090203
wine glass 0.49227458 0.29616216 0.06550685 0.32095575 0.09384858
spoon 0.48975787 0.3750166 0.06444031 0.40454307 0.110644236
microwave 0.44099557 0.48986566 0.77889246 0.6370156 0.9121582
wine glass 0.43981692 0.29884118 0.10665259 0.32386467 0.13659018
wine glass 0.4344366 0.5247899 0.55574286 0.54325324 0.58393323
spoon 0.4139988 0.22377035 0.41433904 0.23282376 0.43520942
wine glass 0.40497178 0.37672558 0.088140056 0.40250418 0.11027831
spoon 0.40417022 0.51633984 0.6234714 0.5465167 0.65090203
spoon 0.4009735 0.5053296 0.68581045 0.5333888 0.710106
sandwich 0.39457613 0.46626368 0.45494962 0.47743058 0.47159606
spoon 0.3855078 0.3041707 0.37919587 0.3144575 0.39614624
sandwich 0.3542326 0.4797099 0.75968635 0.489255 0.7691947
wine glass 0.34292513 0.49891287 0.76068807 0.50798243 0.77737427
knife 0.34108275 0.57517844 0.45044073 0.5893834 0.4992346
wine glass 0.33868772 0.5359739 0.47728285 0.5562521 0.5104784
spoon 0.33651543 0.3444468 0.5212461 0.3603056 0.5547488
spoon 0.33550712 0.4715476 0.4474447 0.5007966 0.49632147
couch 0.3340811 0.29476628 0.37808087 0.31441718 0.39736465
spoon 0.3286365 0.10560729 0.044957325 0.15380599 0.10695779
spoon 0.3248384 0.39657962 0.034550644 0.41579312 0.06356969
tennis racket 0.32323107 0.4677636 0.18956998 0.53386194 0.21167898
microwave 0.32136726 0.44170508 0.52165365 0.5206595 0.57528293
sandwich 0.31637362 0.46887988 0.45069307 0.47704732 0.4595188
toaster 0.31417474 0.5114736 0.29037592 0.5259139 0.3386046
spoon 0.30978513 0.29884118 0.10665259 0.32386467 0.13659018
couch 0.30929685 0.2718837 0.2757087 0.3012369 0.29783604
