microwave 0.7863113 0.56192446 0.7705384 0.7152239 0.8747249
couch 0.7760302 0.47150698 0.7792682 0.5397178 0.87699986
toaster 0.7232135 0.56101257 0.319814 0.5933619 0.5768594
spoon 0.64390403 0.5299846 0.51789004 0.5597477 0.6122126
clock 0.63489807 0.5149163 0.81543845 0.53688824 0.84265906
banana 0.4252752 0.5230787 0.54453564 0.53644705 0.57086176
banana 0.40721714 0.5130997 0.5586483 0.5307888 0.5869048
wine glass 0.38758546 0.55179626 0.14111555 0.59822065 0.19611053
tennis racket 0.35706866 0.52838534 0.23363645 0.58650297 0.2860833
wine glass 0.34795558 0.53239536 0.23361748 0.5869771 0.28641674
banana 0.33532843 0.51925 0.5864275 0.5363094 0.6093234
