spoon 0.695274 0.536938 0.848449 0.5841349 0.971266
banana 0.50882065 0.5238965 0.8711133 0.54333586 0.90600914
wine glass 0.47693253 0.38676825 0.5135503 0.40371725 0.5292943
tennis racket 0.4506223 0.43699554 0.6714318 0.46620908 0.6876104
tennis racket 0.4348386 0.5030377 0.51248103 0.51782954 0.5237157
wine glass 0.42739403 0.38643992 0.49380624 0.4039287 0.50862765
tennis racket 0.41572538 0.44689783 0.6317232 0.4688777 0.64271677
toaster 0.38084322 0.5363459 0.6629191 0.54553837 0.76501465
tennis racket 0.38042843 0.37356982 0.76250535 0.40399316 0.7907285
banana 0.37502107 0.51865005 0.8723966 0.5410919 0.95390093
spoon 0.35723794 0.2909249 0.9462735 0.31450158 0.99121636
tennis racket 0.3536142 0.63933265 0.8945451 0.6679007 0.9208269
oven 0.3529684 0.5578865 0.5249727 0.6129863 0.5433369
tennis racket 0.34287402 0.41230452 0.82838565 0.45905495 0.85202897
sandwich 0.3368266 0.5290306 0.9519732 0.5442099 0.97218317
tennis racket 0.32344943 0.5891169 0.7086514 0.60161597 0.7160311
tennis racket 0.31613794 0.4365708 0.6863482 0.46573457 0.69820774
wine glass 0.311626 0.38608325 0.48188147 0.40384376 0.49705142
wine glass 0.30892462 0.8008064 0.91117084 0.82770634 0.9477316
