cake 0.90951544 0.6366504 0.117946506 0.8609186 0.23035038
cake 0.89651984 0.65619713 0.19167143 0.90140545 0.31811136
cake 0.8589816 0.6945863 0.30432114 0.9862925 0.44864258
spoon 0.7920197 0.5365 0.48323053 0.5880908 0.5419335
couch 0.7540211 0.27409035 0.19272807 0.51954794 0.342536
tennis racket 0.591602 0.45362854 0.57633835 0.51334494 0.5892125
sandwich 0.5649471 0.5219601 0.50823355 0.5391609 0.52635515
tennis racket 0.5254041 0.4656193 0.567558 0.5146887 0.5782015
tennis racket 0.48409215 0.45928293 0.47673622 0.51531285 0.49772492
toaster 0.4533871 0.53144383 0.35954985 0.5559969 0.4797047
sandwich 0.41699895 0.50818807 0.48409075 0.53920984 0.53674275
tennis racket 0.3749573 0.46224645 0.4592653 0.51181024 0.47643465
tennis racket 0.3650653 0.45350876 0.30000085 0.5214079 0.3214928
tennis racket 0.32332572 0.4588357 0.44646966 0.51472086 0.46084976
clock 0.32279357 0.43878514 0.23191467 0.4890945 0.2630142
sandwich 0.31057927 0.5206123 0.48428884 0.5378088 0.49748233
