cake 0.9438147 0.69117826 0.42757908 0.895565 0.5280733
cake 0.94315976 0.696565 0.548427 0.9002193 0.6579076
cake 0.9208326 0.6919028 0.29683724 0.89848113 0.40439156
cake 0.86770254 0.6616443 0.24257997 0.8646344 0.33985648
couch 0.82415855 0.43611696 0.46696308 0.59129995 0.55340916
sink 0.79555464 0.3485071 0.053611603 0.7834189 0.138734
spoon 0.74170154 0.5542827 0.4795171 0.589586 0.53776133
spoon 0.7247278 0.2991916 0.19924955 0.31277928 0.21920268
cell phone 0.6093833 0.31927735 0.7830339 0.4200814 0.9545664
microwave 0.6033386 0.55627847 0.7888066 0.7779115 0.94102937
couch 0.5811069 0.5024562 0.7460691 0.5526099 0.8055283
spoon 0.57447433 0.35011935 0.68744123 0.36526272 0.7059294
spoon 0.5476071 0.5369993 0.33486623 0.5524839 0.38164413
couch 0.54098874 0.4822654 0.1504394 0.5529757 0.1880259
cell phone 0.5330125 0.4795857 0.00012325682 0.60895663 0.049641743
clock 0.500297 0.5147757 0.16732775 0.5536057 0.18089963
wine glass 0.49900877 0.25937998 0.23860139 0.27834025 0.2601193
clock 0.4703323 0.51557356 0.15396267 0.55450743 0.1805608
spoon 0.46118438 0.34786594 0.20220399 0.36556274 0.22034949
spoon 0.41552982 0.35124606 0.7326542 0.36652035 0.7531451
spoon 0.41002837 0.56766874 0.4358715 0.59333706 0.48380765
wine glass 0.40375292 0.35082486 0.24202253 0.36700186 0.25230885
spoon 0.39706028 0.25937998 0.23860139 0.27834025 0.2601193
wine glass 0.3807099 0.3474899 0.20139219 0.3656432 0.21973635
wine glass 0.30838197 0.44807807 0.223795 0.48183003 0.23299474
wine glass 0.30054027 0.46145964 0.20876329 0.47889414 0.21919836
