tennis racket 0.7635816 0.33497697 0.62926483 0.3962202 0.6649201
tennis racket 0.7007005 0.42413563 0.757919 0.50004613 0.81427956
tennis racket 0.6938686 0.31656975 0.5683646 0.39647 0.5973767
tennis racket 0.65679497 0.42527494 0.7168731 0.50067997 0.75399846
tennis racket 0.63713706 0.5213306 0.7887117 0.6206831 0.8253262
tennis racket 0.63500386 0.5191385 0.82999563 0.6200213 0.8660053
tennis racket 0.6251418 0.42369306 0.8253927 0.49966276 0.87999463
tennis racket 0.61884284 0.32872167 0.58089834 0.3964298 0.6307512
microwave 0.6034935 0.7245407 0.030251589 0.9987484 0.4790037
tennis racket 0.5109225 0.3469502 0.8211442 0.39092097 0.8602846
sink 0.48350373 0.30089638 0.07533035 0.64722025 0.23496339
tennis racket 0.47662914 0.30842775 0.13871565 0.34917563 0.16142932
tennis racket 0.45008215 0.34724516 0.77612716 0.3912477 0.8142553
tennis racket 0.4324835 0.41645104 0.14523402 0.45663196 0.16163677
tennis racket 0.42274228 0.3468806 0.7305169 0.39101052 0.77057546
tennis racket 0.42189753 0.41500658 0.12617868 0.45647728 0.14668718
tennis racket 0.39869013 0.36438003 0.14886229 0.4032106 0.16560327
tennis racket 0.38630974 0.36461774 0.16437764 0.40476522 0.18047057
tennis racket 0.37986276 0.5189674 0.16706072 0.5626967 0.18706553
tennis racket 0.3447782 0.36493322 0.1479335 0.38818225 0.16498514
sink 0.34406766 0.31218997 0.6826776 0.63003314 0.91683537
spoon 0.33279303 0.21835765 0.46909645 0.26309028 0.6249537
tennis racket 0.30764544 0.41647822 0.1590335 0.4568594 0.17287369
