couch 0.96710277 0.46748215 0.8037741 0.6485067 0.9811512
cake 0.8987212 0.5703679 0.22596589 0.97907174 0.41094223
clock 0.8758915 0.44300073 0.25285634 0.5315633 0.31552038
parking meter 0.7912063 0.78896207 0.5449077 0.9997707 0.8418162
spoon 0.67579377 0.48021463 0.5745676 0.51101893 0.61398596
knife 0.6141013 0.44457024 0.5265526 0.47290042 0.5415879
knife 0.5849249 0.44505885 0.5101587 0.47251308 0.5192924
knife 0.5446716 0.44508895 0.5202241 0.4734129 0.52897835
wine glass 0.51918846 0.3883315 0.36573273 0.40199012 0.378554
cake 0.5053474 0.54918987 0.1272739 0.8291833 0.19636701
knife 0.41825593 0.45242637 0.49688455 0.47216418 0.5132943
spoon 0.41222936 0.27930492 0.39102376 0.2940096 0.40146422
cake 0.33023253 0.55777895 0.18810558 0.57240194 0.22906238
cake 0.32377207 0.543124 0.100979075 0.8250405 0.19160174
cake 0.32357106 0.544664 0.09871626 0.79895717 0.14797392
wine glass 0.32033566 0.27930492 0.39102376 0.2940096 0.40146422
cell phone 0.313344 0.41045114 0.29254666 0.45868963 0.35868868
