cake 0.92801213 0.54944086 0.7228298 0.72160167 0.80309296
cell phone 0.87675285 0.56357574 0.3759309 0.68267983 0.4422753
cake 0.7363082 0.5206254 0.676202 0.67928535 0.7334148
couch 0.7091639 0.38470513 0.39613274 0.5208917 0.46022114
couch 0.60713786 0.38738272 0.62407327 0.51074296 0.68273044
cake 0.57598805 0.49368143 0.583647 0.5199917 0.65265834
toaster 0.45651236 0.53472114 0.11642451 0.5605292 0.15275851
clock 0.4319778 0.44887805 0.4207662 0.5168461 0.44248632
couch 0.37845978 0.37873086 0.34588316 0.5185471 0.3928741
toaster 0.3564415 0.5262329 0.11566693 0.53418714 0.16978638
clock 0.31952524 0.4740106 0.4173831 0.5149594 0.43268976
clock 0.30489936 0.4863837 0.6460231 0.5166147 0.654705
