cake 0.9175059 0.67793834 0.40566382 0.96593094 0.60098094
cake 0.887838 0.6751018 0.6514896 0.9604717 0.8599716
wine glass 0.68213665 0.31272775 0.7822229 0.33748132 0.8013892
spoon 0.6755471 0.50549674 0.61282575 0.52791214 0.6947948
wine glass 0.67196935 0.229933 0.74672943 0.25734168 0.77222645
toaster 0.63191915 0.5216151 0.19609864 0.5371732 0.30445412
wine glass 0.6094427 0.30571193 0.8361956 0.33680862 0.8765628
wine glass 0.58796924 0.41334268 0.7382046 0.43286142 0.7632538
wine glass 0.5828824 0.23525499 0.72180593 0.27146456 0.74737644
microwave 0.5828126 0.5443854 0.4416426 0.6779031 0.61463505
wine glass 0.5544293 0.40201637 0.84221965 0.44057772 0.88117224
wine glass 0.5463525 0.40194282 0.8114951 0.44142035 0.8399748
wine glass 0.5238389 0.3186356 0.7683072 0.339752 0.78625774
spoon 0.51619405 0.3406396 0.7088753 0.3573141 0.74049413
spoon 0.50487834 0.33600724 0.7367609 0.34829968 0.77199346
wine glass 0.5006203 0.40411508 0.76312983 0.43376803 0.7965399
wine glass 0.4989804 0.2560659 0.69342226 0.27834994 0.719199
wine glass 0.49840862 0.40300408 0.7968263 0.4346628 0.8138596
wine glass 0.49529377 0.4112421 0.8895566 0.4419717 0.9161975
wine glass 0.49271113 0.306557 0.8130214 0.33688104 0.83657897
sandwich 0.49160165 0.5017842 0.62852514 0.51061785 0.64687014
wine glass 0.4810136 0.4144951 0.7226451 0.43250638 0.73636085
wine glass 0.44846308 0.5002119 0.32556534 0.5253468 0.34747303
wine glass 0.44152963 0.22519241 0.7759954 0.24480529 0.7933979
wine glass 0.43961996 0.49991256 0.34869272 0.52659065 0.3720056
sandwich 0.43068656 0.49595886 0.6404801 0.50755376 0.666323
banana 0.41665912 0.4995395 0.6669946 0.51143646 0.69038504
sink 0.41243404 0.30598503 0.0 0.72895795 0.06444934
wine glass 0.38637584 0.39958152 0.6983584 0.43332544 0.72264344
wine glass 0.3810242 0.39293772 0.67425257 0.43306047 0.7048275
wine glass 0.36261958 0.30637765 0.7960497 0.3349687 0.82496864
wine glass 0.36104113 0.33734384 0.70872945 0.35655126 0.7400152
clock 0.33580843 0.4639031 0.3736222 0.5244722 0.39995155
spoon 0.33431703 0.343206 0.68320984 0.36404866 0.71170706
wine glass 0.32020295 0.28508434 0.6860917 0.29541102 0.7011061
