cake 0.95962805 0.638281 0.5209784 0.98236525 0.8685577
cake 0.9522079 0.6363352 0.12068011 0.98402935 0.4687711
clock 0.7961767 0.33029455 0.8389897 0.36053067 0.8683554
cake 0.7901695 0.5734949 0.8302621 0.922225 0.99090004
wine glass 0.7058856 0.39472646 0.14051422 0.4115938 0.15954699
wine glass 0.67494553 0.58445746 0.6561051 0.6215146 0.6956506
wine glass 0.65417534 0.5339012 0.8679016 0.54990745 0.89170086
spoon 0.6307415 0.5313754 0.18336646 0.5521592 0.23304775
wine glass 0.60457844 0.39542288 0.16109143 0.4110946 0.18053377
wine glass 0.56391203 0.39411902 0.24402785 0.41003257 0.2646793
couch 0.56318253 0.47318712 0.43126404 0.67956275 0.5937151
wine glass 0.56212884 0.39362177 0.22246812 0.41056588 0.24212095
banana 0.5472754 0.5207561 0.18671198 0.53271604 0.22827874
knife 0.50473744 0.52070296 0.7740326 0.5357194 0.78852427
wine glass 0.47606504 0.53639776 0.84687513 0.5515117 0.86829156
spoon 0.4695789 0.405875 0.7575467 0.41977212 0.8021274
spoon 0.4508576 0.59799194 0.56160384 0.6191106 0.64771307
spoon 0.4417523 0.38094613 0.8350875 0.39541098 0.87670666
cake 0.44158274 0.5789444 0.009038151 0.92596644 0.17247163
clock 0.44037756 0.5535879 0.4825455 0.6130545 0.54352546
wine glass 0.42020488 0.5331915 0.8185886 0.5515619 0.84571713
wine glass 0.37472725 0.46102458 0.83645767 0.48097515 0.8658096
wine glass 0.3596096 0.33549735 0.76758385 0.35944274 0.78836495
spoon 0.34937966 0.42639992 0.7654134 0.44543102 0.7994081
spoon 0.33961532 0.40543494 0.8352151 0.42022666 0.8674862
apple 0.33135796 0.58829635 0.23192531 0.62466615 0.31231767
wine glass 0.32976508 0.46447712 0.81307274 0.48275435 0.8311486
knife 0.32520354 0.52167034 0.7883141 0.53017294 0.8102376
clock 0.324908 0.53639776 0.84687513 0.5515117 0.86829156
wine glass 0.3077962 0.34201643 0.15394145 0.3593723 0.18693064
