cake 0.93224895 0.7947316 0.11739355 1.0 0.26005086
cake 0.861985 0.8615811 0.22840148 0.99671775 0.40727544
tennis racket 0.78376204 0.47742346 0.9467336 0.5975832 0.9775654
bowl 0.7397988 0.45845369 0.40137127 0.5090231 0.42787513
microwave 0.6013071 0.6162772 0.066295326 0.7715064 0.1860533
banana 0.5957975 0.54704535 0.32516837 0.5796471 0.35702556
spoon 0.5482873 0.3134678 0.26221675 0.33477637 0.30192745
banana 0.5441345 0.5536102 0.34841588 0.590135 0.37621662
banana 0.50221115 0.5938968 0.35658708 0.61756253 0.3834025
knife 0.4832722 0.47007415 0.6750435 0.5104282 0.6830024
banana 0.45288706 0.55258936 0.37248248 0.58604366 0.38912117
banana 0.44679707 0.56072867 0.30407062 0.59623474 0.32743558
spoon 0.4334277 0.39664397 0.26352364 0.4189278 0.3025427
microwave 0.4246788 0.59266734 0.0580952 0.85426366 0.1884384
banana 0.42433667 0.49404022 0.39049867 0.51124144 0.4051492
banana 0.41467172 0.5733606 0.37820083 0.613441 0.40208972
banana 0.4018059 0.5525412 0.38584828 0.5765327 0.4018383
clock 0.38933143 0.5157799 0.67974573 0.576129 0.7093583
banana 0.378097 0.57507527 0.32425204 0.6172448 0.35988948
banana 0.36202517 0.57931376 0.3204577 0.6187378 0.3491916
banana 0.35490403 0.57178265 0.37777525 0.5939353 0.40123504
banana 0.32405862 0.5074992 0.40276724 0.52686316 0.416466
microwave 0.3149679 0.4733371 0.6366201 0.7611958 0.9070595
