cake 0.9032166 0.73741186 0.3993739 1.0 0.5422431
cake 0.83344394 0.68865144 0.6769793 0.9344737 0.7950876
cake 0.80576885 0.71050715 0.5535109 0.9932888 0.6854564
couch 0.76104075 0.2718459 0.35490108 0.328644 0.39128876
couch 0.7575305 0.47597417 0.75904554 0.57566154 0.80098695
banana 0.66374683 0.5860605 0.34675696 0.616674 0.36833754
cake 0.6076467 0.7605204 0.23680314 1.0 0.37580022
banana 0.5647029 0.59010667 0.3288267 0.61878735 0.35324427
spoon 0.560274 0.38551408 0.285339 0.42445183 0.33733863
spoon 0.54902726 0.37304208 0.0 0.41469288 0.029207975
toaster 0.4816099 0.57231426 0.8385631 0.59223014 0.9539727
banana 0.46228588 0.5975313 0.3979693 0.6339458 0.42363966
sandwich 0.4606836 0.5975313 0.3979693 0.6339458 0.42363966
clock 0.35476005 0.54958063 0.76288915 0.57686335 0.7983749
