cake 0.9520778 0.66787857 0.45866725 0.9071978 0.5753166
cake 0.94702286 0.5071518 0.13629445 0.6743356 0.22119868
cake 0.9362978 0.6910917 0.56880647 0.9729979 0.708276
cake 0.89216185 0.50100476 0.21573547 0.6566366 0.28701267
clock 0.87379414 0.4429967 0.59478235 0.55626017 0.63479185
cake 0.8525769 0.49549022 0.2813882 0.63983464 0.34619096
cake 0.82608587 0.50793594 0.019634563 0.67914045 0.101942495
couch 0.70658666 0.43376422 0.9332789 0.5204626 0.9856912
cake 0.6301825 0.49161485 0.15016411 0.5249761 0.18879004
clock 0.62120605 0.47510415 0.94879454 0.52024525 0.9758622
cake 0.5957635 0.49822518 0.076976664 0.623641 0.1453583
cake 0.55446434 0.48456204 0.3407063 0.6043819 0.36466134
microwave 0.5197838 0.49480417 0.7187594 0.52748924 0.86900306
couch 0.48285037 0.31949294 0.53141606 0.5563455 0.68309593
couch 0.4716453 0.47768882 0.1917102 0.53220445 0.23270169
cake 0.4027218 0.4866015 0.28287965 0.6099487 0.36218625
cake 0.40065584 0.57945895 0.36992338 0.8497997 0.47009274
toaster 0.3841021 0.50610554 0.63251036 0.52870816 0.7231564
cake 0.35437036 0.5288183 0.113522366 0.6563061 0.17087261
clock 0.3341734 0.47768882 0.1917102 0.53220445 0.23270169
cake 0.32708478 0.50710243 0.020199362 0.6166827 0.10039368
