tennis racket 0.7629717 0.24038462 0.2954016 0.29290214 0.32757473
sink 0.7281552 0.039897144 0.77581203 0.6746496 0.928802
tennis racket 0.71611094 0.23950514 0.38220897 0.29340973 0.42240268
cake 0.65792596 0.47865206 0.9491272 0.6272349 1.0
oven 0.580175 0.47332302 0.48457086 0.5365206 0.5816995
tennis racket 0.40747517 0.3375354 0.69534606 0.3555064 0.7095521
tennis racket 0.40049636 0.15164058 0.3160052 0.19574372 0.35424265
tennis racket 0.38930875 0.11952887 0.53426474 0.19701296 0.5741931
spoon 0.3702168 0.4747255 0.654704 0.53563964 0.7388302
sink 0.35136166 0.040605962 0.035267778 0.6739504 0.21348158
tennis racket 0.33681834 0.32269382 0.27845198 0.36306995 0.31093282
tennis racket 0.3225216 0.23552111 0.4721722 0.2942241 0.50744575
tennis racket 0.32163525 0.15049738 0.44835678 0.19671023 0.48464105
tennis racket 0.3181949 0.16813315 0.36550286 0.19545306 0.3911518
tennis racket 0.3155981 0.16175401 0.53762025 0.19490531 0.5705939
tennis racket 0.31279328 0.21798712 0.26816764 0.29189187 0.3050689
tennis racket 0.30369622 0.119350895 0.31541538 0.19714282 0.3552018
tennis racket 0.30279812 0.12615955 0.40348336 0.19706082 0.44081667
tennis racket 0.30106995 0.16942656 0.2724468 0.19497678 0.3011506
