toaster 0.9569989 0.5965452 0.06580765 0.87677515 0.6901514
spoon 0.76856804 0.53938127 0.44068304 0.58233356 0.54764307
sandwich 0.69970655 0.48937 0.81408656 0.49797165 0.83309215
couch 0.58329976 0.50655407 0.33211923 0.5832178 0.4461482
spoon 0.5307888 0.49488354 0.7972153 0.51182353 0.85109746
tennis racket 0.49346942 0.4609458 0.81714803 0.49571022 0.84948295
couch 0.4533654 0.53938127 0.44068304 0.58233356 0.54764307
tennis racket 0.42192933 0.5812667 0.0042159106 0.67921335 0.08092638
clock 0.37779036 0.5386473 0.36401772 0.58168495 0.4236262
tennis racket 0.3480037 0.5880026 0.00089030457 0.6896624 0.030968763
sandwich 0.3369614 0.4925912 0.79949176 0.49832624 0.81406546
clock 0.3241075 0.53938127 0.44068304 0.58233356 0.54764307
