cake 0.94825876 0.759238 0.22795129 0.9930184 0.44888914
cake 0.895694 0.73061377 0.08034391 0.99560696 0.27574402
microwave 0.7673839 0.6265916 0.25586474 0.703328 0.46722615
clock 0.74470913 0.61566615 0.13304329 0.72279876 0.19647938
tennis racket 0.7295607 0.58279353 0.20932133 0.6973741 0.23304473
tennis racket 0.72385836 0.5834918 0.23061478 0.70171314 0.25185013
tennis racket 0.70597655 0.5851943 0.19069368 0.6949022 0.21135017
spoon 0.69425297 0.5550403 0.54724056 0.6073057 0.5828807
spoon 0.56802833 0.5956013 0.61613697 0.61274517 0.6469694
wine glass 0.5595555 0.36720464 0.61462 0.38983306 0.6241838
sandwich 0.5563742 0.6967246 0.38050658 0.7454667 0.45795006
toaster 0.55426735 0.6112955 0.66363996 0.70721036 0.802939
spoon 0.5518009 0.5286988 0.5337762 0.5573369 0.57703656
wine glass 0.54636174 0.36698425 0.58486956 0.3933257 0.5983841
sandwich 0.53830564 0.71771586 0.4450302 0.736992 0.45925522
couch 0.5311814 0.5383538 0.58361137 0.60709196 0.6321912
wine glass 0.5308067 0.36749995 0.6007859 0.3904374 0.61342686
tennis racket 0.5150296 0.5642942 0.782801 0.61652756 0.7970074
wine glass 0.50597733 0.27586317 0.90809965 0.304803 0.92379475
sandwich 0.5056662 0.69930124 0.3905182 0.7148604 0.40910733
banana 0.5025697 0.5811335 0.9035113 0.6041707 0.9206816
wine glass 0.49844694 0.35083857 0.9095971 0.367523 0.92144614
wine glass 0.4823077 0.28123078 0.8837502 0.30689222 0.9005345
sandwich 0.46364507 0.6972408 0.43001795 0.7222905 0.44583064
spoon 0.45313367 0.39905173 0.8705274 0.43015787 0.8990258
knife 0.44973594 0.57160753 0.37033597 0.6066839 0.37903407
banana 0.44369775 0.5649376 0.9102294 0.58463126 0.9244234
sandwich 0.44095814 0.7202322 0.4292769 0.7427889 0.45075187
banana 0.4401274 0.58048606 0.91977865 0.5978841 0.9347214
clock 0.42121297 0.58211 0.6066448 0.6063866 0.6172977
knife 0.4172688 0.564302 0.3779236 0.6024303 0.39116156
spoon 0.4081876 0.41979355 0.8709625 0.4311275 0.8994875
banana 0.40590072 0.59901893 0.91289777 0.6173998 0.9277527
banana 0.40373918 0.5698995 0.9011219 0.5855007 0.91352826
wine glass 0.39552894 0.2819576 0.870003 0.30995575 0.8822081
wine glass 0.39019537 0.45771 0.86844975 0.47450727 0.899177
spoon 0.38183945 0.32566655 0.89188653 0.34925807 0.9264565
sandwich 0.37580705 0.7143653 0.39468235 0.7334633 0.40724224
wine glass 0.35166097 0.3600601 0.52836967 0.3951781 0.53781426
wine glass 0.3513596 0.34758726 0.88147366 0.36909086 0.8979629
toaster 0.33842173 0.61063206 0.67478997 0.63741946 0.8050136
wine glass 0.3367818 0.7029537 0.10549526 0.7286117 0.14116241
wine glass 0.3255708 0.35956508 0.54670423 0.3926312 0.55868286
knife 0.30032584 0.5614716 0.38618672 0.6009732 0.3990687
