chair 0.8695776 0.85497016 0.17360818 0.9979019 0.5643412
cake 0.8105556 0.7186844 0.34313768 0.9113298 0.45546395
cake 0.8081671 0.5490922 0.81421727 0.66420186 0.8670631
cake 0.7892807 0.6732431 0.18375918 0.85636276 0.28718656
cake 0.7255801 0.69499123 0.2545537 0.88177955 0.36602834
microwave 0.6546389 0.569344 0.46890634 0.6358061 0.6136009
wine glass 0.57759804 0.420091 0.15370442 0.44245127 0.17128249
bowl 0.5616404 0.60690075 0.5033492 0.63060486 0.5236434
cake 0.5469577 0.74715894 0.46198547 0.98629004 0.5895884
cake 0.5129678 0.85817194 0.1738702 1.0 0.56405044
spoon 0.503188 0.36827192 0.20893896 0.39885035 0.23459497
toaster 0.49121544 0.60624367 0.335044 0.6299962 0.4352338
spoon 0.4740603 0.5716721 0.6670644 0.59499097 0.6890918
spoon 0.45113975 0.43181965 0.21290553 0.44613397 0.23369965
spoon 0.44844297 0.4535211 0.14684696 0.48239422 0.17994072
tennis racket 0.42433193 0.54889387 0.6316527 0.5875722 0.64091885
spoon 0.38217938 0.56156015 0.55569506 0.5808326 0.5757301
spoon 0.3716814 0.36857614 0.14335595 0.38931853 0.17100875
spoon 0.36623645 0.4170721 0.17134367 0.44414625 0.19327478
clock 0.3441545 0.40988046 0.17098281 0.44346693 0.19351813
tennis racket 0.31563964 0.5484123 0.6412034 0.588652 0.6506767
