microwave 0.9265965 0.5297567 0.29771328 0.6957117 0.40882242
cake 0.89277893 0.56551933 0.5765424 0.9876458 0.7547343
tennis racket 0.79600763 0.47699118 0.18313295 0.5507297 0.20942602
tennis racket 0.72162193 0.47784722 0.11080755 0.55641466 0.14350404
clock 0.60990244 0.5375326 0.5231321 0.5725959 0.5443641
tennis racket 0.5457125 0.47599968 0.0153309 0.5635666 0.032845918
cake 0.43738607 0.54114807 0.8037764 0.7882367 0.8649025
couch 0.40953797 0.5079286 0.50828815 0.5727354 0.5505527
toaster 0.35159415 0.516676 0.5496214 0.53369105 0.6408394
toaster 0.3263867 0.5386611 0.4077526 0.57063526 0.48525837
cake 0.315906 0.560286 0.7465618 0.8972388 0.80413884
