cake 0.9399397 0.59064037 0.6342278 0.9066656 0.8828733
cake 0.9181449 0.59906 0.3806113 0.9753292 0.6687034
cake 0.9019914 0.58637506 0.8439063 0.8564982 1.0
couch 0.7369623 0.46691427 0.15288858 0.5447759 0.21696483
tennis racket 0.70046484 0.49723455 0.5037054 0.5397892 0.52398574
tennis racket 0.58659333 0.49991116 0.444995 0.536656 0.48498955
tennis racket 0.57267535 0.40318772 0.769882 0.43719265 0.78507465
spoon 0.5580276 0.56071186 0.691465 0.59244645 0.7674462
spoon 0.5181558 0.55310214 0.57307905 0.58440495 0.6549777
toaster 0.4586373 0.551822 0.21249376 0.58516675 0.45999262
clock 0.37854397 0.51466197 0.16714974 0.5427515 0.2088363
sandwich 0.32277805 0.51883066 0.6741594 0.53387356 0.7128763
