cake 0.9683368 0.6778903 0.1870288 0.8798113 0.31855452
cake 0.9657845 0.67980975 0.32402706 0.8874057 0.4617848
cake 0.94739395 0.6812755 0.46554723 0.90130794 0.5982912
cake 0.93293417 0.674452 0.094631866 0.8676794 0.20018126
couch 0.54802495 0.6598366 0.30839512 0.68841475 0.3612666
tennis racket 0.5470975 0.6217468 0.6299815 0.65470684 0.64340335
tennis racket 0.5465908 0.61906445 0.7582999 0.6632261 0.7726009
sandwich 0.48381618 0.6228479 0.21890749 0.6300484 0.2573713
toaster 0.4625062 0.6773493 0.42445132 0.7042699 0.46689036
spoon 0.4609708 0.62844837 0.21278109 0.64741206 0.25706103
fork 0.39906487 0.6195761 0.65643317 0.633309 0.66927236
banana 0.37787744 0.67137647 0.36230937 0.6818404 0.38026938
banana 0.36626166 0.66852564 0.34007767 0.68455344 0.41840383
sandwich 0.3503717 0.67142004 0.34638736 0.6824171 0.36293373
