spoon 0.9132388 0.7117354 0.19892144 0.76251245 0.29011425
couch 0.8837456 0.48973235 0.28060034 0.6275186 0.3345231
spoon 0.87423813 0.71150404 0.44828993 0.75968945 0.54145384
couch 0.8508368 0.5404252 0.31533065 0.6317314 0.36930004
couch 0.8015671 0.601208 0.577409 0.73044986 0.69128513
sandwich 0.7323626 0.5868599 0.65115017 0.60004675 0.6656204
tennis racket 0.72842795 0.4881231 0.70340264 0.6178736 0.7236328
cake 0.70881075 0.8522617 0.17931563 1.0 0.35517502
tennis racket 0.68998325 0.51738054 0.6916197 0.6212232 0.7083885
spoon 0.68509775 0.71050143 0.6990341 0.7598335 0.79154766
clock 0.6241561 0.58771145 0.3256635 0.63084656 0.35820383
clock 0.61437595 0.66655713 0.60136 0.7307157 0.67827636
spoon 0.6060951 0.55191934 0.37445062 0.6197093 0.4725818
spoon 0.5548951 0.69669634 0.7185639 0.7298196 0.7679601
sandwich 0.54323584 0.5892427 0.66526496 0.60111636 0.680603
clock 0.53137696 0.5523196 0.28472346 0.6227984 0.32332832
sandwich 0.50058323 0.56976676 0.65893614 0.6000347 0.69634557
cake 0.4356705 0.84997445 0.6496167 0.9993901 0.82228184
cake 0.4223952 0.8486091 0.41603327 0.9991401 0.5885534
sandwich 0.4189526 0.5910519 0.6798844 0.5997738 0.6922373
cake 0.37553805 0.9126893 0.6585797 1.0 0.8062755
cake 0.36660022 0.9134852 0.4320375 0.99965966 0.5727516
spoon 0.36241698 0.7066818 0.21904878 0.7322688 0.27168342
tennis racket 0.34428945 0.5234941 0.5699544 0.6040592 0.6117301
spoon 0.3089415 0.66655713 0.60136 0.7307157 0.67827636
