couch 0.8449385 0.35340992 0.41779563 0.4412352 0.56214595
microwave 0.687634 0.47623518 0.67588395 0.80199516 0.96137774
toaster 0.5294878 0.43771157 0.19166984 0.4491252 0.29834974
cake 0.42435703 0.40249628 0.2010688 0.42879456 0.26501316
tennis racket 0.41556284 0.31909832 0.79287934 0.34629002 0.8080285
knife 0.3690924 0.46681318 0.9569126 0.5028249 1.0
wine glass 0.34037593 0.49773794 0.9536777 0.56125146 1.0
toaster 0.32977086 0.44270524 0.27770284 0.4781027 0.4079431
cake 0.3110214 0.40438223 0.35929787 0.42960346 0.40087417
tennis racket 0.30213937 0.4572015 0.85800195 0.49238673 0.8786098
