cell phone 0.81452584 0.39934275 0.44764352 0.4583928 0.50146115
cake 0.7962109 0.62989134 0.24771005 0.8993078 0.32672852
cake 0.7746525 0.6699989 0.2590653 0.99956125 0.3402585
spoon 0.6824288 0.5093599 0.32675272 0.551342 0.3860569
clock 0.5487653 0.34555462 0.15155347 0.38448426 0.17293991
cake 0.5272167 0.55074066 0.21490782 0.81290686 0.31357795
wine glass 0.49129233 0.5262058 0.30124107 0.55620605 0.321537
couch 0.48786604 0.39888704 0.12096199 0.42409375 0.14368038
toaster 0.47762313 0.56006455 0.4287059 0.5735256 0.49054012
wine glass 0.4717337 0.52185535 0.2667025 0.54580235 0.2867662
wine glass 0.4525461 0.53467965 0.3504804 0.5655157 0.37761745
cake 0.41245753 0.46008837 0.29211858 0.53288186 0.34540161
clock 0.3741067 0.4011166 0.1509644 0.4266234 0.17315172
cake 0.36223882 0.5477244 0.21708795 0.80620474 0.27844042
clock 0.3299358 0.34247106 0.120553665 0.38179904 0.14225152
couch 0.30566484 0.4011166 0.1509644 0.4266234 0.17315172
