cake 0.87758577 0.64649683 0.3857932 0.9912547 0.46898234
cake 0.83877975 0.6517879 0.2700434 0.9948896 0.38351402
cake 0.6963205 0.64589274 0.49247727 0.9880239 0.57501644
clock 0.68853456 0.552303 0.38086313 0.6450048 0.41194057
fork 0.56863683 0.56198543 0.59185654 0.5843423 0.59967834
cake 0.5491707 0.64754397 0.57790136 0.9875333 0.68305695
cake 0.54811096 0.6483123 0.58753544 0.986337 0.69017476
sink 0.521966 0.41246358 0.3203 0.58597916 0.3709695
cell phone 0.46901652 0.56350136 0.6910452 0.5983653 0.734008
microwave 0.44645494 0.47934082 0.76316667 0.80082196 0.81227016
tennis racket 0.44301787 0.5535054 0.10467974 0.6329471 0.11775219
clock 0.43386528 0.5128151 0.37931648 0.6446515 0.4123496
couch 0.43099108 0.48226506 0.00052173436 0.5731737 0.032150924
toaster 0.40325853 0.6148181 0.12941673 0.63201475 0.21149924
toaster 0.3694081 0.59444577 0.44591513 0.615552 0.54894924
cake 0.30738902 0.64630073 0.27136517 0.80476594 0.3823011
cake 0.30649653 0.6472561 0.27139086 0.80273336 0.35579544
