sink 0.91864103 0.40806255 0.56014067 0.7242077 0.67916256
cake 0.8111881 0.5985795 0.5033586 0.7447251 0.55791473
couch 0.76495916 0.45090127 0.18881498 0.61978924 0.24462055
tennis racket 0.73336685 0.71620697 0.16503312 0.790569 0.18931846
spoon 0.6947781 0.3608505 0.4183509 0.380377 0.44544426
spoon 0.6610161 0.4156094 0.4161292 0.43642604 0.4485006
toaster 0.63146883 0.58849347 0.29487693 0.6134522 0.37978405
spoon 0.61102706 0.6042186 0.7410757 0.64340085 0.7770079
cup 0.53676987 0.9284221 0.0008083321 0.96251315 0.11947107
spoon 0.5347983 0.57857126 0.79877806 0.6331009 0.8474866
spoon 0.52345043 0.7808746 0.15736517 0.8174433 0.26101017
sandwich 0.518449 0.6019077 0.74271756 0.61309534 0.75318056
tennis racket 0.51638204 0.7887666 0.05493573 0.8930804 0.089990444
spoon 0.48902124 0.42257485 0.4727209 0.4366517 0.4905571
couch 0.4646551 0.6244833 0.0004212819 0.85855716 0.09824012
cup 0.42905155 0.81298554 0.14723226 0.8346606 0.22391668
spoon 0.41799784 0.33209038 0.63560814 0.3616916 0.68121856
wine glass 0.41035676 0.40719306 0.47422504 0.420356 0.48984265
sandwich 0.40367645 0.60005903 0.7654855 0.61396223 0.77522707
spoon 0.40142316 0.60467947 0.8043038 0.63193774 0.8457368
banana 0.38881272 0.6019077 0.74271756 0.61309534 0.75318056
spoon 0.35700738 0.72174996 0.08003715 0.7852778 0.16563314
cake 0.34072942 0.7974619 0.22598988 1.0 0.37905437
banana 0.33227688 0.595857 0.75254714 0.6119455 0.7653831
sandwich 0.31945354 0.595857 0.75254714 0.6119455 0.7653831
fork 0.30657375 0.7802888 0.22992472 0.7965224 0.27364418
clock 0.30350906 0.73505837 0.00015393272 0.85297704 0.073517144
