cell phone 0.8642696 0.48823714 0.7748975 0.5649673 0.8632831
cake 0.6263916 0.6453553 0.49679983 0.8310656 0.562235
wine glass 0.5750652 0.3576079 0.30448258 0.37931898 0.3160845
couch 0.5716382 0.49908602 0.20916437 0.55989265 0.24587078
sink 0.5601301 0.37634405 0.28123024 0.67457914 0.355081
spoon 0.54134446 0.56300366 0.38118443 0.5810068 0.4050227
wine glass 0.525834 0.35814565 0.29053468 0.37701702 0.30167335
spoon 0.51841676 0.5259642 0.70158833 0.5486652 0.7292561
spoon 0.5144855 0.31664002 0.4668085 0.3325339 0.4847265
spoon 0.5092432 0.56446505 0.413037 0.5810956 0.42811042
cake 0.5073634 0.62706864 0.58786076 0.84687847 0.6594927
cake 0.4997579 0.6401233 0.32912433 0.8029672 0.39342463
sandwich 0.49847603 0.549154 0.4233903 0.56401414 0.4324555
spoon 0.4875397 0.39471883 0.42121327 0.40614468 0.43581742
sandwich 0.47633642 0.55441153 0.4149001 0.56363803 0.42310408
book 0.4737993 0.53659683 0.2078204 0.55806357 0.21915577
clock 0.46036458 0.5431987 0.59839076 0.587459 0.62095076
spoon 0.40734568 0.42930287 0.42103994 0.44280267 0.43592644
toaster 0.38208368 0.5567572 0.12712944 0.5772809 0.15682629
tennis racket 0.37049922 0.28473485 0.7469341 0.30922905 0.75503296
spoon 0.35747802 0.3480318 0.3184661 0.38527182 0.3473058
wine glass 0.35611904 0.4009639 0.18833761 0.4236075 0.20418225
toaster 0.34167022 0.558972 0.13404787 0.57358396 0.19577378
tennis racket 0.3319749 0.50895995 0.46730262 0.5398465 0.48350245
wine glass 0.324501 0.39786473 0.17692854 0.42170563 0.1885172
clock 0.31899077 0.5302025 0.21822692 0.5592367 0.23815195
banana 0.30605617 0.549154 0.4233903 0.56401414 0.4324555
