cake 0.88961005 0.5930369 0.11284343 0.69145256 0.1946921
cake 0.7014306 0.6016835 6.7055225e-05 0.7177079 0.08426639
spoon 0.5498884 0.14887433 0.94486994 0.2065555 0.99875766
cake 0.5042143 0.5815326 3.3389777e-05 0.60961676 0.03376794
wine glass 0.4920788 0.37343085 0.62514883 0.38848653 0.63490564
spoon 0.47310543 0.28372544 0.5876379 0.29666057 0.6092783
microwave 0.46588272 0.63714623 0.62791497 0.71488684 0.8983038
cake 0.44502968 0.5765453 0.096954465 0.62479526 0.13924132
spoon 0.4284771 0.2853718 0.5358058 0.31669134 0.5671718
cake 0.41632578 0.57456255 0.16930825 0.6241946 0.20246515
cake 0.40472063 0.77994394 0.037375424 0.9010908 0.13927351
cake 0.39338014 0.5742813 0.17024267 0.59309256 0.19422972
spoon 0.3906888 0.28470725 0.54726046 0.29738018 0.56647867
tennis racket 0.38967592 0.55392206 0.54810196 0.57220536 0.5578039
cake 0.38429704 0.5825665 0.13692786 0.59591335 0.17294492
spoon 0.34531254 0.28490725 0.95133054 0.31938905 0.9961779
spoon 0.33327234 0.30488694 0.5377561 0.32028043 0.5657004
microwave 0.3273115 0.6456092 0.47127596 0.79978675 0.5773726
