couch 0.9357488 0.46418265 0.71854836 0.66761637 0.8548022
couch 0.7532825 0.6167671 0.26933187 0.6809955 0.31906074
cake 0.73880404 0.65960354 0.07371555 0.92916626 0.1255492
wine glass 0.71649754 0.3839942 0.45638764 0.41781187 0.4697708
wine glass 0.63614476 0.38704368 0.44547087 0.41812173 0.45726007
tennis racket 0.6116046 0.5996203 0.24418958 0.67328846 0.2655994
sandwich 0.5998734 0.5523154 0.40310487 0.56349087 0.41046932
toaster 0.5997141 0.61410815 0.51888716 0.68307984 0.7104914
sandwich 0.5868907 0.54091096 0.3755265 0.55851614 0.386366
sandwich 0.5852935 0.5378685 0.39420125 0.5554659 0.40820643
couch 0.5799659 0.31874678 0.44213784 0.3583333 0.4588313
wine glass 0.56519854 0.38970348 0.43418384 0.41968578 0.4461946
tennis racket 0.5635754 0.59910583 0.22490811 0.67945355 0.24535474
fork 0.54839903 0.5592819 0.9504465 0.59742725 0.9609271
wine glass 0.5189605 0.38578615 0.4704371 0.41398385 0.48435527
clock 0.49619135 0.32359514 0.44212145 0.36091933 0.45812547
tennis racket 0.49303907 0.5750828 0.57780254 0.62142736 0.59167755
spoon 0.48890045 0.32295606 0.48330635 0.35116932 0.52031714
fork 0.47002113 0.54774255 0.9653613 0.5974006 0.9740446
sandwich 0.46263453 0.5520512 0.38178113 0.56905246 0.39336345
tennis racket 0.45138687 0.59343714 0.2566151 0.6669997 0.27198648
tennis racket 0.43474782 0.59408045 0.25671962 0.6394878 0.27232686
fork 0.4297301 0.53460246 0.95245665 0.5962725 0.9631831
sandwich 0.408025 0.55019313 0.3904467 0.56577605 0.40293077
spoon 0.40732238 0.45881677 0.45965752 0.47398388 0.48033884
microwave 0.40089586 0.62859297 0.43119097 0.72542435 0.508823
couch 0.3761162 0.60989285 0.073926955 0.6724388 0.15653235
spoon 0.3746509 0.4645683 0.4345361 0.47478494 0.45882535
spoon 0.3693955 0.38678417 0.49314675 0.41095713 0.51610494
cake 0.36046237 0.62614465 0.0004292652 0.8907055 0.059587546
spoon 0.35396403 0.4485758 0.4341512 0.46046656 0.46014377
cake 0.34352848 0.6109064 0.18598478 0.649381 0.22515507
banana 0.33892798 0.47232586 0.3806142 0.50514096 0.42189065
couch 0.33717483 0.63795 0.081545964 0.66972876 0.15643205
cake 0.33711895 0.69371057 0.0003491938 0.8821355 0.059586003
fork 0.33677644 0.5337077 0.95198125 0.57354 0.9604581
sandwich 0.3358661 0.5483124 0.41079193 0.5629342 0.4190557
cake 0.3348766 0.7154485 0.00031560473 0.88290733 0.059685037
spoon 0.32963932 0.45453238 0.48262882 0.4725112 0.5183314
couch 0.30704886 0.6079343 0.08575212 0.6422266 0.14468338
