couch 0.82964015 0.3378597 0.5446283 0.5412805 0.7462389
clock 0.6477082 0.4819947 0.6217116 0.53841156 0.70720947
banana 0.63500404 0.49155882 0.90706724 0.51788396 0.9474545
knife 0.5931957 0.47242376 0.0061471686 0.49078897 0.030893952
knife 0.5419124 0.4541721 0.056073885 0.4919093 0.08611913
toaster 0.5368171 0.53622717 0.31008598 0.5609123 0.63111645
spoon 0.5123172 0.4913822 0.83510363 0.5440973 0.98034555
banana 0.50058836 0.4750073 0.7848855 0.48902708 0.806606
knife 0.4753333 0.4552464 0.034503978 0.49100107 0.05286698
banana 0.43886796 0.49215847 0.85871446 0.5168895 0.89485776
banana 0.42810526 0.47604156 0.81975424 0.4915198 0.8433104
banana 0.42183673 0.47662753 0.8085422 0.48960185 0.8224675
knife 0.41095316 0.46664208 0.046113588 0.4911607 0.064248376
banana 0.40381116 0.47483888 0.7627553 0.48967013 0.78431374
banana 0.39256263 0.47071084 0.7799448 0.4790525 0.7936074
clock 0.3701141 0.51149166 0.21810028 0.5423882 0.28767264
spoon 0.32024994 0.51149166 0.21810028 0.5423882 0.28767264
