book 0.977243 0.2630032 0.853618 0.44862533 0.99208176
cake 0.8859153 0.6459134 0.2606514 0.91923386 0.3673125
cake 0.845349 0.6727743 0.37398612 0.96190524 0.48743206
cake 0.7236199 0.6037882 0.0876133 0.84358835 0.18061496
spoon 0.71934867 0.5145412 0.28593794 0.5576456 0.3834997
cake 0.67500556 0.46130362 0.24710153 0.51374006 0.27432144
spoon 0.65163267 0.48035213 0.65666354 0.49783713 0.6815344
clock 0.65089273 0.43733954 0.13669582 0.4923129 0.15650265
wine glass 0.58055943 0.15037 0.64442116 0.19212174 0.67001814
toaster 0.5377825 0.4874285 0.4919267 0.5036012 0.565705
cake 0.52860427 0.4506802 0.1550328 0.48215485 0.1850567
banana 0.5194149 0.49755186 0.32846326 0.51873606 0.34623033
sandwich 0.4828808 0.4717454 0.66286886 0.48245168 0.67545915
cake 0.46350992 0.47283262 0.17961952 0.52744806 0.22495428
wine glass 0.46275872 0.13825968 0.7833492 0.17976977 0.8092205
cake 0.46084663 0.5085073 0.045470554 0.7150675 0.1298588
couch 0.43268114 0.39361817 0.10995851 0.49286768 0.16093409
banana 0.42520258 0.5095721 0.30165055 0.52563804 0.31791654
microwave 0.4096525 0.51629424 0.3789729 0.55654716 0.49734533
cake 0.39923966 0.5638379 0.046069562 0.70834965 0.1297711
banana 0.37102312 0.49524018 0.34394592 0.51428086 0.36305457
wine glass 0.35976893 0.1504832 0.7067334 0.18642342 0.73649746
microwave 0.3457141 0.36384028 0.3050708 0.47292376 0.37633184
spoon 0.335002 0.45824435 0.45767984 0.4845932 0.48160884
clock 0.31701812 0.15037 0.64442116 0.19212174 0.67001814
cake 0.3140576 0.4662371 0.043952838 0.49744877 0.06651528
microwave 0.30972126 0.343271 0.30496305 0.46937627 0.37689745
couch 0.30375764 0.45824435 0.45767984 0.4845932 0.48160884
sandwich 0.30192566 0.49755186 0.32846326 0.51873606 0.34623033
