microwave 0.8200929 0.5532375 0.39726555 0.5962141 0.5841134
microwave 0.7738784 0.57250786 0.12296206 0.7406279 0.17691964
couch 0.63308823 0.441033 0.6232928 0.55982 0.69335675
clock 0.62945044 0.50680465 0.65228504 0.5618485 0.6694856
toaster 0.624668 0.604486 0.855596 0.6379462 0.99262124
clock 0.5674986 0.5027478 0.31523362 0.55967164 0.3350589
banana 0.5110012 0.7568278 0.4564631 0.8501493 0.5309152
sandwich 0.45706356 0.7568278 0.4564631 0.8501493 0.5309152
microwave 0.41815603 0.4046061 0.11767499 0.5875634 0.17649288
spoon 0.41698602 0.7568278 0.4564631 0.8501493 0.5309152
sink 0.4074282 0.26146293 0.0128063895 0.9739828 0.12288423
couch 0.40140358 0.44082412 0.28986636 0.55987465 0.36317894
microwave 0.36432758 0.44338635 0.12276558 0.58690876 0.17700498
sandwich 0.3456793 0.7946266 0.47517776 0.8214962 0.49821115
spoon 0.32291773 0.54134727 0.53678 0.5634611 0.5674521
