cake 0.925509 0.566751 0.42969444 0.92380947 0.56578857
cake 0.91923463 0.5547034 0.5545008 0.8416233 0.6371931
cake 0.90941334 0.5463172 0.6273495 0.7860512 0.68834543
book 0.74690425 0.5052187 0.42693266 0.53417 0.44560346
cake 0.61702245 0.50743383 0.6338413 0.5638121 0.6810225
tennis racket 0.57483447 0.50869095 0.2346781 0.53613585 0.24023049
cake 0.5531035 0.51601493 0.9280917 0.69628036 0.99978524
tennis racket 0.552539 0.50948215 0.26326057 0.5347604 0.2695243
tennis racket 0.5471842 0.50848114 0.25587362 0.5354636 0.26286024
couch 0.5209101 0.36266345 0.39705506 0.3893933 0.4183583
parking meter 0.5184762 0.5785216 0.6845192 0.7043285 0.9211401
tennis racket 0.5135289 0.5055149 0.22531983 0.53581625 0.23233825
tennis racket 0.5073764 0.5048508 0.24020289 0.53565013 0.24715208
tennis racket 0.48683822 0.5080584 0.24758546 0.5360159 0.25411582
tennis racket 0.4782038 0.5085256 0.21516296 0.5352158 0.22336453
spoon 0.46533215 0.3493779 0.27322245 0.36472243 0.290195
spoon 0.43393555 0.34941167 0.2913263 0.36908945 0.31101444
toaster 0.38401085 0.55769813 0.42414635 0.57081586 0.45442486
couch 0.3824572 0.5231382 0.7518885 0.5487418 0.829435
toaster 0.3691309 0.5435524 0.295269 0.55917954 0.36365986
