cake 0.930613 0.6428629 0.26467788 0.90639806 0.37072545
cake 0.92601717 0.64254665 0.5042959 0.8994407 0.60109884
cake 0.92221266 0.63638246 0.6182641 0.8949214 0.7234845
cake 0.89341027 0.6475265 0.38463047 0.90400267 0.47865596
couch 0.7454987 0.48007938 0.20593528 0.5234249 0.22959696
couch 0.6971072 0.48046577 0.17235067 0.5197218 0.1972433
tennis racket 0.6679039 0.4871369 0.9129146 0.51245683 0.9211964
couch 0.6661597 0.47776994 0.14225362 0.519715 0.16590877
couch 0.6578806 0.35581493 0.21848303 0.53851134 0.3087219
clock 0.64877594 0.48003694 0.63082 0.5221615 0.6476471
sink 0.64705163 0.32804754 0.93541676 0.80182564 1.0
tennis racket 0.64027905 0.48637334 0.90313447 0.5133667 0.91177905
wine glass 0.6354916 0.46821928 0.3051314 0.52546364 0.3453544
toaster 0.5828184 0.5139473 0.4304338 0.5338919 0.58150226
clock 0.48378822 0.47818318 0.28157827 0.5355818 0.3101314
sandwich 0.45511442 0.4955871 0.8131136 0.5090336 0.821885
clock 0.45498335 0.48825672 0.6530712 0.5218125 0.6705381
clock 0.4517091 0.4440376 0.24422145 0.5338425 0.2850678
tennis racket 0.44072843 0.4648912 0.39234385 0.5234608 0.41802463
tennis racket 0.43040487 0.48589712 0.89434904 0.5082848 0.90177137
clock 0.4195462 0.4648912 0.39234385 0.5234608 0.41802463
clock 0.38892564 0.47485754 0.36414117 0.5231774 0.38483012
tennis racket 0.358434 0.47485754 0.36414117 0.5231774 0.38483012
sink 0.3307909 0.5589108 0.16615924 0.8752126 0.20611337
microwave 0.30473864 0.5288854 0.90170354 0.731582 0.94444853
