cake 0.91793835 0.7242642 0.32017928 0.9799257 0.43350208
cake 0.8941062 0.7244043 0.57505834 0.982127 0.68467224
cake 0.8785312 0.7246182 0.45224985 0.980961 0.5534999
couch 0.8492703 0.4085079 0.5495233 0.596778 0.66520876
tennis racket 0.7649018 0.4783064 0.34605682 0.52789634 0.35430008
tennis racket 0.7338509 0.49144644 0.3183512 0.52817696 0.32578826
spoon 0.7112467 0.57113075 0.48944524 0.6119464 0.5781416
tennis racket 0.6916648 0.4908907 0.30748466 0.528654 0.314796
cell phone 0.66890585 0.42413834 0.8212396 0.5490901 0.86928797
spoon 0.6289246 0.49870646 0.21083054 0.5225856 0.24813083
sandwich 0.60998714 0.48839298 0.21406497 0.50496113 0.22955985
clock 0.5815747 0.5392331 0.58609587 0.5940492 0.62135714
spoon 0.57536405 0.50198007 0.20932737 0.5421121 0.2485159
tennis racket 0.5542731 0.48986408 0.33783618 0.5291929 0.3473291
microwave 0.54206973 0.5754517 0.8187253 0.71084833 0.87102824
sandwich 0.5315216 0.49194995 0.2302222 0.50263894 0.2444765
spoon 0.4540437 0.5215646 0.2347659 0.54164785 0.26077554
toaster 0.41240036 0.5597356 0.113845505 0.5789638 0.21799684
banana 0.32430747 0.56352425 0.5100895 0.5826091 0.52354467
sandwich 0.31100926 0.56352425 0.5100895 0.5826091 0.52354467
