cake 0.89921314 0.59018946 0.26860762 0.99663943 0.40621918
spoon 0.80982155 0.546769 0.44127044 0.595831 0.49241814
cake 0.80319524 0.56400365 0.21176736 0.90765494 0.29023197
couch 0.7247161 0.4675014 0.64129 0.54271334 0.6735963
cake 0.6702115 0.5402694 0.1656541 0.83740395 0.22918609
couch 0.6002524 0.26727223 0.86588347 0.34578252 0.9168328
cake 0.5766484 0.53442585 0.13014206 0.783828 0.17918473
spoon 0.57131463 0.41037953 0.78413403 0.4305036 0.82078373
clock 0.4564355 0.5385593 0.509254 0.6023878 0.5286758
sink 0.44532707 0.3827624 0.14586937 0.66583765 0.24087754
banana 0.44285926 0.53266174 0.4569088 0.54938036 0.47483972
sink 0.42783046 0.38375726 0.14542429 0.53415644 0.24153863
microwave 0.41076452 0.38681775 0.14563967 0.67073274 0.24085455
toaster 0.37211096 0.50086 0.33265045 0.5120709 0.40513018
toaster 0.36542106 0.5548846 0.93706137 0.57708853 0.99837154
toaster 0.328473 0.485981 0.42787224 0.5164672 0.4745254
spoon 0.32551864 0.5433686 0.35841584 0.5870322 0.41033787
wine glass 0.3231671 0.47103432 0.8008725 0.49895552 0.8250002
spoon 0.31935987 0.26428035 0.6889863 0.32799244 0.7348511
