cake 0.9194843 0.5004029 0.08042948 0.7396815 0.22899239
cake 0.8914899 0.4732016 0.21332446 0.6569474 0.27543578
couch 0.83890134 0.41094178 0.63767743 0.5880871 0.79684615
toaster 0.8346548 0.5546292 0.832007 0.60534483 0.9996119
spoon 0.7578666 0.55096775 0.64866936 0.61132175 0.72510624
cake 0.7433903 0.5368191 0.47818768 0.56995595 0.5461854
chair 0.74188817 0.43186697 0.28946543 0.5367126 0.38054693
couch 0.6955132 0.4315361 0.026935171 0.5384344 0.1396434
cake 0.69255304 0.5279236 0.58460873 0.55302185 0.6396081
cake 0.67830217 0.46599498 0.12275295 0.5131552 0.18428485
cake 0.59614587 0.43186697 0.28946543 0.5367126 0.38054693
bowl 0.5814406 0.5340299 0.65225035 0.5719474 0.71888775
clock 0.57627153 0.48180547 0.04616875 0.5434943 0.11551337
chair 0.5007017 0.4238756 0.5075697 0.50768656 0.6136372
bowl 0.46563262 0.5502571 0.6739418 0.57307845 0.7052614
cake 0.4451552 0.42237455 0.5065417 0.51670134 0.61413515
cake 0.41130024 0.45054922 0.5261875 0.5365856 0.60135955
clock 0.32541192 0.49598566 0.6820914 0.5405683 0.72719616
cake 0.32195833 0.51013577 0.0 0.73809934 0.07550326
