microwave 0.7996062 0.4981357 0.4716776 0.647364 0.72292656
couch 0.77791953 0.30756348 0.11728944 0.56385183 0.26941794
tennis racket 0.6832518 0.46349686 0.7348251 0.5000779 0.7494389
tennis racket 0.66103923 0.47230935 0.7465821 0.50130177 0.75964296
sandwich 0.65277565 0.52893466 0.8851444 0.54338926 0.91100794
sandwich 0.6123357 0.51468295 0.9215197 0.52565426 0.94539976
tennis racket 0.57759184 0.47090745 0.7572638 0.4999873 0.7673587
microwave 0.569538 0.55072314 0.68432283 0.67059 0.75040793
fork 0.54101574 0.477014 0.901194 0.4892717 0.910751
fork 0.51471233 0.45873907 0.9196102 0.47446647 0.9266134
sandwich 0.46798986 0.5146755 0.8933796 0.5312363 0.9179408
fork 0.46370444 0.45846042 0.9088601 0.4753534 0.91805536
fork 0.44184437 0.4649819 0.89923817 0.4773845 0.9077539
spoon 0.42606094 0.5362509 0.8506039 0.5547374 0.9785914
banana 0.4259018 0.50191873 0.7680779 0.5276024 0.82732797
fork 0.40138856 0.469413 0.9150442 0.48888645 0.9224529
spoon 0.39304644 0.46944338 0.53317374 0.50045097 0.58870363
banana 0.35683098 0.5036675 0.811263 0.51609623 0.8272961
couch 0.320482 0.48826706 0.067281045 0.5715798 0.19939835
sandwich 0.30332655 0.5244157 0.9433328 0.54139465 0.962649
