couch 0.9628616 0.25949413 0.67235136 0.5781552 0.8866141
cake 0.95113045 0.72811884 0.32955542 0.999985 0.5040166
cake 0.9113263 0.73154765 0.14421976 0.9973391 0.31483474
cake 0.85596204 0.7203188 0.51908803 0.9979033 0.6798363
couch 0.8223407 0.43292862 0.21439771 0.49929848 0.24847282
clock 0.7862975 0.43850258 0.72615486 0.57733977 0.81532294
couch 0.7635583 0.42625904 0.09684499 0.5008363 0.13324574
cake 0.730187 0.71440053 0.6903429 1.0 0.85864174
spoon 0.6713306 0.53668326 0.67868525 0.57946557 0.7260993
toaster 0.598726 0.5355444 0.39614728 0.56973135 0.61493295
sandwich 0.45243567 0.5299114 0.68735904 0.54549617 0.7230404
sandwich 0.3059394 0.5325267 0.7032688 0.54644585 0.7220809
wine glass 0.30016088 0.43489403 0.37340632 0.49790215 0.4093819
