cake 0.9409729 0.7023648 0.271437 0.95828545 0.4909894
sandwich 0.68648356 0.50758827 0.20299602 0.5193285 0.21787602
sandwich 0.6707134 0.5109421 0.23133387 0.5223367 0.24768445
sandwich 0.6554268 0.50674903 0.2173988 0.52077794 0.23307703
microwave 0.6251279 0.48325 0.6511708 0.614939 0.84808594
sandwich 0.6092932 0.508064 0.24657105 0.521643 0.26262394
fork 0.59158015 0.45000222 0.50888646 0.46140805 0.5174175
cake 0.5857453 0.6815931 0.5722854 0.9090815 0.6716627
fork 0.56953514 0.4623484 0.5084779 0.47135347 0.5213532
sandwich 0.49896705 0.48842207 0.8879326 0.49781254 0.89956564
sandwich 0.479871 0.4888332 0.9002159 0.49826366 0.91304713
sandwich 0.47626096 0.5043468 0.23622051 0.51360375 0.25277567
sandwich 0.47027197 0.5201613 0.63486904 0.5333512 0.65311474
sandwich 0.43233374 0.5174483 0.60859233 0.5328728 0.6387606
banana 0.3939932 0.487487 0.91274464 0.4979901 0.92589235
toaster 0.37797406 0.49822918 0.36808714 0.51334715 0.48270544
knife 0.37490577 0.4476647 0.62535447 0.46472362 0.6397197
sandwich 0.363643 0.5225528 0.6026936 0.5360163 0.61945766
knife 0.3085996 0.43755573 0.6426974 0.4653306 0.65002567
sandwich 0.30539256 0.48793808 0.87722015 0.49713358 0.88821745
knife 0.30376652 0.4435286 0.6494254 0.46624064 0.6603689
