clock 0.6386447 0.28493047 0.1264266 0.3427832 0.15709205
wine glass 0.6118874 0.594427 0.7017287 0.625589 0.74715304
tennis racket 0.5708201 0.5433405 0.6294769 0.5703755 0.67036134
tennis racket 0.55534405 0.5434358 0.7026705 0.57056797 0.7463287
cake 0.53945243 0.8168272 0.67522967 1.0 1.0
tennis racket 0.5260035 0.5438154 0.5448045 0.5702791 0.59364575
tennis racket 0.5092363 0.5436762 0.47451282 0.5704867 0.5180303
wine glass 0.49807104 0.28493047 0.1264266 0.3427832 0.15709205
banana 0.49424016 0.5935523 0.0706668 0.6062154 0.09763281
sandwich 0.4915597 0.5935523 0.0706668 0.6062154 0.09763281
wine glass 0.4826527 0.3554903 0.72628176 0.39173034 0.76859933
tennis racket 0.45911592 0.5935686 0.5554547 0.6235184 0.5943549
tennis racket 0.43240142 0.59431016 0.62648994 0.6251724 0.6699132
wine glass 0.43207052 0.59324795 0.47689918 0.6236915 0.52097666
wine glass 0.40709826 0.5935198 0.6268421 0.62456965 0.6699547
spoon 0.39160973 0.60306036 0.0 0.64223504 0.15659109
tennis racket 0.37385386 0.59324795 0.47689918 0.6236915 0.52097666
wine glass 0.36520657 0.5923887 0.40751877 0.6237888 0.4452765
wine glass 0.36420196 0.32280952 0.84045255 0.3706017 0.8700178
wine glass 0.35941696 0.54405963 0.40671438 0.5706465 0.44530612
spoon 0.35910186 0.603346 0.0 0.64137363 0.06353289
wine glass 0.3550222 0.32032868 0.8791659 0.3708361 0.9105425
wine glass 0.3524158 0.5946767 0.81852347 0.64961106 0.9009969
wine glass 0.34690905 0.35373488 0.40301204 0.4001616 0.46038517
sandwich 0.34496176 0.6018187 0.054067567 0.61085594 0.07744652
wine glass 0.33723903 0.3590934 0.60853595 0.39403787 0.65742385
clock 0.3368842 0.3590934 0.60853595 0.39403787 0.65742385
tennis racket 0.33637464 0.594427 0.7017287 0.625589 0.74715304
wine glass 0.3335673 0.32628402 0.85346466 0.37051472 0.88088596
sandwich 0.32861474 0.59933585 0.015509502 0.6093771 0.047219373
spoon 0.32599965 0.5979524 0.0012878117 0.60682553 0.015164674
wine glass 0.31996182 0.6140394 0.930848 0.6497296 0.9944251
tennis racket 0.30796134 0.54405963 0.40671438 0.5706465 0.44530612
wine glass 0.30572894 0.5892658 0.89583284 0.6487204 0.98687303
