couch 0.7741599 0.48102516 0.71182716 0.59231156 0.81441784
clock 0.729043 0.5562783 0.36432537 0.5967333 0.39188692
couch 0.6315378 0.51523095 0.35814318 0.5970662 0.4112484
clock 0.6309565 0.5415219 0.74818057 0.5928378 0.78516763
fork 0.6235473 0.5160277 0.29188502 0.54324365 0.3023759
spoon 0.6224858 0.5792188 0.712387 0.6019575 0.75053865
spoon 0.56975925 0.56339496 0.94440126 0.5828299 1.0
bowl 0.5610432 0.54649174 0.95242584 0.5668316 0.97002524
fork 0.5527497 0.5158416 0.24686022 0.5415027 0.26096392
microwave 0.54365075 0.10038763 0.045882225 0.9583438 0.21812613
fork 0.51265407 0.49563763 0.26363796 0.51498383 0.2739219
spoon 0.48705694 0.54317355 0.5785602 0.5926366 0.687236
fork 0.4472022 0.5172503 0.26820567 0.56417525 0.2804999
fork 0.44177717 0.5165316 0.26866898 0.54158795 0.27801433
fork 0.43002683 0.5162989 0.27687237 0.5423784 0.28652164
microwave 0.42800528 0.55850047 0.042377654 0.9537657 0.21495095
fork 0.41125602 0.5048599 0.2556568 0.5400981 0.26797995
tennis racket 0.4005875 0.4896154 0.9856369 0.5523859 1.0
toaster 0.39794096 0.61912274 0.966131 0.6332524 1.0
fork 0.39194927 0.51741105 0.2488889 0.56413394 0.2668307
sandwich 0.38570783 0.5557582 0.9847748 0.5671852 0.9978835
fork 0.34898302 0.50210327 0.28306362 0.5423865 0.2956358
sandwich 0.34106955 0.5551164 0.964215 0.5659261 0.9814826
tennis racket 0.32253385 0.47747052 0.9415394 0.5649134 0.98662007
fork 0.30913803 0.4968852 0.28502774 0.5167613 0.29581165
