cell phone 0.8643749 0.37795454 0.7483707 0.533633 0.920559
microwave 0.8490111 0.5601923 0.74601275 0.80191654 0.92313975
spoon 0.7401039 0.6007751 0.16212375 0.637436 0.20984541
couch 0.68031263 0.5538232 0.6538017 0.6364826 0.68756735
banana 0.6147631 0.59593624 0.18132538 0.6066871 0.19158068
banana 0.4967884 0.58669007 0.19201481 0.60418093 0.20766762
tennis racket 0.45594934 0.5710981 0.3439606 0.63034964 0.35504535
spoon 0.45507106 0.8624147 0.6803297 0.9201515 0.73133767
banana 0.4487483 0.5840423 0.17590529 0.5979163 0.1934047
microwave 0.44414982 0.6008557 0.36443275 0.96175265 0.6018155
tennis racket 0.39055192 0.57148325 0.3629646 0.63075155 0.37453696
bowl 0.3835021 0.59364825 0.16295838 0.60649294 0.17884529
banana 0.31401005 0.59364825 0.16295838 0.60649294 0.17884529
