cake 0.89530903 0.66812134 0.054915812 0.96853316 0.24149074
couch 0.8207673 0.409993 0.68139017 0.50754684 0.71566564
microwave 0.8016318 0.5052662 0.59157544 0.7415215 0.73935616
spoon 0.5175067 0.45804527 0.5070999 0.46943304 0.52668774
toaster 0.47435308 0.5182472 0.30848348 0.54037637 0.42337263
toaster 0.4468681 0.48985216 0.31719738 0.52170277 0.44559485
cake 0.35391727 0.657342 0.0 0.9479756 0.09027195
tennis racket 0.34715956 0.45532498 0.59673625 0.4801444 0.6092796
toaster 0.3288802 0.48625013 0.30130535 0.54784214 0.4456063
tennis racket 0.3217201 0.45843902 0.6122379 0.476554 0.62301785
cake 0.30300492 0.51111645 0.00017058331 0.55639976 0.014609772
