cake 0.92034686 0.5725339 0.27184042 0.83862907 0.44688106
cake 0.87828106 0.5648539 0.15986416 0.77628636 0.23631077
cake 0.8638569 0.570328 0.21241751 0.80234635 0.30135688
cake 0.78901774 0.56355023 0.12428154 0.75250936 0.1732482
microwave 0.67425084 0.5763295 0.621911 0.72493964 0.81277084
wine glass 0.40719855 0.5550771 0.21548472 0.5716933 0.2491508
toaster 0.40206268 0.56931335 0.3464739 0.58296853 0.49075624
microwave 0.38864547 0.59247065 0.7440173 0.7242739 0.8086509
wine glass 0.38467726 0.56265 0.26699823 0.57384413 0.27947137
tennis racket 0.36167452 0.54789966 0.41730973 0.5800163 0.42810437
wine glass 0.35770676 0.552938 0.32847238 0.561252 0.34152347
tennis racket 0.34858063 0.5436373 0.28154045 0.5714034 0.30424348
wine glass 0.32457113 0.55967 0.2517251 0.5701755 0.26977456
wine glass 0.30701673 0.5375165 0.6645209 0.56521 0.7096319
