cake 0.77191997 0.5562672 0.92795205 0.7219233 1.0
tennis racket 0.6886215 0.42865542 0.37559944 0.49673298 0.40038544
tennis racket 0.6791791 0.42664936 0.40589666 0.49676922 0.43223184
tennis racket 0.5643861 0.5232072 0.23966616 0.58988774 0.28415373
tennis racket 0.5279359 0.43146718 0.4381335 0.49709666 0.45429182
tennis racket 0.49609363 0.4798173 0.81816787 0.50610924 0.84056807
tennis racket 0.43619412 0.67912275 0.5460088 0.71617216 0.57094383
tennis racket 0.41256276 0.4265826 0.39625126 0.49657843 0.4137923
tennis racket 0.4015384 0.48005262 0.80050635 0.5059606 0.819651
microwave 0.38105795 0.38342106 0.0 1.0 0.09986302
sink 0.37659112 0.418015 0.31747317 0.87463236 0.6837386
tennis racket 0.36958602 0.4522254 0.33613896 0.49629527 0.35845232
tennis racket 0.3662631 0.43530974 0.3567467 0.4961665 0.37816763
spoon 0.36528036 0.20610523 0.19576819 0.22759223 0.2781753
tennis racket 0.35122144 0.67360944 0.5068494 0.72228485 0.5428212
tennis racket 0.3501835 0.5304716 0.41100448 0.5839674 0.44155845
tennis racket 0.34969404 0.4807074 0.78420335 0.50539273 0.80217826
tennis racket 0.33685905 0.74892414 0.53441936 0.80034673 0.5707448
tennis racket 0.31421593 0.74277127 0.48383775 0.7931497 0.5312164
