cake 0.971219 0.7572859 0.49363452 0.9962131 0.6198744
cake 0.76990086 0.58163846 0.14911833 0.7369815 0.19711143
cake 0.7454069 0.7049508 0.3248046 0.9997181 0.5001384
clock 0.6757642 0.6129994 0.41121224 0.64628273 0.42937818
clock 0.66831154 0.64952195 0.62608516 0.6936268 0.6533699
cake 0.6454435 0.5833252 0.21779613 0.70991313 0.27764237
cake 0.50839025 0.66396874 0.22473213 0.85456127 0.30238935
cake 0.47711742 0.5704792 0.32354027 0.61885893 0.36138338
cake 0.47601193 0.6633071 0.22477652 0.8538532 0.32664186
microwave 0.44556114 0.44233182 0.42615396 0.629846 0.5148944
couch 0.44327673 0.56580734 0.5882412 0.6914188 0.6729653
clock 0.4269674 0.6085274 0.373208 0.63633007 0.38927418
cake 0.4098337 0.5750487 0.28256506 0.6213699 0.3246197
spoon 0.3322418 0.6203754 0.43076175 0.6487048 0.4723698
couch 0.3028059 0.58691525 0.40404987 0.64622086 0.4353125
