microwave 0.9450138 0.57725495 0.026473075 0.8358935 0.19549197
cake 0.9431339 0.7524103 0.57181096 0.9970333 0.6738492
cake 0.86155874 0.75444674 0.42537746 0.99798524 0.5260737
cake 0.81591433 0.7519744 0.28140137 0.99773556 0.39648053
sink 0.80356437 0.3705521 0.6374208 0.6057125 0.7556255
sandwich 0.80312157 0.6052676 0.72098863 0.63823676 0.7429546
cake 0.7428839 0.75294346 0.70121473 0.9978733 0.826472
bowl 0.6376192 0.5319493 0.50958735 0.5656164 0.55124766
clock 0.6267384 0.49771512 0.37506664 0.54117715 0.38711756
couch 0.50767446 0.5169761 0.70513976 0.6231918 0.73391855
microwave 0.47860995 0.5974404 0.8939739 0.8143979 0.9987294
cake 0.47675633 0.71361077 0.7849466 0.8846104 0.8432968
clock 0.41733927 0.4960747 0.3774588 0.5784826 0.38981938
spoon 0.39844766 0.5857931 0.72335005 0.6172933 0.7626866
toaster 0.37463948 0.58367556 0.36549884 0.6044805 0.50493044
cell phone 0.3574823 0.30086195 0.058592625 0.44386804 0.20213267
tennis racket 0.34860483 0.52944565 0.38040015 0.5792234 0.39024374
book 0.32146284 0.5304179 0.3270002 0.57606 0.3536361
