cake 0.7726077 0.63560927 0.7457553 0.81280327 0.86436963
cake 0.74246305 0.75666845 0.4945302 0.9988295 0.6300825
cake 0.7028218 0.6670828 0.6758775 0.87612545 0.8108955
cake 0.66617733 0.55304176 0.2702818 0.59926635 0.30612007
clock 0.6230705 0.49980694 0.48679808 0.61145777 0.5307303
microwave 0.6171845 0.53682595 0.6119836 0.56114477 0.7962095
tennis racket 0.60904735 0.500559 0.9267661 0.5522989 0.9413462
tennis racket 0.5746688 0.4994503 0.939806 0.5516396 0.95472455
tennis racket 0.5567767 0.5022954 0.9529476 0.54973674 0.9692394
toaster 0.52320486 0.6161437 0.014926986 0.6614883 0.19185546
clock 0.49034274 0.48748535 0.5267129 0.59580904 0.5555771
toaster 0.41658193 0.54855454 0.24473311 0.56346714 0.36009705
couch 0.37216234 0.50685763 0.22235602 0.5513636 0.26786095
couch 0.3498206 0.36667377 0.4710431 0.5978234 0.5828208
couch 0.34574917 0.50305307 0.22207433 0.5544865 0.30193368
cake 0.30439895 0.7064013 0.5761722 0.8914333 0.7352121
