cake 0.95430076 0.5585399 0.716228 0.979454 0.9212605
cake 0.9239724 0.55938995 0.48820138 0.9453189 0.6561285
cake 0.91203004 0.55654705 0.23862168 0.93786275 0.38931468
clock 0.7315555 0.4531267 0.7526076 0.5271387 0.7836225
spoon 0.68034256 0.5453294 0.44867656 0.5706869 0.57697874
tennis racket 0.66308266 0.45003158 0.2819088 0.49844688 0.2913041
cell phone 0.66228515 0.26396367 0.57112837 0.32208234 0.69098866
tennis racket 0.64730656 0.44154885 0.27001253 0.49535382 0.28204158
couch 0.58522916 0.37449846 0.73451304 0.5267724 0.7996305
tennis racket 0.5751897 0.47632986 0.19786583 0.5306927 0.21429868
banana 0.54375833 0.53514266 0.51485056 0.548549 0.5284633
spoon 0.53093773 0.29086444 0.3824322 0.30935425 0.41966996
sink 0.49167985 0.3208275 0.9036111 0.75194293 0.99987644
couch 0.4732784 0.42355564 0.18387559 0.52359253 0.22855362
banana 0.46378377 0.5360287 0.49851796 0.55051553 0.51249677
clock 0.4570766 0.48159668 0.7833925 0.52688074 0.82195073
tennis racket 0.44642815 0.44888633 0.25568497 0.4994406 0.2684397
fork 0.44438413 0.40751284 0.46333456 0.47516447 0.47007215
fork 0.42771778 0.4089936 0.48011005 0.47698322 0.4865039
fork 0.4258199 0.40884805 0.4717613 0.4772058 0.47757185
banana 0.41440123 0.53458834 0.48783982 0.5509864 0.5054882
toaster 0.3940393 0.5216236 0.5630329 0.5626956 0.69089216
fork 0.38438752 0.5137694 0.6802644 0.54186344 0.68940073
spoon 0.38312417 0.503295 0.5416981 0.5233909 0.5669795
microwave 0.3761939 0.51136816 0.2991386 0.52826023 0.43289322
wine glass 0.37380102 0.48159668 0.7833925 0.52688074 0.82195073
banana 0.3682808 0.5262806 0.5153095 0.53752303 0.5206736
sandwich 0.3651943 0.534096 0.4692058 0.55016166 0.4886906
tennis racket 0.3531973 0.4488469 0.25882325 0.46356726 0.2661189
banana 0.33425596 0.5176702 0.48134112 0.54110694 0.49989843
tennis racket 0.32131612 0.47519717 0.2770595 0.49860772 0.28686088
banana 0.31282333 0.51772475 0.517473 0.5375341 0.5343336
bowl 0.3048513 0.52088475 0.54051304 0.5391082 0.5581678
