microwave 0.89560884 0.56889325 0.49929625 0.8558475 0.64613396
cake 0.8534831 0.7344594 0.811117 1.0 0.99929076
spoon 0.8384505 0.39278924 0.23726165 0.43257862 0.29545802
spoon 0.7953172 0.3938741 0.6802856 0.434849 0.73164773
wine glass 0.78492016 0.4015058 0.6579891 0.43628126 0.68052644
wine glass 0.56516486 0.40246725 0.63061386 0.4352705 0.65506727
knife 0.56268626 0.51069564 0.46011382 0.5381935 0.47206235
knife 0.5502399 0.4973141 0.42935666 0.53903383 0.44232807
knife 0.5500726 0.50079346 0.44929135 0.5398193 0.4605999
spoon 0.5473321 0.40743464 0.4027962 0.4332165 0.43883044
spoon 0.5338981 0.41786233 0.3000963 0.43384987 0.3363584
knife 0.5296131 0.49790755 0.47689742 0.5380753 0.4895317
tennis racket 0.5277038 0.53512865 0.6915663 0.569396 0.7021422
cake 0.4988729 0.8381983 0.6263225 0.9971589 0.7825426
tennis racket 0.4946658 0.49923816 0.70365787 0.5652077 0.71568656
knife 0.4831278 0.4916706 0.4666666 0.53729534 0.4803907
spoon 0.4831131 0.40706992 0.29841518 0.42193317 0.33774984
wine glass 0.45385033 0.089357644 0.010349369 0.12652948 0.04216619
toaster 0.4462846 0.6019692 0.082684346 0.70430726 0.31200635
wine glass 0.44621718 0.5358245 0.31652278 0.5851572 0.3420977
wine glass 0.43233454 0.34772125 0.11534722 0.4169207 0.13013874
wine glass 0.42874375 0.33904204 0.029003162 0.40449724 0.05224369
wine glass 0.41898894 0.34134606 0.08614181 0.41226727 0.11238335
wine glass 0.41105518 0.32395744 0.0049563562 0.40534782 0.029485427
spoon 0.37555343 0.40217167 0.4443595 0.4337449 0.49568775
wine glass 0.37266684 0.34043756 0.05353063 0.4045738 0.0755865
wine glass 0.36043534 0.32371864 0.0005682763 0.4050658 0.017916411
wine glass 0.34461248 0.3811768 0.34483796 0.4328163 0.37181062
wine glass 0.33894417 0.5341235 0.28483286 0.5869674 0.31545416
sink 0.33617368 0.36312577 0.9424283 0.638254 1.0
wine glass 0.32065815 0.123063706 0.008385139 0.13933003 0.04324259
spoon 0.30240315 0.123063706 0.008385139 0.13933003 0.04324259
wine glass 0.30193722 0.3419075 0.07276159 0.4030862 0.08724766
