microwave 0.7971086 0.61468685 0.82320654 0.82240194 1.0
wine glass 0.7332788 0.38834816 0.72255754 0.4335125 0.7481197
spoon 0.7020263 0.3808 0.59093434 0.43283296 0.6326886
tennis racket 0.6886953 0.43119368 0.2505406 0.5019161 0.27654868
sink 0.61500394 0.18819526 0.023886636 0.9838421 0.3318118
wine glass 0.59259427 0.38433754 0.74831665 0.4337932 0.7841966
clock 0.58782417 0.57005084 0.61828977 0.6569433 0.6891667
spoon 0.5840655 0.6044023 0.6953576 0.62122697 0.77811366
tennis racket 0.5754765 0.4477825 0.2124265 0.5017727 0.23120911
wine glass 0.55075437 0.38437575 0.7799293 0.43401638 0.8095684
couch 0.54720026 0.5021162 0.5973286 0.6580194 0.7109752
tennis racket 0.5206124 0.4308885 0.27468035 0.5021102 0.2939501
tennis racket 0.50312704 0.28379196 0.30324966 0.40366414 0.31873018
tennis racket 0.49236295 0.28728366 0.27848908 0.4021351 0.30404183
tennis racket 0.47953746 0.44321895 0.23386368 0.501327 0.25242287
spoon 0.4011827 0.63848394 0.6988544 0.65892816 0.77536327
tennis racket 0.39654973 0.27817872 0.18829705 0.30533138 0.21421291
tennis racket 0.3947773 0.31807008 0.27847522 0.4035463 0.30378878
spoon 0.38218167 0.5767965 0.9186009 0.65076774 1.0
spoon 0.35515302 0.6222104 0.69650906 0.6427818 0.7779855
spoon 0.34573206 0.39586657 0.6369204 0.4076977 0.6937446
clock 0.33901885 0.3808 0.59093434 0.43283296 0.6326886
spoon 0.33616528 0.42319787 0.63592 0.4338311 0.6944559
tennis racket 0.33189502 0.86784613 0.27995235 0.9472321 0.31535375
spoon 0.32752678 0.4059968 0.63735604 0.42096925 0.69339955
tennis racket 0.32660958 0.6613291 0.21804865 0.7022787 0.2339065
tennis racket 0.31467953 0.36029622 0.14346483 0.38172695 0.15756631
