cake 0.90240294 0.6175119 0.3711749 0.74727786 0.42061713
cake 0.8811582 0.64330953 0.4422033 0.8033996 0.505772
cake 0.85229737 0.6303629 0.40285796 0.7701942 0.45964372
cake 0.84164566 0.65463054 0.48954535 0.8355586 0.569196
cake 0.7503051 0.5315103 0.2782145 0.6327013 0.3283174
couch 0.70888126 0.466236 0.42792454 0.57082266 0.4646245
cake 0.6899854 0.52381915 0.36130774 0.5615437 0.38588464
cake 0.6760837 0.52351207 0.30707604 0.5491109 0.3299585
cake 0.53596604 0.5282698 0.33034077 0.63953054 0.3618749
cake 0.40563765 0.52451 0.3905699 0.56020105 0.4028577
bowl 0.37870777 0.543362 0.40448302 0.5667801 0.4332232
cake 0.33600864 0.52930427 0.50710887 0.55468357 0.57451504
spoon 0.32270622 0.41457465 0.76953655 0.43182668 0.78257686
