tennis racket 0.90403414 0.6248745 0.31506583 0.8309697 0.39352083
tennis racket 0.8762129 0.38252062 0.42942634 0.56609297 0.52307427
tennis racket 0.8744364 0.34942102 0.52315015 0.5698399 0.60863465
tennis racket 0.84757143 0.6384495 0.62705576 0.8647978 0.7236813
tennis racket 0.81195927 0.6847058 0.5253806 0.8444813 0.6146721
tennis racket 0.8067594 0.34429795 0.3192744 0.55697554 0.4030444
tennis racket 0.8033023 0.6232039 0.216479 0.81740797 0.30124342
tennis racket 0.6800967 0.647435 0.4358088 0.8395303 0.52072954
tennis racket 0.64240575 0.64959025 0.59009 0.83001506 0.63484424
tennis racket 0.57666886 0.64816207 0.3854756 0.81066626 0.45075268
tennis racket 0.55248934 0.6242953 0.19449668 0.78522104 0.24589315
tennis racket 0.53121805 0.35599995 0.21427062 0.5539347 0.31834087
tennis racket 0.5179764 0.3874041 0.17422763 0.5365565 0.23236133
sink 0.49582228 0.3000386 0.0042361794 0.9225484 0.8098159
tennis racket 0.47692126 0.33976027 0.40270925 0.56110394 0.46847486
couch 0.3784728 0.0 0.23437205 0.19284661 0.45138484
couch 0.37618014 0.0 0.24442655 0.13054709 0.4526515
tennis racket 0.3357514 0.66511214 0.29790196 0.8065065 0.33836997
tennis racket 0.32905468 0.6649065 0.50008476 0.81558454 0.54518753
tennis racket 0.31907097 0.25826162 0.0044276402 0.93309826 0.79791623
