sink 0.8666535 0.22190587 0.18393101 0.7194957 0.31976926
cell phone 0.8452917 0.43545616 0.3155937 0.55739146 0.3833426
cake 0.6588609 0.6940488 0.0 0.9996041 0.22989039
banana 0.65298295 0.6912882 0.08218774 0.7079972 0.10969475
clock 0.60916835 0.5210487 0.5958916 0.5679752 0.6174855
microwave 0.5671451 0.36966342 0.38293862 0.53403014 0.44014263
banana 0.5344061 0.65934336 0.05706892 0.70391035 0.104149945
cake 0.47939846 0.68151575 0.5035291 0.95389444 0.6326778
cell phone 0.44898155 0.37228176 0.3845578 0.4110726 0.44043103
cake 0.44701204 0.5336716 0.5405216 0.56858116 0.5889478
banana 0.40375525 0.6761142 0.108646184 0.7071366 0.14250657
banana 0.35105947 0.6577001 0.09211736 0.694987 0.120530434
banana 0.34244287 0.65796286 0.03154985 0.71382666 0.15954146
couch 0.33418927 0.45800814 0.5610665 0.5720334 0.6481384
spoon 0.31957918 0.6859418 0.0 0.79441804 0.16320723
