cake 0.95485324 0.57249016 0.3251351 0.9568239 0.5074278
cake 0.8488448 0.53390276 0.13920511 0.8154698 0.23825945
spoon 0.8239519 0.6400965 0.53694224 0.68741584 0.59307873
spoon 0.8058032 0.7960351 0.5373455 0.88474786 0.6205034
microwave 0.7923982 0.3467833 0.046710227 0.48201293 0.16121848
sink 0.7548552 0.28011772 0.15968633 0.5106595 0.29665244
cake 0.7522797 0.5514406 0.2183004 0.88131875 0.36358428
spoon 0.70906216 0.28863302 0.87684155 0.317191 0.92494714
clock 0.6858971 0.20900106 0.902466 0.2536427 0.9320387
clock 0.640385 0.47966555 0.44336906 0.5427142 0.48412707
clock 0.63845813 0.22698316 0.87071747 0.2574797 0.89723045
spoon 0.5727094 0.2358347 0.9806675 0.24702668 1.0
microwave 0.5283134 0.47857806 0.04817211 0.58188844 0.15923408
spoon 0.52411914 0.49221006 0.3662268 0.5229493 0.3972115
banana 0.5068727 0.491743 0.39183596 0.5096817 0.4246703
sink 0.49888426 0.33184084 0.16168307 0.5076137 0.29542285
couch 0.4902904 0.40706587 0.4044196 0.52852255 0.52083766
couch 0.4789595 0.43008974 0.76100653 0.46030548 0.80347806
toaster 0.4772078 0.4975085 0.2796562 0.5167347 0.36362097
toaster 0.47574186 0.4845214 0.6442062 0.50521666 0.76633054
spoon 0.44347444 0.50559837 0.38485932 0.53528285 0.4299943
wine glass 0.44112372 0.33069277 0.9829369 0.35152552 0.9983867
spoon 0.42714375 0.33340412 0.9064392 0.35189104 0.9384905
cake 0.4196618 0.4922877 0.5368439 0.5312034 0.6160339
spoon 0.4192444 0.33287495 0.8634085 0.35280666 0.8961703
spoon 0.40481296 0.36494845 0.9067482 0.3778096 0.9228413
spoon 0.40455148 0.28911126 0.9740261 0.30275574 0.9889755
cake 0.40323752 0.5572577 0.18660855 0.6262834 0.22579917
banana 0.3740423 0.50174624 0.41386753 0.5081493 0.42752838
banana 0.36590782 0.50102895 0.38821644 0.51114875 0.4056334
wine glass 0.35022783 0.33248475 0.9960931 0.3506571 1.0
wine glass 0.34294698 0.2358347 0.9806675 0.24702668 1.0
banana 0.31813627 0.4924468 0.38653696 0.53113854 0.42848378
