microwave 0.8731508 0.4989428 0.6273347 0.561452 0.8869214
spoon 0.7629703 0.66724235 0.22891888 0.73241395 0.3394973
spoon 0.60654753 0.2704634 0.17272434 0.2939167 0.22663735
spoon 0.5727716 0.54305124 0.4955691 0.577104 0.64482814
toaster 0.5530822 0.5072584 0.3551897 0.5227711 0.51989484
broccoli 0.5358652 0.55922747 0.35286584 0.5700556 0.38743398
spoon 0.48212287 0.29492977 0.29387686 0.3123249 0.3183227
wine glass 0.43772623 0.50046545 0.10361646 0.5289238 0.1384733
banana 0.40945548 0.5536718 0.44025028 0.5663238 0.4694343
clock 0.3625481 0.2604369 0.92187864 0.300335 0.95681345
banana 0.3372609 0.6664765 0.23497503 0.7048346 0.33385068
microwave 0.33225992 0.52059215 0.81228554 0.70194644 1.0
broccoli 0.30221796 0.54506147 0.53489935 0.55438924 0.60731477
