cake 0.92052126 0.76452786 0.2581138 1.0 0.37708205
cake 0.91919273 0.82353026 0.3772905 1.0 0.5103988
cake 0.90055573 0.7550031 0.6600476 0.99925876 0.7721382
cake 0.863424 0.8144361 0.6242243 1.0 0.7373171
spoon 0.7509628 0.5800082 0.56834257 0.6261565 0.6409507
cake 0.74849325 0.7096869 0.7037257 0.9400393 0.8007531
sandwich 0.7150312 0.56740195 0.5814383 0.58764803 0.6028105
clock 0.6992284 0.4810932 0.56967264 0.5105471 0.5825586
sandwich 0.68360543 0.5518516 0.60151577 0.5783763 0.6204345
sandwich 0.6740962 0.5489232 0.583529 0.57202643 0.6020764
sandwich 0.64439803 0.5694934 0.6181675 0.58446574 0.63315487
sandwich 0.6144756 0.5753816 0.6015391 0.5880169 0.6185382
sandwich 0.6056642 0.5710683 0.5747675 0.58532697 0.5851939
sandwich 0.52410406 0.5550099 0.5741938 0.57532775 0.58501035
spoon 0.50493526 0.40529382 0.37342057 0.4245864 0.39325222
couch 0.45320642 0.44679642 0.5568137 0.512216 0.59698844
spoon 0.45248488 0.58055633 0.640248 0.5963672 0.666051
fork 0.38026127 0.4660567 0.806481 0.49054667 0.81321466
sandwich 0.37381512 0.5739574 0.6307233 0.5828297 0.6389603
clock 0.36017838 0.31156054 0.8752347 0.3389642 0.89674795
microwave 0.35946926 0.5072417 0.64202565 0.5804655 0.7902985
sink 0.34781224 0.22722185 0.06317066 0.84820145 0.28480703
cake 0.34224236 0.66949594 0.73678 0.7239682 0.8200019
cake 0.32913205 0.67229974 0.73732775 0.8722147 0.82067126
toaster 0.31690454 0.5681039 0.4281808 0.6104684 0.5443635
