cake 0.93880737 0.70324534 0.5617908 0.9992936 0.77887535
clock 0.9371206 0.50404996 0.56770056 0.6318615 0.62937933
cake 0.87063044 0.7040637 0.34455764 0.9970083 0.5424755
fork 0.6787358 0.50479436 0.18338245 0.53108776 0.18881646
microwave 0.6532856 0.6207858 0.07408198 0.94306254 0.20315981
spoon 0.65054244 0.43170804 0.17357168 0.45014805 0.20627812
knife 0.63699955 0.48961312 0.09383785 0.54324 0.113511585
fork 0.636513 0.5041463 0.19022676 0.531016 0.19707736
knife 0.6322556 0.5016605 0.090604484 0.5428981 0.10007319
wine glass 0.62153226 0.35261947 0.73467296 0.3785903 0.7467682
wine glass 0.6063448 0.35335636 0.7189575 0.3794863 0.73091453
spoon 0.58155584 0.27312613 0.70156807 0.30875638 0.76532537
wine glass 0.5783904 0.34700015 0.7785402 0.37812346 0.78937525
sandwich 0.57425576 0.5389584 0.7684694 0.5517057 0.77976626
spoon 0.5666873 0.43011826 0.22146946 0.45119143 0.24149191
toaster 0.55988663 0.56886053 0.40631974 0.5913186 0.5496596
sandwich 0.55862945 0.53846776 0.74706215 0.5507189 0.75932497
wine glass 0.5423308 0.3562105 0.75826746 0.37796474 0.7677235
spoon 0.53464484 0.34832 0.22622709 0.3781479 0.252573
sandwich 0.52136886 0.54068744 0.75859463 0.55216986 0.7700187
wine glass 0.49994195 0.35358286 0.7054534 0.3785717 0.7144177
wine glass 0.49344873 0.35435888 0.68824714 0.37942052 0.69733685
sandwich 0.46609902 0.54142493 0.72605395 0.55106187 0.7333865
wine glass 0.46601963 0.35333216 0.7669008 0.37814125 0.7745905
wine glass 0.4593111 0.42931587 0.24324298 0.45206067 0.26280862
sandwich 0.45347494 0.5354674 0.7334335 0.550712 0.74692106
wine glass 0.42053953 0.35382947 0.69809157 0.37854943 0.7044082
wine glass 0.41059312 0.43011826 0.22146946 0.45119143 0.24149191
knife 0.4063174 0.48958158 0.0994469 0.51952183 0.11276566
spoon 0.4034588 0.43023187 0.7410026 0.45144007 0.78544515
clock 0.35855922 0.25574505 0.19068024 0.30808577 0.21899876
spoon 0.34683338 0.56021905 0.3072608 0.5773709 0.36253715
couch 0.3282808 0.5290294 0.3093957 0.5744167 0.36383894
spoon 0.31553337 0.5496293 0.7209064 0.57523465 0.7843715
spoon 0.31448525 0.43253404 0.7010703 0.4398423 0.7268958
spoon 0.31398463 0.4190129 0.7042339 0.43226212 0.7264315
spoon 0.30757314 0.35043257 0.17291836 0.3585806 0.20843254
