cake 0.9443234 0.6506604 0.74677056 0.99644256 0.85810596
microwave 0.9249485 0.37873307 0.820087 0.73838073 0.9793779
microwave 0.91793716 0.5284176 0.32293132 0.61502033 0.47147247
cake 0.87910783 0.70564336 0.63244367 0.99734133 0.76808894
cake 0.86555415 0.82669824 0.51263934 0.9960503 0.74865836
cell phone 0.8545497 0.2505297 0.8286379 0.38571894 0.9711483
cake 0.82051957 0.6234766 0.8427774 1.0 0.9106978
banana 0.62354046 0.5851109 0.54133314 0.61451435 0.5632588
spoon 0.58103675 0.5876275 0.51018935 0.6474222 0.63573784
banana 0.48203912 0.5943584 0.55836016 0.61473644 0.5778592
bowl 0.46849436 0.57143277 0.52193046 0.61508405 0.544978
sink 0.42026258 0.24456558 0.01787208 0.885994 0.22911775
tennis racket 0.40434954 0.4889187 0.23498939 0.52448285 0.24441375
tennis racket 0.3983866 0.48687366 0.2438355 0.5153204 0.2514473
sink 0.37293795 0.24506406 0.017404243 0.7212004 0.22929072
banana 0.3558269 0.5845571 0.53856814 0.6143966 0.5822402
tennis racket 0.31236997 0.515029 0.25742173 0.54655915 0.26749492
tennis racket 0.30107984 0.49998495 0.2634155 0.5240905 0.27052578
