tennis racket 0.6822321 0.41005644 0.45111308 0.4927399 0.50850576
tennis racket 0.663656 0.40840244 0.33133647 0.49211287 0.355873
tennis racket 0.63217133 0.18908085 0.32437813 0.23560937 0.3513139
tennis racket 0.5763018 0.33335865 0.48291633 0.38977015 0.50778604
tennis racket 0.5467434 0.27749547 0.48093194 0.31255874 0.5075634
tennis racket 0.54317945 0.42568272 0.34256566 0.49463975 0.38899052
tennis racket 0.52201855 0.34824547 0.3987104 0.39052632 0.42636633
spoon 0.5161673 0.46900094 0.5272017 0.49535716 0.64330214
tennis racket 0.5161095 0.2770217 0.45065114 0.3126927 0.47966972
tennis racket 0.49485123 0.3467331 0.3662421 0.3893959 0.39303216
tennis racket 0.45404634 0.21151598 0.35976788 0.23545532 0.38500717
tennis racket 0.43477303 0.35400933 0.3451848 0.38955486 0.3655311
tennis racket 0.35398304 0.2587372 0.37325722 0.2829361 0.39419255
tennis racket 0.34505945 0.29351068 0.42087486 0.31281507 0.44134673
tennis racket 0.33909628 0.4510021 0.39184493 0.4990541 0.4500982
tennis racket 0.3351822 0.34862238 0.32086486 0.3893565 0.3445102
tennis racket 0.33501923 0.33312815 0.439568 0.38999325 0.46739548
tennis racket 0.32685256 0.3335753 0.32118326 0.38960934 0.34553638
spoon 0.30920196 0.12285706 0.40432805 0.15940996 0.49525627
