cake 0.86073923 0.62105405 0.5948465 0.8892455 0.6973884
microwave 0.8564084 0.48745662 0.14229801 0.6001507 0.33701628
cake 0.8038198 0.563374 0.71217704 0.7616674 0.79220426
cake 0.7332122 0.710925 0.38851193 0.9958765 0.5207492
cake 0.7255381 0.6591722 0.50206476 0.99003917 0.61907953
cake 0.6496646 0.5872276 0.6660404 0.82214427 0.750522
cake 0.4042663 0.5389581 0.6809042 0.5857932 0.70422846
book 0.39425075 0.29713392 0.3752653 0.3280479 0.39304614
tennis racket 0.38515416 0.45843643 0.12216364 0.51791334 0.1382884
bowl 0.31144616 0.48009977 0.33878687 0.49705 0.36110738
