cake 0.95755523 0.6388521 0.22087693 0.90523446 0.681498
wine glass 0.72072953 0.52865005 0.53503567 0.57809174 0.62536347
clock 0.68233764 0.49991694 0.62683594 0.5723116 0.6946349
clock 0.63259405 0.48640418 0.33227092 0.5641122 0.4169997
cake 0.58272725 0.5282333 0.9398407 0.60867155 1.0
couch 0.52873427 0.49563453 0.9363257 0.5224718 0.967511
clock 0.49485794 0.5095582 0.93953884 0.52317894 0.96260595
clock 0.36056742 0.5114527 0.96310896 0.52226675 0.9756666
wine glass 0.34553614 0.5096849 0.28681108 0.5649586 0.32561013
spoon 0.33216777 0.5556481 0.3962726 0.57597876 0.4993887
