cake 0.978336 0.55736536 0.377521 0.9949429 0.59585553
cake 0.9159442 0.5265202 0.57818407 0.9768774 0.69266516
cake 0.88825 0.45234156 0.79120356 0.6662377 0.8777699
cell phone 0.8145976 0.3374396 0.13705496 0.4161308 0.24977396
sink 0.8074383 0.31585246 0.5213712 0.57049376 0.6005823
cake 0.7026999 0.42812672 0.7056678 0.47074062 0.75029606
microwave 0.6952042 0.30883348 0.11636238 0.6796619 0.26331502
cake 0.6622842 0.49436304 0.7455479 0.7983449 0.80583465
cake 0.57773525 0.4378142 0.86531734 0.6234342 0.9108372
spoon 0.5590641 0.49192816 0.30737552 0.53603846 0.35761872
cake 0.5349214 0.50001454 0.6776538 0.8768291 0.76263523
couch 0.49453342 0.40726835 0.7496073 0.47681043 0.80147886
spoon 0.47245583 0.41498637 0.46039844 0.43742704 0.48599648
microwave 0.45462492 0.44870624 0.4136339 0.598824 0.5195402
