cake 0.9392604 0.7436592 0.3659359 0.98435205 0.46479014
cake 0.90939623 0.723425 0.47316825 0.92198634 0.5629952
cake 0.85207444 0.69784516 0.5503532 0.87519616 0.63267857
clock 0.66170985 0.5075422 0.5293098 0.62323284 0.5675772
tennis racket 0.6307663 0.52978325 0.08443713 0.6017621 0.09604794
clock 0.6290884 0.51062936 0.4381958 0.63012296 0.4642876
clock 0.6161674 0.5577195 0.77486753 0.6113991 0.7935164
chair 0.57823586 0.62700236 0.8447508 0.7587288 0.914668
couch 0.55661553 0.48450458 0.76242507 0.6120668 0.8177953
toaster 0.4669616 0.6121583 0.3412428 0.6217737 0.39142865
couch 0.45985183 0.5212322 0.38180938 0.58281785 0.4262919
clock 0.42452022 0.5533877 0.3982187 0.58076996 0.41182148
microwave 0.40873408 0.5851078 0.21293522 0.6052748 0.30027956
parking meter 0.3871282 0.62700236 0.8447508 0.7587288 0.914668
cake 0.341467 0.623174 0.8446376 0.75532615 0.91483253
cake 0.31309703 0.67649573 0.61627704 0.8393368 0.68961185
toaster 0.30867556 0.6040766 0.33995226 0.620471 0.42957243
