cake 0.948778 0.62215894 0.5141252 0.9243411 0.6164558
cake 0.9137538 0.6079658 0.75945705 0.86008507 0.8523969
cake 0.9130443 0.61656517 0.6025194 0.8972045 0.6998688
cake 0.8812971 0.6236785 0.40797678 0.9470501 0.52485114
cake 0.87637067 0.6069049 0.6839161 0.8731882 0.77902997
cake 0.7759557 0.59953666 0.90135914 0.77818733 0.9853222
wine glass 0.6172701 0.42127073 0.31648403 0.4438338 0.33623463
tennis racket 0.57442486 0.3364071 0.24031219 0.37447476 0.2538801
tennis racket 0.5424546 0.34736672 0.25599745 0.37536842 0.2686856
cake 0.47970587 0.5877702 0.8293467 0.7367262 0.9090764
spoon 0.47351798 0.49607608 0.44054574 0.5175669 0.46773463
cake 0.46929795 0.5893264 0.91804606 0.6214356 0.9628257
cake 0.45654148 0.5883348 0.8304276 0.7349903 0.8783522
tennis racket 0.42072502 0.4869204 0.24313569 0.515181 0.25084057
clock 0.41557032 0.57923144 0.46322355 0.6074389 0.4716651
cake 0.39432302 0.5788162 0.8529055 0.6111251 0.89453804
cake 0.3871497 0.58503807 0.7727699 0.5950934 0.8112197
wine glass 0.35471353 0.4210231 0.2847872 0.44350433 0.29569295
microwave 0.3408979 0.6108349 0.15266709 0.6900727 0.24001597
cake 0.33726034 0.5905047 0.9827114 0.6228323 1.0
clock 0.31790048 0.57451546 0.46721467 0.6058606 0.4813114
wine glass 0.30573875 0.42162603 0.30110118 0.44393387 0.3104051
