cake 0.92876345 0.51573664 0.35064626 0.8821292 0.47335303
cake 0.92851126 0.5120205 0.49236414 0.8839909 0.61335456
cake 0.8489656 0.5146093 0.6372005 0.88357157 0.7566383
cake 0.82685775 0.5147867 0.7775165 0.8839862 0.89715445
tennis racket 0.7227937 0.35939702 0.3920757 0.42620224 0.40624633
couch 0.67568004 0.257202 0.41875565 0.41924512 0.49261165
microwave 0.61859536 0.31032115 0.8686504 0.62952125 0.9781465
tennis racket 0.58758515 0.35964233 0.37478375 0.43737072 0.38941836
couch 0.5683121 0.3770605 0.8209485 0.4178021 0.8402926
clock 0.56739813 0.36608583 0.44824877 0.4180477 0.46808103
clock 0.5137642 0.37646514 0.518226 0.41956928 0.5333625
sandwich 0.48967397 0.36334634 0.79762864 0.41055542 0.81532025
microwave 0.44970557 0.40432277 0.6728598 0.4358553 0.7618079
tennis racket 0.4025226 0.37377706 0.10587182 0.42707443 0.12534931
microwave 0.38959447 0.31677586 0.045188554 0.47198364 0.083764665
sandwich 0.38625455 0.36409014 0.8063789 0.3801441 0.81481665
sandwich 0.37632814 0.38926318 0.8065527 0.41167396 0.8158054
cell phone 0.33108813 0.32174012 0.045606755 0.4763666 0.08348224
couch 0.3138789 0.33689845 0.81425166 0.41879296 0.8386153
sandwich 0.31253725 0.39198485 0.7978279 0.41254616 0.8058707
toaster 0.30784538 0.41344833 0.27376467 0.4275476 0.3697986
