tennis racket 0.9221106 0.3948389 0.6888115 0.5777188 0.7329842
spoon 0.9070517 0.25364447 0.238051 0.31972575 0.34491172
spoon 0.88371444 0.13355316 0.18391354 0.21497871 0.32304204
tennis racket 0.84123963 0.39654237 0.7286395 0.57667637 0.7713347
tennis racket 0.8292429 0.16448428 0.6833934 0.3701194 0.7545138
tennis racket 0.7811231 0.21631296 0.5125116 0.3645162 0.55786115
tennis racket 0.7752402 0.22701398 0.59527004 0.33381465 0.6348406
tennis racket 0.7652162 0.22189113 0.5553807 0.3464153 0.5965227
tennis racket 0.7543382 0.17676577 0.74940336 0.3572066 0.800436
spoon 0.7421012 0.5126037 0.7850361 0.58331305 0.8841891
tennis racket 0.74096537 0.3976365 0.76737094 0.5699557 0.80522
banana 0.63999265 0.70590454 0.17937201 0.75231284 0.33560634
spoon 0.6370955 0.2722931 0.17944655 0.31098318 0.23979865
spoon 0.62999105 0.7865955 0.7057953 0.98229784 0.87551516
sandwich 0.59073365 0.4908806 0.7935984 0.51461935 0.83932084
tennis racket 0.53966945 0.2525842 0.41989443 0.29066196 0.4421876
tennis racket 0.50141746 0.531633 0.50698847 0.59182036 0.64448786
tennis racket 0.47938156 0.24818508 0.47115365 0.31076714 0.4953839
tennis racket 0.45205027 0.16891915 0.6299673 0.32619196 0.6694295
banana 0.4497694 0.7919934 0.1958173 0.85211813 0.3267367
tennis racket 0.4467453 0.24654937 0.382278 0.295891 0.40737304
sink 0.42170566 0.20795938 0.1722127 0.99888384 0.8743922
tennis racket 0.42102474 0.24607402 0.36201584 0.29490876 0.3811074
banana 0.39027107 0.7030098 0.3058029 0.7300959 0.3340484
banana 0.3876859 0.70905554 0.26215655 0.73546433 0.28945395
tennis racket 0.35913077 0.25165552 0.4430106 0.29171002 0.4668176
tennis racket 0.35618874 0.24575934 0.38191164 0.32704774 0.4079094
banana 0.3486661 0.7051522 0.2151078 0.7427363 0.24402717
tennis racket 0.33397996 0.24587464 0.36211285 0.322057 0.38097757
sink 0.33173978 0.00028800964 0.0 0.9997705 0.18697153
spoon 0.31661978 0.2942222 0.80366874 0.34335557 0.8862528
banana 0.30009815 0.71202713 0.28865147 0.7351685 0.31812057
