tennis racket 0.72781104 0.5339106 0.8396662 0.5855555 0.8747442
tennis racket 0.679193 0.49338773 0.88672954 0.58638686 0.92573416
banana 0.55419636 0.56257236 0.27205068 0.5910269 0.31203112
couch 0.5408095 0.46303153 0.00035453087 0.5569602 0.030145453
banana 0.5090743 0.49932593 0.36826065 0.51378816 0.4091181
banana 0.4997592 0.49561125 0.40595004 0.51330656 0.4385802
banana 0.49653858 0.56617326 0.32445115 0.59164864 0.36788452
spoon 0.4749083 0.55920535 0.3291067 0.58541626 0.43627605
banana 0.46397826 0.49271762 0.31980422 0.51344633 0.36040825
wine glass 0.45131588 0.27954605 0.29806998 0.31566057 0.32548907
spoon 0.37657306 0.5411248 0.31189492 0.56426835 0.44490394
sandwich 0.34141225 0.56617326 0.32445115 0.59164864 0.36788452
toaster 0.32307926 0.6738408 0.0011657726 0.736587 0.122794114
sandwich 0.3049471 0.56257236 0.27205068 0.5910269 0.31203112
