spoon 0.8692468 0.54843944 0.8969249 0.59813184 1.0
spoon 0.86003053 0.55796677 0.7792425 0.60247165 0.90524787
clock 0.6831325 0.5190939 0.22849151 0.5787283 0.2770168
wine glass 0.6788667 0.5480057 0.12839256 0.5723183 0.16753028
wine glass 0.5595704 0.55786145 0.07545053 0.57341754 0.114923745
wine glass 0.43420133 0.55619293 0.035390694 0.57084566 0.072830856
toaster 0.4109373 0.57988626 0.3945006 0.5893429 0.5359968
banana 0.40893376 0.536519 0.90352756 0.5511853 0.94479376
banana 0.39641795 0.5430066 0.78116566 0.56146973 0.8986307
banana 0.3865782 0.5301911 0.9009747 0.55376023 1.0
