microwave 0.88254833 0.49218854 0.73704964 0.76982903 0.90010965
tennis racket 0.6669748 0.43851063 0.8370015 0.48860064 0.8614695
tennis racket 0.5829318 0.42882797 0.8645373 0.48913863 0.88511753
couch 0.5779282 0.42969927 0.12857968 0.5267777 0.21859543
fork 0.5704307 0.4421209 0.54055846 0.45088392 0.5510061
couch 0.554126 0.44787043 0.72995037 0.46999037 0.769814
couch 0.5452841 0.3831908 0.6962841 0.46548754 0.7457859
tennis racket 0.521321 0.45644647 0.8189809 0.48772192 0.8331221
fork 0.513797 0.42562863 0.52391857 0.43573424 0.5343778
fork 0.5096074 0.42599094 0.5346213 0.43670404 0.5444549
tennis racket 0.5075248 0.40339017 0.85242844 0.42237574 0.86256355
tennis racket 0.49524826 0.40370873 0.8590447 0.42247662 0.87278557
couch 0.48656115 0.41568577 0.6841254 0.46175492 0.7077005
tennis racket 0.3588269 0.4044425 0.83445734 0.4226203 0.8522161
sandwich 0.34865603 0.46894774 0.19209538 0.4863129 0.21249461
tennis racket 0.34039393 0.40190324 0.8056356 0.42355958 0.8236581
banana 0.33053154 0.47445354 0.042998634 0.49040404 0.06600746
banana 0.32927847 0.47382483 0.061272983 0.48924074 0.079622746
clock 0.32871312 0.440315 0.6861935 0.46206045 0.7077055
tennis racket 0.32471216 0.3690835 0.85189384 0.38477972 0.8659785
cake 0.30541852 0.4662291 0.0 0.49145004 0.013622536
