cake 0.94815254 0.6440179 0.54669607 0.9284676 0.69137967
cake 0.9196124 0.6191278 0.6504869 0.8487851 0.7653242
cake 0.83610207 0.6744301 0.38878456 0.99561226 0.57729226
clock 0.64550734 0.4906585 0.75721365 0.5228307 0.769221
toaster 0.596831 0.52183867 0.6277406 0.5409996 0.71372724
couch 0.57423234 0.4883311 0.90766615 0.6645794 0.9957929
couch 0.5358483 0.80994695 0.88077855 0.9979397 0.99982417
cake 0.53079265 0.63370687 0.007773008 0.847354 0.10379106
tennis racket 0.446844 0.4996042 0.22470218 0.52835435 0.23407382
tennis racket 0.32340163 0.497118 0.23554511 0.525514 0.24277972
