tennis racket 0.7305452 0.23762615 0.71008486 0.3071117 0.75554305
tennis racket 0.6669498 0.36716554 0.67096025 0.4168888 0.7133253
tennis racket 0.652763 0.24812394 0.65067995 0.30265415 0.7080086
tennis racket 0.5754749 0.35633236 0.8498886 0.42142844 0.8847577
tennis racket 0.5723707 0.35072634 0.8883 0.4170026 0.92865205
tennis racket 0.5350299 0.2584326 0.6208565 0.2976837 0.657978
tennis racket 0.48602968 0.36731395 0.7456158 0.41971144 0.79891264
tennis racket 0.46070608 0.5347891 0.6857161 0.59181726 0.74512535
tennis racket 0.45576796 0.7680366 0.915651 0.8074695 0.9432511
tennis racket 0.42871928 0.3540713 0.8759914 0.41646376 0.90316993
tennis racket 0.42588538 0.34969255 0.9645953 0.41069642 0.9934686
tennis racket 0.41099292 0.26891792 0.5926109 0.2928362 0.62011695
tennis racket 0.3806724 0.53481305 0.6243202 0.5926403 0.6883446
tennis racket 0.34347677 0.7758177 0.9398064 0.8145152 0.9660702
