spoon 0.97140133 0.7726986 0.3880175 0.87946904 0.54525214
sink 0.9197793 0.40769023 0.1422013 0.7985365 0.21260363
cake 0.8830715 0.6881119 0.30986625 0.79278356 0.38871312
cake 0.8688766 0.68977255 0.59286004 0.78988594 0.6697102
cake 0.6832162 0.6863555 0.4108521 0.77578944 0.4909015
couch 0.63772947 0.45827264 0.21411164 0.58249015 0.29785204
spoon 0.48882115 0.5626255 0.53647465 0.59634626 0.57552713
clock 0.48473486 0.5258674 0.25589713 0.56402946 0.27826944
cake 0.46974066 0.6849017 0.41279623 0.7277248 0.48919335
cake 0.43581572 0.68936 0.49857646 0.7900135 0.57805413
clock 0.34146166 0.5300927 0.25456068 0.56014234 0.26575705
