couch 0.8395062 0.5269619 0.6698298 0.6048058 0.7023935
cake 0.8155231 0.8324028 0.20063257 1.0 0.32868767
clock 0.8068385 0.64284265 0.37912983 0.70990014 0.42738265
book 0.7985219 0.10092917 0.8812624 0.15307191 0.91848385
cake 0.78271335 0.94754255 0.4225009 1.0 0.5833933
couch 0.74009824 0.38126907 0.7897222 0.45362073 0.82350683
cake 0.68171114 0.8805903 0.29401898 0.9999985 0.4381389
couch 0.6691411 0.36922482 0.83807 0.45569643 0.86718076
spoon 0.5941494 0.37946597 0.3861593 0.4245378 0.41420245
couch 0.5894081 0.5199811 0.9083567 0.6120387 0.9860509
couch 0.5512773 0.39735362 0.8162191 0.45303357 0.8370451
clock 0.50927806 0.4722351 0.51394606 0.5658434 0.5428299
couch 0.495321 0.37152123 0.815302 0.4531633 0.83809066
spoon 0.49079207 0.1981756 0.36524817 0.2503403 0.386084
clock 0.48895347 0.2595355 0.7907561 0.31126907 0.8239032
couch 0.4684838 0.24041466 0.8861646 0.29446983 0.92970735
spoon 0.45226455 0.39827174 0.36623204 0.42318624 0.38280737
knife 0.43663505 0.50950646 0.31477836 0.5306606 0.33178976
couch 0.4355863 0.58790594 0.6343343 0.7527785 0.7292458
knife 0.4308565 0.48905808 0.3184921 0.5103373 0.33560658
cake 0.38565066 0.80115193 0.11853877 0.9984195 0.23596632
wine glass 0.3769013 0.36126128 0.4360925 0.42047235 0.45735657
knife 0.375184 0.50306 0.2902422 0.5318015 0.3016631
spoon 0.37496018 0.4137391 0.8891298 0.45570537 0.9433914
microwave 0.35021707 0.5572208 0.07933493 0.900445 0.31537253
knife 0.34575227 0.4929893 0.3054849 0.5303344 0.3156913
clock 0.33207968 0.2373386 0.77435684 0.3092062 0.82824874
sandwich 0.32992473 0.571278 0.7255074 0.59554654 0.7456999
knife 0.32428116 0.4840903 0.2910583 0.5312743 0.30814284
clock 0.31596133 0.5326598 0.518425 0.56419957 0.53928804
