cake 0.8790456 0.83265114 0.37949747 1.0 0.5392111
cake 0.8508898 0.7909007 0.52008855 0.9992401 0.6635773
cake 0.75009704 0.7644085 0.6403897 1.0 0.7778615
tennis racket 0.7178715 0.5218204 0.041775487 0.5813149 0.07170343
clock 0.67394215 0.6105621 0.45245448 0.6599788 0.47514257
spoon 0.65037286 0.562044 0.09042918 0.5929883 0.13173091
cake 0.6140488 0.74123925 0.74037886 1.0 0.8730711
knife 0.5534393 0.54688096 0.11761722 0.5650555 0.13537955
clock 0.51576334 0.5920028 0.4997997 0.6538888 0.52696055
spoon 0.48993105 0.37380132 0.94891316 0.39496613 0.9871997
spoon 0.48909104 0.29985106 0.7419529 0.31165436 0.7720057
spoon 0.48248723 0.28503397 0.7487667 0.29902172 0.7727234
tennis racket 0.48175737 0.5223761 0.5914861 0.60172623 0.60820305
cell phone 0.4761045 0.50965434 0.76482517 0.5692769 0.8181941
spoon 0.46235323 0.33556762 0.7998383 0.3606988 0.82307124
spoon 0.427567 0.36468327 0.98692083 0.39235884 0.9999182
spoon 0.41169828 0.27772623 0.78971076 0.30380672 0.8151196
couch 0.4093172 0.59175855 0.518117 0.6665128 0.5643938
tennis racket 0.38838798 0.5227304 0.59084845 0.62413114 0.608382
wine glass 0.3604888 0.26417497 0.9832245 0.30502367 0.997635
spoon 0.35922164 0.24381182 0.7406916 0.26274654 0.7717776
fork 0.33915472 0.5844241 0.5911979 0.6268615 0.60940355
spoon 0.33460158 0.5168566 0.73147297 0.5545213 0.76431787
wine glass 0.33122453 0.210279 0.84062594 0.24629697 0.85652477
spoon 0.32290947 0.2741205 0.7901538 0.287179 0.81370157
toaster 0.31646192 0.5803666 0.1343587 0.60934985 0.27586648
wine glass 0.31309122 0.16196598 0.9744561 0.21906999 0.9995359
spoon 0.31016332 0.3969278 0.73928076 0.41507697 0.77180797
