cake 0.95548797 0.6695977 0.25388032 0.9989789 0.4312505
cake 0.934096 0.6336976 0.42584318 0.95368725 0.5542883
cake 0.90277123 0.67583686 0.77363044 0.9950309 0.86266583
cake 0.8533041 0.63691854 0.82099783 0.8903297 0.8861319
cake 0.77887243 0.58054584 0.6792824 0.7509016 0.7308717
clock 0.774833 0.4890731 0.26211953 0.54927295 0.31805283
cake 0.7551229 0.60940444 0.5152973 0.86028117 0.62940085
chair 0.65344197 0.5287672 0.72735935 0.6153804 0.9333113
cake 0.55652195 0.59240717 0.62384677 0.79728204 0.6858555
cake 0.5343864 0.54737353 0.89585036 0.6988821 0.9261884
cell phone 0.45834023 0.4698823 0.48140374 0.50836617 0.52142185
spoon 0.44302905 0.5347798 0.6191913 0.558535 0.65203846
cell phone 0.44075745 0.42465773 0.82660824 0.4857936 0.91046566
cake 0.42106345 0.57195914 0.72578704 0.7195925 0.76171863
sink 0.38157287 0.42907402 0.19196382 0.6067958 0.23371026
spoon 0.34242073 0.50046146 0.98319936 0.5361521 0.99981725
microwave 0.33847606 0.5133581 0.47593468 0.5610717 0.521108
