cake 0.94831127 0.64842224 0.42718756 0.9498576 0.61846244
cake 0.93788534 0.6317489 0.25912195 0.88859713 0.43265414
cake 0.928993 0.61640584 0.1303934 0.84725153 0.28664613
couch 0.8819051 0.53462875 0.58171874 0.63267493 0.847495
couch 0.67790204 0.5374462 0.5486865 0.574181 0.57658404
toaster 0.48430806 0.592165 0.4295471 0.61379695 0.58690536
toaster 0.47747144 0.5651332 0.0004571279 0.5787636 0.11741951
cake 0.4202077 0.5466262 0.39610565 0.59153664 0.44938678
clock 0.39701268 0.52932835 0.51764476 0.5744015 0.5517147
couch 0.30311367 0.5291167 0.5185621 0.57413036 0.55318546
