cake 0.9465066 0.5952638 0.37151945 0.99783945 0.5780898
cake 0.93664664 0.571617 0.26104647 0.943372 0.38388526
cake 0.9016813 0.53282243 0.10801649 0.8196408 0.18531474
cake 0.8443176 0.5480848 0.16828682 0.87232494 0.27267268
couch 0.7160236 0.46335256 0.82839024 0.50546694 0.855945
spoon 0.6748399 0.0644669 0.81438065 0.0824998 0.8312695
couch 0.5276284 0.42855093 0.8489455 0.5064765 0.8965007
microwave 0.45930657 0.46543142 0.28365266 0.5101037 0.38493896
clock 0.45837715 0.4786703 0.858525 0.50652987 0.87982255
spoon 0.44236976 0.04714662 0.8605161 0.07934557 0.8828777
toaster 0.39240962 0.46543142 0.28365266 0.5101037 0.38493896
wine glass 0.3521466 0.070404164 0.7677972 0.100861974 0.7823605
cell phone 0.31541044 0.43878725 3.7837774e-05 0.5040948 0.011648515
