cake 0.9487958 0.7666773 0.27566734 0.9969075 0.43272182
cake 0.89768505 0.6803463 0.19864634 0.92914754 0.3048531
tennis racket 0.73937124 0.5328103 0.89185935 0.62154585 0.9109258
tennis racket 0.7271543 0.53338474 0.91278195 0.6242972 0.9332197
tennis racket 0.6979543 0.5347395 0.93869686 0.62802434 0.96110225
cake 0.68302995 0.57556355 0.1701832 0.74355453 0.26497114
cake 0.6803337 0.71306306 0.22949833 0.9918077 0.3596751
microwave 0.5381364 0.58386576 0.6473257 0.685235 0.88068444
sandwich 0.4881458 0.5814675 0.35005784 0.5981183 0.36335737
couch 0.47041976 0.5668212 0.43624687 0.64252704 0.5205699
toaster 0.38296264 0.6169283 0.5145489 0.64215153 0.5758785
sandwich 0.34163845 0.58030003 0.33944452 0.5967979 0.3520828
sandwich 0.31889337 0.5786975 0.3763756 0.5978657 0.3903524
