cake 0.9276222 0.67482376 0.21684782 0.99623775 0.427275
cake 0.9236745 0.71843994 0.41577178 0.9938907 0.6817723
cake 0.89205277 0.6428711 0.05280772 0.98363024 0.2328341
microwave 0.87486255 0.39261162 0.25562 0.5646521 0.35940534
chair 0.8031065 0.47221375 0.04165484 0.5843578 0.20678926
spoon 0.65424424 0.5232006 0.59653556 0.59833354 0.7206913
clock 0.54249984 0.026656711 0.8476112 0.09062319 0.87455404
wine glass 0.47929195 0.054288436 0.81285214 0.09634499 0.84900963
clock 0.42484418 0.44354442 0.11705643 0.49033332 0.13046855
couch 0.42331627 0.459612 0.55072176 0.5490354 0.7423904
wine glass 0.41921753 0.026656711 0.8476112 0.09062319 0.87455404
clock 0.41490564 0.054288436 0.81285214 0.09634499 0.84900963
spoon 0.40194833 0.555748 0.8277047 0.584884 0.893809
chair 0.32774916 0.48116842 4.8572198e-05 0.68177354 0.05287548
cake 0.30356053 0.4709597 0.044843204 0.5810655 0.20779976
toaster 0.3022097 0.58075964 0.37640578 0.60518223 0.55700654
