cake 0.9136034 0.5619947 0.26431355 0.9562873 0.39437506
cake 0.9038033 0.5672847 0.5772564 0.96246666 0.71449274
microwave 0.6688471 0.36434072 0.12075232 0.74287105 0.20407982
cake 0.6023042 0.56265867 0.43260738 0.9557119 0.5562675
spoon 0.5785153 0.4968871 0.69188875 0.5292281 0.75471514
toaster 0.541252 0.519183 0.33231518 0.5397979 0.4362388
sink 0.53088236 0.28232428 0.8095188 0.8598318 1.0
couch 0.5205363 0.4908756 0.43911877 0.56898946 0.54202384
toaster 0.44575813 0.5246262 0.59018123 0.5491891 0.68607306
cake 0.44207895 0.56833416 0.43595362 0.8888491 0.5533123
spoon 0.42394096 0.51033735 0.2934208 0.52843034 0.3097486
cake 0.35801232 0.6372465 0.03106466 0.84633833 0.11208983
broccoli 0.30860513 0.4935435 0.70704156 0.50529927 0.72642726
