cake 0.9413947 0.6604744 0.43687186 0.94076794 0.5517737
cake 0.9136942 0.65068966 0.52302045 0.8992494 0.6217839
cake 0.82752174 0.6357105 0.5917145 0.85982966 0.6789515
couch 0.7905822 0.493169 0.8611954 0.564586 0.89286274
wine glass 0.6515318 0.4382338 0.2720785 0.45624247 0.28924406
spoon 0.65117306 0.28405988 0.23913157 0.30505842 0.28726226
knife 0.6381563 0.48607 0.80400544 0.5242453 0.81703573
wine glass 0.59945047 0.3394611 0.18195473 0.36927208 0.19703265
spoon 0.59776986 0.42139316 0.17581505 0.43242586 0.20061561
wine glass 0.5300645 0.36610946 0.26648766 0.38258517 0.2898813
spoon 0.5059503 0.4099755 0.6160273 0.4265212 0.6311205
wine glass 0.50320774 0.36244956 0.23607665 0.3795599 0.26239812
knife 0.48898557 0.49317473 0.7848766 0.52171373 0.7993301
wine glass 0.4865099 0.4375631 0.25273848 0.4555237 0.2701109
spoon 0.47241634 0.43527445 0.17645489 0.45013282 0.20208745
wine glass 0.46621555 0.33654496 0.16345991 0.36836112 0.17832808
clock 0.44750378 0.5422185 0.86909425 0.56305194 0.88611937
cake 0.44657883 0.67129546 0.25624627 0.952292 0.36374623
cake 0.44496518 0.6694025 0.25878164 0.9171511 0.36254266
wine glass 0.42716843 0.39613992 0.14045973 0.4250303 0.16105883
spoon 0.42635617 0.32495308 0.13956873 0.33763957 0.15644635
toaster 0.4231924 0.5581404 0.43864882 0.57100505 0.50522965
spoon 0.4191908 0.34540397 0.13939302 0.36416715 0.15627946
wine glass 0.3988043 0.43737477 0.23642191 0.45421574 0.24863926
wine glass 0.3978016 0.40459293 0.17684689 0.41978264 0.19957966
wine glass 0.39760295 0.34490758 0.1394035 0.36444265 0.15882663
wine glass 0.395028 0.27101895 0.18098608 0.28978682 0.212295
wine glass 0.3874315 0.34000242 0.19742225 0.36997697 0.21138935
spoon 0.38607267 0.43816647 0.25377938 0.45506847 0.27017066
toaster 0.374059 0.5544875 0.43601477 0.5760192 0.55947226
sandwich 0.36738548 0.5236848 0.5863162 0.534277 0.61874807
spoon 0.3641999 0.27101895 0.18098608 0.28978682 0.212295
spoon 0.34251115 0.40459293 0.17684689 0.41978264 0.19957966
spoon 0.30207855 0.36244956 0.23607665 0.3795599 0.26239812
