cake 0.969701 0.68360186 0.37724435 0.998219 0.54198533
cake 0.9211776 0.6293168 0.20861119 0.92908883 0.28849974
cake 0.80597955 0.6557576 0.28088117 0.9994628 0.38548452
couch 0.77379316 0.42751047 0.27926442 0.6335346 0.45113882
couch 0.65746915 0.491707 0.53589624 0.58383054 0.5684256
spoon 0.5576446 0.5981222 0.74412733 0.6314576 0.8057166
wine glass 0.5378938 0.43940362 0.9328129 0.4480344 0.9466721
toaster 0.53632176 0.6526999 0.5557472 0.68363374 0.65949756
wine glass 0.47713712 0.43752006 0.9699431 0.48261154 0.9851555
wine glass 0.47639894 0.43958914 0.95324683 0.48047772 0.96682894
couch 0.43829387 0.4971758 0.7907065 0.62806886 0.83001614
wine glass 0.42428222 0.4550711 0.9321103 0.4632769 0.94617414
toaster 0.40971813 0.5690449 0.24389547 0.58566165 0.313662
wine glass 0.40548605 0.45030072 0.48143882 0.47219187 0.4945613
wine glass 0.3930758 0.43945673 0.9910516 0.4830171 0.99986476
wine glass 0.37849674 0.553086 0.5138015 0.5810037 0.5352381
clock 0.37219507 0.58211005 0.79492545 0.62233835 0.82606936
wine glass 0.36675692 0.35773897 0.9510016 0.37149018 0.96663743
wine glass 0.35946152 0.34163967 0.9285441 0.37326995 0.94467443
wine glass 0.3567307 0.46330053 0.9326821 0.48114678 0.94553477
wine glass 0.3551913 0.3390931 0.9517775 0.3556953 0.96570295
couch 0.3221584 0.4872288 0.50945914 0.5862495 0.53837013
wine glass 0.30885655 0.33583343 0.9905279 0.36877742 1.0
wine glass 0.30499306 0.33801895 0.9658842 0.371103 0.9859184
