cake 0.96273494 0.6239295 0.50419563 0.9971995 0.6562281
cake 0.9559605 0.6780215 0.33719832 0.999822 0.5415424
cake 0.86321753 0.6172103 0.6307474 0.9553877 0.70849687
sink 0.85835975 0.39947298 0.62304485 0.61632335 0.73269176
cake 0.78501195 0.6000963 0.68837583 0.8675721 0.7528689
wine glass 0.6080363 0.61366904 0.41621917 0.67892784 0.446409
microwave 0.595919 0.60034287 0.73740304 0.76246387 0.86823857
spoon 0.51018643 0.5853992 0.3098038 0.66851103 0.39837036
spoon 0.4011166 0.31390068 0.6809366 0.3399475 0.69934964
spoon 0.35630655 0.32775375 0.64512414 0.34645703 0.663258
cake 0.34115943 0.58990234 0.4700746 0.60839355 0.49498802
tennis racket 0.32351586 0.53939307 0.44265935 0.61080986 0.4585611
toaster 0.30731106 0.6028007 0.70331365 0.6502636 0.75589234
spoon 0.3048101 0.3101282 0.7045001 0.33266467 0.72009933
tennis racket 0.30154246 0.53899866 0.430735 0.61032075 0.4455607
