cake 0.8937597 0.6006497 0.43042764 0.92771137 0.6858203
cake 0.8671577 0.53484327 0.77918464 0.72677404 0.9190458
cake 0.8572635 0.5564822 0.6703773 0.7826283 0.8506048
clock 0.77013487 0.3912804 0.45385212 0.4977991 0.5168051
spoon 0.7393845 0.4308583 0.38236347 0.4562773 0.44205427
sandwich 0.61693853 0.44173202 0.55465627 0.4575781 0.58177376
sandwich 0.58741796 0.42830822 0.5847293 0.44559577 0.61164093
sandwich 0.57452875 0.4416495 0.60168207 0.45836097 0.6308615
fork 0.5676102 0.44221726 0.087204225 0.4542108 0.09744071
spoon 0.56548 0.47866437 0.3346215 0.52510697 0.47734052
fork 0.5567879 0.4226206 0.0860369 0.4395283 0.09774872
fork 0.50971925 0.420226 0.098765805 0.4353008 0.11270986
fork 0.5016421 0.4303854 0.10793761 0.4413334 0.119797185
microwave 0.49550915 0.41758314 0.112070605 0.5081034 0.39439952
fork 0.4874358 0.4398896 0.104502074 0.4550373 0.11534058
tennis racket 0.46204805 0.4235064 0.83427596 0.45282325 0.85417944
toaster 0.44830298 0.5243321 0.13370122 0.5395108 0.24431044
spoon 0.41912508 0.4342839 0.0051513542 0.47039908 0.060534235
spoon 0.3787191 0.5005947 0.33358938 0.5270335 0.4697642
banana 0.3217871 0.44489646 0.58202773 0.45843774 0.60217994
fork 0.3215744 0.42976132 0.095665984 0.44116798 0.106663585
sandwich 0.31104425 0.42619914 0.56667393 0.44221663 0.5869432
