cake 0.96289694 0.6206735 0.44596255 0.9998844 0.6589626
cake 0.9221971 0.61316943 0.18633744 0.99755883 0.3881627
cell phone 0.8328144 0.33257812 0.85036194 0.4220487 0.9510673
wine glass 0.80060816 0.5480824 0.51889646 0.5967019 0.55531967
couch 0.79481155 0.27550873 0.49629462 0.572204 0.6712333
spoon 0.7907418 0.5143319 0.46060273 0.571309 0.57691485
wine glass 0.7815968 0.5521763 0.48305413 0.601638 0.51444453
clock 0.73896 0.4623368 0.55933446 0.5628937 0.6027135
cake 0.72731304 0.59568965 0.6375411 0.9932215 0.78896946
couch 0.66550565 0.455062 0.28168097 0.5337815 0.323478
spoon 0.6100086 0.50786966 0.8744342 0.5392771 0.94749016
bowl 0.55525583 0.4877857 0.53172225 0.5222144 0.5725561
couch 0.52375555 0.49368897 0.31614602 0.5329373 0.33718848
tennis racket 0.47563344 0.46443048 0.8546546 0.53476024 0.8654695
spoon 0.4475771 0.541636 0.42117113 0.58457434 0.46270788
bowl 0.44086787 0.48845345 0.49996638 0.52022606 0.53545606
clock 0.4224923 0.50409144 0.2910202 0.53319854 0.31181633
sink 0.37343284 0.24313484 0.035197727 0.87540895 0.23362482
tennis racket 0.32552314 0.43399274 0.6526899 0.5221737 0.68009466
sink 0.31841293 0.19938079 0.034838475 0.8606068 0.23458126
tennis racket 0.3089899 0.48242584 0.667581 0.5209312 0.68271405
spoon 0.30036798 0.58776134 0.34948245 0.60126984 0.39763567
