cake 0.9392177 0.6233286 0.22887091 0.9466282 0.331305
cake 0.927271 0.65271854 0.4237049 0.9967853 0.5635916
microwave 0.84764934 0.6380858 0.83558095 0.99020785 0.90984416
cake 0.8415987 0.63152784 0.31692237 0.99507076 0.45250666
cake 0.83131003 0.76940364 0.04293336 0.9984971 0.17927174
spoon 0.7398934 0.6131766 0.4621813 0.6533497 0.52626693
clock 0.7215879 0.554055 0.77851284 0.61248976 0.8062705
clock 0.6077986 0.5898938 0.38857722 0.64097697 0.42082226
cake 0.5735366 0.71113616 0.00030289218 0.9628345 0.06815286
couch 0.5199895 0.5379212 0.64186 0.58148146 0.6670052
sandwich 0.50811934 0.60887545 0.46751177 0.6228402 0.48004758
toaster 0.5054758 0.60024923 0.66716975 0.6193638 0.75683373
couch 0.48402175 0.4856234 0.76853985 0.61068183 0.82196075
sandwich 0.47114593 0.6092867 0.48014772 0.62231547 0.49310797
sandwich 0.45564872 0.6049843 0.50560355 0.6197959 0.5162896
sandwich 0.41322643 0.6080518 0.49433365 0.62162024 0.5068043
couch 0.41207236 0.45601147 0.2180498 0.51586294 0.2366715
banana 0.30499074 0.58906645 0.46381325 0.6189487 0.5160561
