cake 0.9519433 0.6031086 0.48751885 0.91102564 0.610081
cake 0.9362412 0.5759575 0.5957733 0.85861534 0.70618767
cake 0.910153 0.55510896 0.77359915 0.78876024 0.8545115
cake 0.89224946 0.5620371 0.69621366 0.81629246 0.7849578
cake 0.8848273 0.55074084 0.83958906 0.75414395 0.8990157
microwave 0.81734645 0.4100155 0.14705536 0.68387276 0.24705732
spoon 0.8017408 0.5123795 0.47588593 0.55663574 0.56579024
couch 0.7781487 0.28880388 0.35628608 0.5498915 0.49146172
chair 0.6742197 0.5091211 0.8306316 0.61130524 0.9996102
clock 0.46913606 0.49377143 0.4385087 0.5527808 0.46382803
banana 0.40148884 0.49086386 0.48303083 0.51686984 0.5589922
banana 0.3534917 0.5056708 0.50534374 0.5172174 0.5206277
banana 0.33186516 0.50174314 0.49440375 0.5140043 0.50985855
