spoon 0.8858012 0.74744534 0.8494508 0.8180603 0.9057609
couch 0.7026062 0.6791911 0.068154626 0.75641394 0.11402651
tennis racket 0.6993615 0.48355213 0.28168258 0.56621957 0.29991582
wine glass 0.697427 0.6084526 0.6398772 0.6489885 0.66881335
cake 0.67150694 0.7467677 0.4379896 0.87605 0.5368801
sandwich 0.6696418 0.5538608 0.23641075 0.5850432 0.26958805
tennis racket 0.6652543 0.66566837 0.9125074 0.8381818 0.9408375
spoon 0.608171 0.5395223 0.19559905 0.65098304 0.29893085
banana 0.5523514 0.5538608 0.23641075 0.5850432 0.26958805
banana 0.5416409 0.55557054 0.21503824 0.5835085 0.23690262
toaster 0.5119067 0.7905151 0.0 0.9959666 0.23906785
couch 0.5015219 0.5758654 0.06726348 0.7299767 0.16381863
tennis racket 0.50056505 0.48196077 0.263761 0.56285256 0.28197375
knife 0.49570176 0.5956007 0.98875594 0.6373774 0.9999287
banana 0.49192637 0.55216604 0.26076812 0.5780147 0.27658933
knife 0.47823885 0.59187204 0.93819946 0.7034522 0.9732351
knife 0.46298113 0.61108583 0.95723414 0.69635737 0.98281825
banana 0.4607832 0.52474934 0.22814678 0.5661531 0.26806724
couch 0.4357348 0.43097472 0.09225642 0.6022139 0.13948853
spoon 0.39975655 0.5789996 0.68033177 0.6180497 0.7210887
knife 0.34988597 0.6382147 0.9898892 0.7144824 1.0
cup 0.34771767 0.6382147 0.9898892 0.7144824 1.0
microwave 0.34183612 0.6200176 0.6164151 0.99065673 0.9971649
microwave 0.32617655 0.54822516 0.6040004 0.9919639 1.0
