cake 0.92744404 0.6416498 0.79027176 1.0 0.9173989
microwave 0.89898586 0.42625055 0.13119464 0.70414066 0.24683882
sink 0.76637506 0.26905173 0.00036886334 0.99112827 0.12897561
couch 0.71990114 0.5048656 0.5362019 0.7200622 0.6617357
cake 0.70069575 0.600515 0.7257166 0.6825093 0.80845666
cake 0.6208982 0.6036071 0.79136026 0.6927251 0.8294344
couch 0.5191261 0.5460706 0.78611267 0.59381497 0.8282385
cake 0.43654382 0.6017589 0.46884367 0.6452147 0.5659418
cake 0.43188226 0.6307969 0.5274817 0.6482891 0.57025075
cake 0.4213564 0.6225351 0.7588339 0.77778286 0.8626094
clock 0.38000274 0.63605386 0.58069676 0.71671945 0.61739856
toaster 0.37076944 0.6006473 0.34434593 0.61386716 0.3937474
clock 0.32643554 0.4787557 0.7230251 0.56736684 0.7483897
cake 0.31386313 0.59844863 0.76806015 0.6704062 0.80488855
cake 0.30077472 0.6258227 0.81228477 0.72447544 0.8637964
