tennis racket 0.72428864 0.52852774 0.49893242 0.5926269 0.53097963
tennis racket 0.68243164 0.45474258 0.49774244 0.51774156 0.526873
clock 0.62834996 0.4743993 0.7263074 0.53595436 0.76355964
tennis racket 0.58345044 0.45520395 0.53170055 0.51985234 0.5638721
tennis racket 0.5413634 0.5589496 0.2294247 0.6242964 0.2601027
tennis racket 0.5238959 0.4746913 0.16797197 0.5423294 0.20418453
tennis racket 0.5157013 0.4694079 0.23111315 0.52823484 0.25417262
tennis racket 0.46500674 0.39241403 0.16830947 0.44528592 0.19426565
tennis racket 0.4163076 0.5408756 0.5329833 0.5961452 0.56405914
tennis racket 0.41239348 0.47233665 0.21735643 0.5326009 0.23797125
tennis racket 0.37616462 0.40206897 0.91260654 0.4195884 0.9245703
tennis racket 0.37257984 0.40363464 0.19265242 0.4422514 0.21431847
tennis racket 0.3654083 0.47363818 0.19569589 0.53635395 0.22366384
tennis racket 0.34977558 0.40216404 0.90356946 0.41970962 0.91409546
tennis racket 0.34321475 0.5655421 0.2095471 0.6393683 0.24246012
tennis racket 0.33640057 0.45514816 0.53201234 0.50237775 0.56467396
tennis racket 0.33421606 0.40166047 0.9238931 0.4200023 0.9373301
