spoon 0.8390796 0.45115545 0.89448273 0.4796668 0.9831065
couch 0.7954695 0.5353125 0.8328046 0.69519895 1.0
clock 0.70908815 0.6130693 0.87850285 0.6959249 0.9643315
spoon 0.69817996 0.6153343 0.04976029 0.644994 0.16347042
toaster 0.6551876 0.5957836 0.077317744 0.61327124 0.2584346
spoon 0.62978595 0.46286848 0.73055226 0.47796097 0.77171826
couch 0.5544497 0.52391374 0.7182639 0.5729183 0.7637884
microwave 0.50069857 0.58002275 0.6185307 0.8535078 0.8745683
microwave 0.46644 0.5782059 0.6197261 0.89462703 0.87369984
couch 0.3965774 0.51419395 0.14826539 0.5352091 0.19263227
