sink 0.95170945 0.33593887 0.50179565 0.6706886 0.61795545
cell phone 0.9251845 0.42345056 0.75822353 0.49784374 0.8544384
cake 0.9179977 0.6728023 0.731876 0.99967283 0.85730505
cake 0.8436855 0.7651949 0.6363334 1.0 0.7650445
cake 0.66541827 0.62457865 0.8443018 1.0 0.89389634
sandwich 0.65411586 0.60033387 0.73698413 0.6138041 0.75307417
sandwich 0.62031585 0.6073497 0.76406866 0.6154709 0.7802674
spoon 0.6073086 0.6019844 0.72588444 0.6404208 0.802132
sandwich 0.58805317 0.6000599 0.7765989 0.61547726 0.79242164
microwave 0.4692516 0.6175337 0.2083253 0.7654891 0.364381
cake 0.45924446 0.5957599 0.88886756 0.9602576 0.9270646
sink 0.4172336 0.44655308 0.5628637 0.6528931 0.61959815
microwave 0.38016316 0.67422277 0.35301113 0.7210851 0.44590193
sandwich 0.35218126 0.58990276 0.74768 0.60996246 0.7641066
cake 0.35194695 0.804303 0.63557446 0.99929947 0.70424354
banana 0.32541597 0.5881624 0.7470034 0.60903656 0.7639498
