spoon 0.8473365 0.67408013 0.70237845 0.70325047 0.7460751
cake 0.8263493 0.65182066 0.7240776 0.99449754 0.89050615
couch 0.82572377 0.21358337 0.47512865 0.34442973 0.5134446
couch 0.7945685 0.5582117 0.14935571 0.6297548 0.20042175
couch 0.7939513 0.061241116 0.08093185 0.26075497 0.18004015
couch 0.7930578 0.12919717 0.8164393 0.299582 0.8819878
couch 0.7007913 0.47929537 0.48166287 0.6177578 0.5773221
spoon 0.68963385 0.6527761 0.76525426 0.6751339 0.8074076
clock 0.6843856 0.2974165 0.5085998 0.34932396 0.5349125
spoon 0.62590295 0.584742 0.39459008 0.604902 0.43636388
tennis racket 0.57918614 0.54848933 0.6976013 0.676597 0.7386652
cake 0.55054986 0.63248926 0.86236596 1.0 0.9307462
spoon 0.5473929 0.5919856 0.8437579 0.61873823 0.88154656
spoon 0.53550625 0.44874746 0.90809876 0.46696407 0.9290995
spoon 0.5262864 0.49281228 0.8617776 0.5048817 0.8824206
cake 0.5093666 0.625047 0.91456735 0.9618367 0.9560183
spoon 0.50122905 0.63859284 0.81964046 0.65442705 0.8565363
spoon 0.49308676 0.39572608 0.81717825 0.41535893 0.83605194
wine glass 0.48820892 0.44990185 0.81286925 0.47175065 0.83003265
couch 0.47232047 0.50166225 0.58877784 0.65288156 0.6818431
wine glass 0.46228382 0.39572608 0.81717825 0.41535893 0.83605194
wine glass 0.43291473 0.34453484 0.82402766 0.36093146 0.8352331
toaster 0.41295063 0.62728804 0.41716516 0.64700717 0.49295086
wine glass 0.39142588 0.44977507 0.8307949 0.47127044 0.83805424
spoon 0.38257357 0.3471616 0.8611386 0.36247352 0.88184273
spoon 0.37443587 0.63530374 0.7607915 0.6584498 0.79916614
spoon 0.36743575 0.6212614 0.8120637 0.64741266 0.8381971
wine glass 0.35729465 0.62112576 0.8109969 0.6480679 0.83488667
cake 0.35388485 0.64206725 0.76714104 0.99252594 0.9323543
wine glass 0.32228652 0.38693258 0.86718667 0.4067271 0.88169813
wine glass 0.31700787 0.5680575 0.8950271 0.60544795 0.91954726
tennis racket 0.30005437 0.57638496 0.6575425 0.6848117 0.70328945
