cake 0.95559627 0.55224437 0.46774566 1.0 0.63733554
cake 0.9157455 0.52118146 0.70820445 0.8912543 0.7866799
cake 0.88470495 0.5364436 0.6133394 0.9707906 0.726308
cake 0.85295755 0.50933796 0.9045117 0.6311046 0.9672042
cake 0.83465284 0.5096148 0.77012616 0.82362276 0.8354587
spoon 0.8006786 0.51960117 0.6233032 0.56207955 0.69211125
spoon 0.6987138 0.53141385 0.43325984 0.599826 0.5291627
clock 0.5821051 0.49169263 0.91119707 0.51973575 0.9220705
cake 0.5735963 0.47509676 0.92195743 0.5131301 0.96504694
toaster 0.5110122 0.54574114 0.07712651 0.5827575 0.20823714
sandwich 0.5039521 0.5438356 0.46324986 0.55934066 0.47762156
couch 0.47373325 0.43643624 0.8939779 0.51722807 0.9320197
microwave 0.46146664 0.5345935 0.250288 0.5701589 0.36886448
cake 0.45631966 0.5044103 0.9689555 0.60427386 0.9890863
sandwich 0.43899316 0.5424875 0.4778888 0.5555892 0.49653408
toaster 0.4154489 0.51507294 0.50554943 0.5574373 0.6312833
couch 0.40704232 0.45045915 0.59248716 0.5120429 0.6153247
cake 0.39698836 0.510295 0.9612668 0.6087259 0.9797631
toaster 0.35301217 0.53077674 0.51047564 0.55383205 0.5549506
banana 0.3207699 0.5095523 0.65679526 0.52600896 0.67540956
clock 0.31883717 0.48616666 0.9009549 0.51203644 0.9160747
