spoon 0.82778305 0.56729996 0.47755727 0.6177487 0.5913143
cake 0.70134896 0.77300733 0.34508607 0.99944526 0.4797463
cake 0.58914703 0.74000335 0.5628178 0.99899065 0.6613209
cake 0.5887179 0.82785887 0.3495958 0.9937206 0.4809398
sandwich 0.53756803 0.51441276 0.43840846 0.52211684 0.45539352
sandwich 0.5364477 0.51480585 0.42401713 0.5234414 0.43194962
sandwich 0.50470626 0.51049125 0.45755377 0.52292645 0.46806076
microwave 0.4971397 0.5750455 0.8264207 0.98806787 0.9200892
sandwich 0.48175627 0.5541414 0.48029426 0.56818324 0.4912409
spoon 0.4082588 0.52105165 0.41310015 0.54751134 0.48115072
banana 0.32720086 0.5541414 0.48029426 0.56818324 0.4912409
banana 0.3204997 0.51049125 0.45755377 0.52292645 0.46806076
banana 0.32043743 0.53895086 0.4869118 0.57010406 0.5869361
clock 0.30600205 0.25610837 0.2881573 0.29251954 0.3087457
