sink 0.9550226 0.3863084 0.7510511 0.8132807 0.90957135
cake 0.9080122 0.75220865 0.15432581 0.995927 0.38033924
cake 0.8554906 0.72650534 0.0 0.99941933 0.19151708
tennis racket 0.76679707 0.31563973 0.5065441 0.37198463 0.5190073
spoon 0.6522783 0.4403302 0.49978104 0.45399386 0.52040595
spoon 0.63759637 0.5396078 0.5214445 0.5581342 0.544177
banana 0.6166108 0.61091375 0.9583053 0.6333648 0.9819233
banana 0.566678 0.5824436 0.9869909 0.60927236 1.0
banana 0.5656563 0.60920656 0.97943455 0.63731843 0.99971455
microwave 0.54384845 0.53186107 0.269156 0.6908215 0.47690865
spoon 0.48220628 0.62801945 0.95522124 0.6703601 0.9998699
sandwich 0.4304008 0.60920656 0.97943455 0.63731843 0.99971455
tennis racket 0.39387208 0.34813127 0.52099836 0.37378803 0.5305321
clock 0.38325748 0.31563973 0.5065441 0.37198463 0.5190073
banana 0.3388203 0.59907657 0.9755423 0.62043476 0.9910507
sandwich 0.31773785 0.61091375 0.9583053 0.6333648 0.9819233
couch 0.3144457 0.20943606 0.40741417 0.24407278 0.4554368
spoon 0.31286722 0.6475748 0.9679656 0.6817998 0.99871397
