spoon 0.8799306 0.7032634 0.7261799 0.7651226 0.80746657
microwave 0.86639243 0.62461835 0.0 0.9958705 0.23698157
couch 0.59832513 0.504871 0.38330886 0.59699494 0.41829005
knife 0.5895943 0.5150191 0.08056995 0.5906402 0.1007054
spoon 0.58412033 0.59144247 0.34121445 0.615663 0.37081352
tennis racket 0.55093837 0.5298052 0.3752475 0.6058804 0.39266083
spoon 0.53124964 0.45077914 0.91755515 0.4872797 0.9508454
clock 0.3371447 0.5687546 0.3919571 0.59307855 0.40155607
knife 0.3295292 0.50147814 0.09599043 0.58995515 0.11238415
spoon 0.30218467 0.65692455 0.79679275 0.6929368 0.8301997
