tennis racket 0.93387926 0.18982694 0.4212433 0.44975707 0.48866338
tennis racket 0.90053326 0.20637104 0.4754007 0.42961267 0.5451709
tennis racket 0.87107474 0.45965928 0.5649144 0.6216441 0.6258063
tennis racket 0.86420286 0.4751339 0.5236872 0.6416679 0.5897595
tennis racket 0.8636881 0.1327921 0.57967657 0.3891453 0.642548
tennis racket 0.85872823 0.15959603 0.51926285 0.4071181 0.5947173
tennis racket 0.7640225 0.49934113 0.4808796 0.66793114 0.548019
tennis racket 0.75916797 0.5174392 0.44406837 0.69211036 0.5065502
tennis racket 0.48686573 0.43984208 0.59930706 0.60019124 0.6609721
tennis racket 0.47571236 0.2905236 0.42203 0.4623481 0.45478114
