cake 0.95584756 0.65044975 0.15894964 0.8145217 0.3140808
cake 0.94485927 0.61901194 0.300361 0.76838845 0.42673966
clock 0.8249888 0.6705924 0.56633335 0.74591064 0.60864145
toaster 0.6978426 0.6202039 0.7674989 0.66353375 0.93810153
spoon 0.6239004 0.62987894 0.16442116 0.64906365 0.22638918
cake 0.61697716 0.6069545 0.61597353 0.6409028 0.68435836
spoon 0.61269426 0.57781285 0.8920908 0.5969879 0.9567226
spoon 0.60138595 0.56472903 0.88732463 0.5965752 0.9612491
wine glass 0.59302175 0.63180333 0.12992354 0.6455266 0.15379253
cake 0.58459896 0.43491971 0.71498036 0.49231517 0.7479478
couch 0.5724416 0.40477976 0.77300245 0.4435605 0.85937715
couch 0.56959504 0.42578554 0.68011993 0.48391855 0.72353256
cake 0.56929606 0.52526176 0.8408362 0.54026854 0.9073941
wine glass 0.5300993 0.606662 0.26338863 0.62119347 0.28045902
cake 0.50943214 0.6005842 0.020113261 0.7396807 0.1410114
cake 0.48786214 0.48936623 0.92341584 0.5838266 1.0
wine glass 0.48110256 0.5909093 0.30943805 0.61848384 0.32887396
couch 0.45211077 0.36837158 0.84875035 0.46551052 0.9706948
couch 0.44252378 0.58295536 0.50911576 0.748098 0.65375334
cake 0.40535846 0.6021545 0.023659205 0.6289604 0.12602466
cake 0.3939078 0.5099127 0.925023 0.54608023 0.96896243
cake 0.38298556 0.5341138 0.8158266 0.5693603 0.9221153
clock 0.37820628 0.5748737 0.20188984 0.62373734 0.23235324
couch 0.36922243 0.44085708 0.982282 0.4945589 1.0
cake 0.35974598 0.44015968 0.77058476 0.5071594 0.8634252
chair 0.35972014 0.48936623 0.92341584 0.5838266 1.0
couch 0.3400991 0.40502304 0.77119017 0.46615195 0.8513086
spoon 0.33321047 0.63180333 0.12992354 0.6455266 0.15379253
clock 0.3323829 0.5640325 0.4953776 0.59026045 0.5309728
banana 0.33052954 0.56737065 0.8893739 0.58471024 0.95982707
wine glass 0.3217863 0.6064963 0.15145811 0.62208265 0.17358626
wine glass 0.31091556 0.5866632 0.2556839 0.6204646 0.28235543
