sink 0.9615103 0.3242138 0.8097297 0.6867306 0.9290693
cake 0.9084539 0.664101 0.52158266 0.9957907 0.68544275
spoon 0.71765685 0.37797257 0.61020094 0.39805743 0.6296273
cake 0.7144178 0.6049595 0.7090721 0.853022 0.7947813
spoon 0.6912195 0.42703438 0.5673473 0.44302478 0.58003485
microwave 0.6795113 0.50850815 0.3234414 0.58534545 0.47612995
toaster 0.6161057 0.5532575 0.50406706 0.5767487 0.5859039
cake 0.58786863 0.56894946 0.81984496 0.76252383 0.8621472
cake 0.5104768 0.62971574 0.6580515 0.91017026 0.75185907
cake 0.46870556 0.5846715 0.76148754 0.8275972 0.8359491
wine glass 0.3604558 0.42703438 0.5673473 0.44302478 0.58003485
