cake 0.9694008 0.67831945 0.5915648 0.979647 0.7240602
cake 0.9561259 0.68125826 0.39258024 0.9851341 0.5247728
cake 0.9195819 0.6850959 0.17920512 0.993914 0.31760582
clock 0.79183626 0.42931134 0.6522057 0.5040796 0.6943177
couch 0.7875855 0.3721686 0.2418009 0.45254743 0.33382887
sandwich 0.74541795 0.49096867 0.63646346 0.50765926 0.655888
cell phone 0.5334653 0.21084979 0.95625174 0.4037825 1.0
couch 0.4264436 0.3197857 0.5905386 0.4948291 0.741794
sandwich 0.36513773 0.5027565 0.61087984 0.52440757 0.62815183
sandwich 0.3481854 0.47369406 0.6238245 0.4981605 0.64084244
microwave 0.34553942 0.21084979 0.95625174 0.4037825 1.0
sandwich 0.33780944 0.49037856 0.6135202 0.51077473 0.63742787
microwave 0.30612355 0.46523643 0.94788104 0.67705137 1.0
