clock 0.93001705 0.4948837 0.28545195 0.6644418 0.34267145
book 0.87610346 0.37688068 0.7081353 0.49141017 0.7898254
microwave 0.83017707 0.6940825 0.45098746 0.97192854 0.58408594
cake 0.754686 0.5095812 0.88988245 0.6599162 0.97953546
cake 0.7289034 0.563779 0.036418922 0.8163836 0.19411635
cake 0.6571245 0.60272485 0.23612982 0.6455662 0.29009867
spoon 0.56969947 0.56334823 0.51538885 0.60595644 0.58180237
spoon 0.5604311 0.5849999 0.5171945 0.6095132 0.5812336
spoon 0.55932313 0.5687124 0.36285728 0.6015819 0.43886304
toaster 0.52982074 0.5793573 0.6612432 0.59999406 0.7348281
banana 0.47636452 0.59864956 0.42164004 0.6252848 0.43706584
sandwich 0.4734465 0.56057733 0.37811384 0.58404166 0.39632443
banana 0.47036797 0.558953 0.5410838 0.58909446 0.57786846
banana 0.44528356 0.56057733 0.37811384 0.58404166 0.39632443
sandwich 0.44458106 0.5651972 0.39565533 0.58458436 0.41156763
sandwich 0.44144198 0.5362323 0.3914146 0.56800896 0.4186745
cell phone 0.4291082 0.6918642 0.45097944 0.96712816 0.5841076
sandwich 0.42686895 0.55643386 0.42138338 0.58063877 0.43617266
sandwich 0.4257479 0.55843633 0.40944266 0.5817403 0.43232024
spoon 0.41971412 0.5953428 0.043458335 0.6266211 0.091003455
banana 0.41277388 0.5651972 0.39565533 0.58458436 0.41156763
cake 0.40879312 0.56175 0.8892971 0.6518196 0.91717815
cake 0.3654183 0.5007351 0.8905807 0.5327361 0.91104895
banana 0.3343473 0.60098344 0.4449339 0.6191568 0.4603663
banana 0.3266211 0.56052464 0.5155094 0.59808135 0.58176285
banana 0.30566362 0.5776657 0.5675861 0.58878136 0.5771677
banana 0.3018113 0.5362323 0.3914146 0.56800896 0.4186745
