microwave 0.8720819 0.5044271 0.7865538 0.6626001 0.9059039
spoon 0.7972305 0.868499 0.4873606 0.92057407 0.5585635
spoon 0.72170323 0.81704503 0.42837942 0.86809045 0.4837438
microwave 0.6400878 0.5936003 0.5810373 0.6670598 0.67116
spoon 0.6081175 0.46350637 0.5181351 0.47520342 0.5339203
spoon 0.5418565 0.8789729 0.58328086 0.9542435 0.6227096
spoon 0.4856658 0.42086127 0.56072605 0.43807337 0.5754682
book 0.44417033 0.069157995 0.94980145 0.38247678 0.99920964
wine glass 0.4048702 0.4558121 0.56377506 0.47615764 0.5730053
tennis racket 0.38061756 0.56833726 0.558237 0.6468274 0.57020646
spoon 0.34857053 0.36100152 0.5196563 0.37984896 0.5336021
wine glass 0.347873 0.39991683 0.18813069 0.49398425 0.22292729
microwave 0.32833967 0.58112115 0.3556986 0.62787527 0.40417892
toaster 0.32713988 0.579644 0.35570627 0.625137 0.40450037
cell phone 0.3254422 0.58112115 0.3556986 0.62787527 0.40417892
tennis racket 0.30791453 0.5435592 0.5057074 0.5779841 0.5212884
knife 0.30576438 0.52002496 0.6414106 0.55615425 0.65856636
wine glass 0.30127734 0.32015657 0.5574532 0.3493885 0.5734833
