cake 0.95945126 0.62375385 0.46523714 0.9972822 0.61762774
cake 0.94592077 0.6068278 0.38029048 0.97947896 0.4897463
cake 0.92451143 0.5797593 0.2491532 0.87863064 0.33276188
cake 0.89014 0.5940794 0.3125072 0.9246022 0.40210718
cake 0.874569 0.5459663 0.16653289 0.6983877 0.22847967
cake 0.85216314 0.5528894 0.09646548 0.71491855 0.17190318
cake 0.85059637 0.5510159 0.012022212 0.7191019 0.10135131
cake 0.8167668 0.54289067 0.36215806 0.6017914 0.40939194
microwave 0.6450394 0.5369246 0.42426145 0.5971221 0.48406106
microwave 0.6397457 0.5588018 0.58816534 0.6414663 0.76010567
microwave 0.57123375 0.5617141 0.5871762 0.6388587 0.7366257
cake 0.566182 0.5392211 0.0809666 0.5805605 0.12405244
cake 0.498785 0.550174 0.2953555 0.6167732 0.35163987
cake 0.4758317 0.53454435 0.13832805 0.55290616 0.15268683
chair 0.4119385 0.73153794 0.0013543069 0.9958006 0.20746508
toaster 0.40044498 0.6015215 0.4935914 0.6217157 0.52805585
couch 0.38220027 0.44063577 0.0040213587 0.53531194 0.023897938
couch 0.35055286 0.44547826 0.0033490062 0.5913208 0.024394827
toaster 0.3310261 0.6138582 0.5389238 0.63368887 0.61356026
cake 0.32681754 0.52693725 0.27512345 0.57044214 0.308678
cell phone 0.30693567 0.40197888 0.953446 0.51669246 0.9976453
