microwave 0.74064374 0.6335591 0.88542926 0.9975386 1.0
spoon 0.7279074 0.4887943 0.9291589 0.51709163 0.96637905
cell phone 0.6200644 0.63975716 0.4621331 0.8883555 0.62094754
banana 0.5836627 0.5773502 0.47799894 0.60316414 0.5479726
spoon 0.54826224 0.43048516 0.92798656 0.44307858 0.9572565
spoon 0.52918226 0.47954258 0.97799647 0.5193446 1.0
sink 0.47089785 0.26022345 0.24981341 0.8215009 0.35498068
banana 0.3995634 0.5853518 0.5317851 0.5984219 0.5487198
clock 0.37472185 0.40400085 0.9670146 0.44370115 0.98866516
microwave 0.33751136 0.63975716 0.4621331 0.8883555 0.62094754
cake 0.31107992 0.5434218 0.8341879 0.5724079 0.880107
