tennis racket 0.7670539 0.6357553 0.7624549 0.704749 0.8225303
toaster 0.7355037 0.6266659 0.5079718 0.65820915 0.72800994
couch 0.7307609 0.4136614 0.4030408 0.50454324 0.48021978
couch 0.6787586 0.5299243 0.338795 0.5694821 0.4051032
tennis racket 0.60765713 0.6001557 0.803975 0.70966375 0.8545366
tennis racket 0.55014366 0.60981554 0.42128012 0.65203494 0.44147596
tennis racket 0.46940535 0.6050132 0.40330857 0.6568422 0.4238793
tennis racket 0.46042004 0.59861475 0.74760455 0.6717804 0.79355854
tennis racket 0.44608846 0.61355525 0.3372357 0.64953417 0.36321044
broccoli 0.4172007 0.7244255 0.83984196 0.73783606 0.876776
broccoli 0.37492287 0.7330277 0.8296579 0.7483916 0.874961
orange 0.3691161 0.69588476 0.76435137 0.7446601 0.84414876
tennis racket 0.3464708 0.6042945 0.40576988 0.63389415 0.4227347
