cake 0.95058626 0.6759072 0.15422234 0.99502176 0.3794537
cake 0.925669 0.59612465 0.40302116 0.9949278 0.56311965
cake 0.8634816 0.58504313 0.62977946 0.74439514 0.6861954
microwave 0.7898951 0.6339491 0.03785219 0.9128502 0.114773266
couch 0.71896654 0.47985432 0.29291213 0.56644964 0.3753404
spoon 0.66115785 0.6196999 0.3398185 0.6542241 0.42762968
wine glass 0.6298115 0.37837645 0.5250761 0.39500055 0.539681
wine glass 0.61210304 0.41626513 0.16515517 0.4465067 0.17428961
spoon 0.59129685 0.43392146 0.5695879 0.44576138 0.5887541
knife 0.57299244 0.55448693 0.041891776 0.5814928 0.05802413
wine glass 0.55610275 0.32982776 0.56502473 0.3484841 0.5724251
banana 0.5379747 0.55132955 0.5402166 0.5647561 0.5482033
wine glass 0.5354758 0.36992913 0.16249995 0.39728576 0.17167781
knife 0.52802604 0.55275 0.059500974 0.5828594 0.06758368
banana 0.52741617 0.55379885 0.5473845 0.5652155 0.5570636
wine glass 0.5220807 0.41728178 0.17666616 0.4460896 0.18577756
wine glass 0.5172724 0.37919277 0.51109713 0.39509916 0.5239261
wine glass 0.47521117 0.37069982 0.17568444 0.3968044 0.18502842
spoon 0.44201377 0.43447667 0.5146533 0.4449385 0.53373206
knife 0.43591982 0.5529181 0.072001725 0.58352935 0.08687489
wine glass 0.3929486 0.37047234 0.23540314 0.39656407 0.24572115
wine glass 0.37495482 0.32889643 0.57239187 0.34716722 0.5813898
toaster 0.36669618 0.5840559 0.3350121 0.5951628 0.42664996
spoon 0.36240333 0.38256088 0.56487304 0.39509773 0.5944864
wine glass 0.35177377 0.36903328 0.21911572 0.39812458 0.2308916
banana 0.33029142 0.5545004 0.5304681 0.5644722 0.54084885
cake 0.31836873 0.5829143 0.63015825 0.66753054 0.6855274
wine glass 0.31696352 0.45853916 0.1802333 0.47383967 0.1884849
spoon 0.3157737 0.5602308 0.52682334 0.585574 0.5613145
clock 0.3136544 0.53595877 0.3148865 0.56411576 0.32891667
wine glass 0.30112982 0.5576748 0.24304466 0.5882488 0.25801846
