cake 0.77394855 0.6228775 0.6365005 0.85770476 0.73390216
cake 0.7470093 0.56800294 0.8750515 0.7003865 0.99002486
couch 0.6740401 0.55643857 0.6597486 0.60235906 0.7398204
cake 0.62052745 0.5686406 0.79554504 0.70106363 0.86095935
wine glass 0.5757178 0.7956198 0.27821162 0.84115416 0.30308667
fork 0.5688921 0.55947584 0.34971112 0.5704418 0.36673546
fork 0.5452132 0.5704248 0.34881917 0.5787047 0.36690012
wine glass 0.49120826 0.75143456 0.28012604 0.78157294 0.30671883
couch 0.48765895 0.5435691 0.07475928 0.59199846 0.13057962
couch 0.4738622 0.53965926 0.7495044 0.5965103 0.81593627
tennis racket 0.47063693 0.5513055 0.26951873 0.59100646 0.28324813
spoon 0.43124887 0.58198637 0.29519394 0.5957766 0.3104463
cake 0.43040508 0.55982643 0.619847 0.5934003 0.6332748
couch 0.3854102 0.54247546 0.07389067 0.61007977 0.13135424
wine glass 0.38308 0.75099564 0.30406535 0.7849052 0.33219057
couch 0.37470576 0.53841573 0.7516814 0.5732998 0.8152779
wine glass 0.36563852 0.7536615 0.3389446 0.7906182 0.3659681
cake 0.3561819 0.60808104 0.7312088 0.802484 0.76727957
clock 0.34666082 0.57955915 0.08530359 0.6129928 0.11979353
wine glass 0.3311902 0.7970753 0.33698007 0.84895194 0.35971653
tennis racket 0.30758408 0.58679765 0.053495523 0.61186236 0.10057162
wine glass 0.3037566 0.7945471 0.31312874 0.84395397 0.33420062
