spoon 0.86508644 0.6605466 0.6684667 0.72061324 0.7311517
microwave 0.69617426 0.5721075 0.74536145 0.8077944 0.9145801
banana 0.6434903 0.67028195 0.5205033 0.70086116 0.53998744
banana 0.62403584 0.67069423 0.5448547 0.695862 0.5662399
couch 0.559115 0.46584266 0.43620268 0.5946245 0.49159506
banana 0.5380014 0.5877381 0.30295444 0.6076814 0.3191446
banana 0.50462127 0.6436825 0.6768249 0.674924 0.72006464
clock 0.4937639 0.5551991 0.45840472 0.5961015 0.47804898
spoon 0.47796085 0.5191333 0.18507645 0.6411103 0.21900591
banana 0.44833252 0.6509537 0.6774242 0.6723735 0.69563293
spoon 0.4247233 0.5736422 0.81429625 0.60048115 0.8442905
banana 0.41993213 0.6704531 0.5182567 0.7001098 0.5727201
spoon 0.41921896 0.35595456 0.31888628 0.3734764 0.33875144
spoon 0.38743293 0.3427604 0.26060966 0.36933538 0.2899699
fork 0.3610449 0.4566886 0.9042168 0.49896225 0.91170114
wine glass 0.35334855 0.38774776 0.54387325 0.40384033 0.5539691
wine glass 0.32466212 0.341669 0.25162435 0.3650322 0.26777136
spoon 0.32418677 0.341669 0.25162435 0.3650322 0.26777136
banana 0.32075286 0.6513325 0.6977671 0.67266005 0.7187324
clock 0.3047537 0.2857359 0.5229101 0.32962066 0.5331249
spoon 0.30345714 0.6892832 0.46073386 0.71602887 0.4817191
