cake 0.9664052 0.5971219 0.31859183 0.9442786 0.45823318
cake 0.95510644 0.5542513 0.14875504 0.8932911 0.28598684
cake 0.71934456 0.597741 0.5156077 0.95489335 0.65927315
cake 0.7126177 0.5589377 0.6358993 0.88970053 0.75956345
spoon 0.6953228 0.5544482 0.52834266 0.58537924 0.5850046
couch 0.6824557 0.45790347 0.7602138 0.52839094 0.79917663
spoon 0.5801056 0.53441435 0.55886066 0.55818915 0.59497607
fork 0.5398257 0.46266553 0.56387246 0.4924207 0.57093513
book 0.5239493 0.3417448 0.20258911 0.38903567 0.22065224
clock 0.51663667 0.4955838 0.28748104 0.5221742 0.3012888
spoon 0.50159305 0.51499146 0.7326675 0.5332299 0.769738
bowl 0.38295755 0.51707417 0.48705134 0.5636696 0.53420424
fork 0.3696545 0.48130995 0.5702207 0.49201187 0.57596195
toaster 0.34043327 0.55120516 0.8304771 0.5884882 0.9384793
couch 0.3059164 0.4144179 0.25086272 0.522698 0.3386711
