cake 0.97671026 0.6779041 0.608426 0.9968314 0.808681
cake 0.964795 0.67575896 0.21298274 0.99688166 0.40195307
cake 0.951771 0.67272127 0.4263003 0.9908876 0.5915121
sink 0.9325636 0.31368086 0.09138289 0.84281 0.20291409
couch 0.8983626 0.4228633 0.28052065 0.59903365 0.4040964
microwave 0.73556596 0.3661404 0.81883407 0.7177074 0.9045552
toaster 0.680958 0.5812137 0.44310564 0.6078318 0.5683914
clock 0.620647 0.5028603 0.31254575 0.5992648 0.37104067
tennis racket 0.6097506 0.50088656 0.36514074 0.6063828 0.38312197
tennis racket 0.60259604 0.496335 0.3874878 0.6008086 0.40792915
spoon 0.6005137 0.51452076 0.57938045 0.5461872 0.6224244
cell phone 0.528494 0.3836851 0.8256638 0.50356746 0.89641297
tennis racket 0.44575974 0.4958159 0.38031 0.5987196 0.39165783
toaster 0.4375064 0.53649795 0.44839516 0.5486316 0.5626872
tennis racket 0.3888697 0.55109066 0.46983245 0.6046522 0.48081872
tennis racket 0.38503084 0.49751815 0.3801761 0.5572524 0.3916113
microwave 0.3616608 0.5102971 0.820667 0.7168237 0.9018686
