clock 0.95319927 0.45873532 0.04253598 0.6220184 0.10184808
cake 0.9187341 0.70081264 0.62829876 0.9438205 0.68097985
couch 0.90994495 0.5138586 0.473498 0.5965921 0.5389118
tennis racket 0.6380467 0.5164547 0.9306532 0.5922622 0.9486935
tennis racket 0.5725605 0.517439 0.9129136 0.5907517 0.9273439
tennis racket 0.5520755 0.5210646 0.94844866 0.59516263 0.96866035
cake 0.5049018 0.67918164 0.6297287 0.7070485 0.6455575
wine glass 0.46928403 0.4161062 0.9014743 0.44217187 0.9198224
couch 0.4102795 0.51488984 0.32265127 0.53565425 0.3394546
sink 0.36603555 0.3705261 0.6577822 0.68934876 0.7212547
spoon 0.36585012 0.40013903 0.96651053 0.4325593 0.9954598
toaster 0.3585682 0.5396733 0.3089321 0.551823 0.35191473
