cake 0.94434273 0.5155286 0.43236065 0.8117728 0.5634214
cake 0.9096816 0.54496753 0.21647608 0.9260788 0.38973844
spoon 0.82052463 0.4345571 0.3219836 0.48825535 0.40061006
tennis racket 0.6434962 0.41415632 0.9101076 0.4861926 0.92305076
spoon 0.6406125 0.48579264 0.8904418 0.5189558 0.9476203
tennis racket 0.61084855 0.41491124 0.92177606 0.48598465 0.93462074
couch 0.49194 0.3808352 0.74133015 0.45190015 0.7804978
clock 0.39828596 0.40434334 0.4599059 0.43608582 0.47118506
banana 0.3450804 0.455655 0.4154844 0.4821548 0.43345
toaster 0.33736163 0.43666053 0.50485706 0.45206383 0.5760114
