couch 0.81665033 0.5528333 0.63245344 0.69232 0.76217705
tennis racket 0.6866281 0.42044804 0.23583347 0.52094096 0.27216718
couch 0.6758107 0.3875012 0.28116682 0.5140097 0.44170475
clock 0.6341514 0.46586087 0.31249177 0.51303506 0.377407
wine glass 0.5644891 0.3009383 0.0009742848 0.33055204 0.035855077
couch 0.5162708 0.46238768 0.48457545 0.52346885 0.5452002
toaster 0.5133793 0.5084222 0.0014423137 0.5346865 0.22095577
couch 0.4816337 0.48126888 0.5349272 0.52428174 0.577596
tennis racket 0.38415238 0.17812873 0.24791388 0.24741031 0.28059617
wine glass 0.34472775 0.3027021 0.042910006 0.33162102 0.07625099
wine glass 0.33988327 0.48369783 0.2857866 0.5278967 0.33118314
tennis racket 0.3238792 0.21146026 0.2531247 0.24798667 0.27916884
clock 0.3127629 0.48673797 0.48782885 0.5224222 0.5286975
couch 0.3113466 0.46771103 0.52272815 0.52188474 0.5501146
couch 0.30987808 0.4242298 0.25900832 0.48522776 0.31626642
clock 0.305427 0.06686684 0.0018155463 0.14100006 0.06329887
