sink 0.92742693 0.35837087 0.7545032 0.6927984 0.95197827
cake 0.7601575 0.65087354 0.911291 0.7193254 0.96996725
fork 0.728807 0.67491454 0.093915515 0.74031293 0.15018381
fork 0.71418864 0.6030857 0.06892626 0.66988474 0.109668285
fork 0.68944156 0.65790075 0.10063511 0.7102952 0.14459737
fork 0.6469668 0.63564837 0.0943845 0.7092246 0.1447723
couch 0.607932 0.5686477 0.13164802 0.6218114 0.17672224
microwave 0.6064733 0.59496367 0.45284042 0.6676703 0.6151507
knife 0.5982452 0.5390042 0.44659716 0.5725563 0.46463543
toaster 0.57412106 0.6501779 0.23174438 0.68545514 0.35866305
microwave 0.56282693 0.41075632 0.9482241 0.53789586 0.99940425
fork 0.5615889 0.6214351 0.07849294 0.6776189 0.11282636
fork 0.52707416 0.6341221 0.091094136 0.698534 0.13075335
tennis racket 0.44630778 0.5508388 0.65503204 0.6051463 0.66733694
fork 0.41511282 0.70367473 0.09173762 0.7442833 0.12315587
fork 0.394039 0.56081825 0.40117458 0.5696431 0.40849224
knife 0.3924371 0.53891426 0.437945 0.57206583 0.44708723
fork 0.3780353 0.5328422 0.3984901 0.56788975 0.41038588
couch 0.36251926 0.7606091 0.9464256 0.85715216 0.97700757
microwave 0.35321227 0.5409635 0.9468388 0.6736852 1.0
