cake 0.9465345 0.5670225 0.351256 0.99538064 0.51157355
cake 0.93816805 0.54106086 0.2516227 0.90784925 0.3629124
cake 0.8854955 0.5302885 0.19261076 0.84624916 0.27180746
sink 0.7743672 0.32869866 0.38260764 0.5317289 0.454983
couch 0.7317287 0.44704634 0.52104646 0.5074535 0.54656357
cake 0.7279504 0.52241176 0.14753655 0.79774654 0.21629092
couch 0.692334 0.5191075 0.56179744 0.59880424 0.6310163
couch 0.6495324 0.34377137 0.2843907 0.5043623 0.34575117
cake 0.6473761 0.50501794 0.111978516 0.64727443 0.18896832
spoon 0.6362173 0.55129874 0.46246094 0.58286566 0.5013379
tennis racket 0.5740113 0.45961198 0.023891103 0.5181093 0.035135202
tennis racket 0.54649913 0.44968298 0.5949018 0.50879925 0.602111
microwave 0.5340413 0.50508255 0.58368593 0.56403285 0.74096555
clock 0.53201836 0.46546683 0.10664791 0.52330744 0.13167149
couch 0.52460694 0.5205438 0.5733218 0.56531745 0.625813
spoon 0.5147507 0.51995575 0.27200016 0.5433238 0.30369106
cake 0.46025077 0.54163903 0.07819551 0.6466405 0.112002894
couch 0.4423786 0.45036918 0.8696158 0.5364964 0.92428315
tennis racket 0.44023442 0.46418563 0.6030388 0.5057453 0.6089742
toaster 0.40068102 0.48085395 0.4544641 0.4947789 0.5097759
clock 0.38422117 0.4828366 0.8875221 0.53258795 0.9036982
clock 0.34702533 0.5549458 0.563179 0.5985135 0.6307633
spoon 0.33181486 0.513176 0.21510386 0.53059113 0.24405494
microwave 0.30961543 0.50477433 0.5846824 0.53149897 0.74002224
clock 0.3026411 0.50943196 0.8850839 0.53822345 0.9058126
