couch 0.75498354 0.12348654 0.81670094 0.7057853 1.0
spoon 0.7547302 0.39459616 0.22767977 0.42178753 0.29164758
tennis racket 0.7133407 0.49568397 0.6764091 0.57439715 0.6960304
tennis racket 0.676488 0.51643753 0.6605073 0.5748662 0.67706954
wine glass 0.6747111 0.538694 0.29142648 0.5862062 0.32335728
tennis racket 0.60473204 0.4951278 0.69571847 0.5737763 0.7169445
wine glass 0.57377535 0.54103285 0.32969606 0.5851765 0.36016905
tennis racket 0.5503092 0.5161126 0.635835 0.5740798 0.6507222
wine glass 0.53361857 0.3239394 0.2883562 0.35118905 0.30951044
spoon 0.5077884 0.25724056 0.23219432 0.2839614 0.25362322
clock 0.5052123 0.48387626 0.9575391 0.75723684 1.0
sink 0.50501984 0.0 0.0 0.99022037 0.19246012
tennis racket 0.4952989 0.4955343 0.6489746 0.5735324 0.66522974
spoon 0.47061402 0.18176123 0.23968145 0.20500188 0.2818676
spoon 0.46062374 0.5663263 0.80201405 0.6230339 0.8476928
cake 0.45968747 0.7798898 0.69613534 0.99939615 0.8467503
spoon 0.458608 0.26031482 0.7465588 0.2835801 0.78904784
spoon 0.43951243 0.2704965 0.6953448 0.2837257 0.72833407
spoon 0.4342794 0.25595042 0.6969899 0.26493615 0.7269701
toaster 0.43426353 0.5827577 0.51405954 0.5978374 0.62993526
wine glass 0.41344818 0.32758483 0.27090216 0.35051036 0.2872246
toaster 0.40931982 0.6078914 0.1832443 0.6560131 0.2403606
microwave 0.40905544 0.61966366 0.7543642 0.6865016 0.84322745
spoon 0.40679756 0.32758483 0.27090216 0.35051036 0.2872246
spoon 0.39732468 0.25558192 0.20743324 0.28489897 0.23108365
microwave 0.39437476 0.6052832 0.77201426 0.6582027 0.8477485
wine glass 0.39417416 0.25724056 0.23219432 0.2839614 0.25362322
spoon 0.39048994 0.32552123 0.7154834 0.35163215 0.7344706
wine glass 0.35943437 0.32437226 0.68851835 0.35120413 0.7088081
wine glass 0.3436971 0.32552123 0.7154834 0.35163215 0.7344706
spoon 0.33736387 0.25590864 0.74827754 0.2668081 0.78698635
wine glass 0.33277 0.32358667 0.7717174 0.3514378 0.79256773
toaster 0.31513843 0.5819923 0.411625 0.5981954 0.60764074
microwave 0.30797875 0.60410154 0.6169803 0.8911134 0.83959687
toaster 0.30040044 0.580927 0.41464537 0.5996192 0.6205265
