couch 0.7768917 0.53279495 0.25281957 0.6044102 0.29140964
spoon 0.6774883 0.52179193 0.316482 0.577446 0.37993664
cake 0.6273671 0.639823 0.79884315 0.8689413 0.9101187
cake 0.58769625 0.65230733 0.9350371 0.7412619 0.9920121
tennis racket 0.5776973 0.5427413 0.22501567 0.6005863 0.2394728
tennis racket 0.5636567 0.54264474 0.19794165 0.60089684 0.21088482
couch 0.5042339 0.543131 0.9133054 0.6118208 0.9828173
tennis racket 0.488677 0.5383116 0.21248703 0.5973612 0.22625215
couch 0.47701856 0.597478 0.8366119 0.62950563 0.85694
sandwich 0.47573766 0.6223235 0.56172496 0.6326446 0.5740673
spoon 0.4551116 0.6432516 0.5545198 0.67957777 0.65935063
clock 0.43261 0.43544084 0.65045476 0.48428008 0.671602
sandwich 0.4249716 0.620518 0.549408 0.6307583 0.56155294
cake 0.42462665 0.5989767 0.76081395 0.6378498 0.82720757
banana 0.39954862 0.69392365 0.08629928 0.71943974 0.10694999
sandwich 0.38471553 0.5857254 0.3748352 0.6033416 0.3998866
clock 0.38023776 0.56261104 0.25662187 0.6044756 0.2845808
broccoli 0.37159774 0.6762468 0.11186253 0.72792095 0.14945598
couch 0.369659 0.59636194 0.83509034 0.6317729 0.87194806
clock 0.36716712 0.6171238 0.8397457 0.6312758 0.8529727
bowl 0.36040103 0.6127093 0.5430289 0.6290845 0.5527372
tennis racket 0.35005844 0.77287847 0.65615535 0.7923049 0.6709012
banana 0.34489882 0.70728254 0.0638371 0.73419976 0.08657824
sandwich 0.34096172 0.612816 0.5780788 0.6295884 0.591358
couch 0.34018603 0.5437292 0.941849 0.61097944 0.98497474
microwave 0.33674166 0.5851932 0.0 0.65404356 0.13854276
cake 0.33160305 0.63749725 0.873675 0.7293378 0.919724
couch 0.31894222 0.5463347 0.9161865 0.60749424 0.9488378
broccoli 0.3181038 0.7509882 0.0857949 0.7721252 0.10796396
sandwich 0.3128011 0.60340977 0.56414175 0.6263415 0.57996523
sandwich 0.30353132 0.5772045 0.35737026 0.6022222 0.39532757
