cake 0.9204698 0.54642856 0.5278669 0.94928443 0.7851369
chair 0.915462 0.43063647 0.72221047 0.62114185 1.0
tennis racket 0.6482779 0.42582133 0.07046496 0.48380247 0.09059788
cake 0.57290447 0.42261302 0.59315354 0.44579542 0.6543554
cake 0.57076746 0.44236386 0.47497258 0.47614515 0.55851465
toaster 0.546538 0.5483096 0.151968 0.5669902 0.32063395
tennis racket 0.52474153 0.42659542 0.04149167 0.48572704 0.06402394
sandwich 0.49454287 0.45473418 0.4261336 0.46390226 0.4559847
sandwich 0.47511673 0.4515477 0.4020293 0.4742531 0.43163016
cake 0.42599455 0.43428668 0.6622487 0.4758068 0.69175977
banana 0.41968724 0.4200805 0.55697197 0.4534305 0.60042036
tennis racket 0.39523005 0.42591625 0.05992757 0.48476017 0.07939906
cake 0.3854395 0.4303563 0.682807 0.47713432 0.72843033
bowl 0.3763606 0.46155238 0.45949954 0.49438763 0.4848166
cake 0.3331474 0.43410337 0.6356495 0.47652096 0.6973375
sandwich 0.3296006 0.45095345 0.39115003 0.5001644 0.48170036
cake 0.3232425 0.42869303 0.7028936 0.47643468 0.7297266
banana 0.30453327 0.4439998 0.42937836 0.45713767 0.4557036
