cake 0.89506954 0.6910923 0.6388925 0.91083854 0.7461112
cake 0.89350355 0.6928439 0.39756423 0.9171037 0.491561
cake 0.8586626 0.6931999 0.27323592 0.9180083 0.37711662
cake 0.8113002 0.69357556 0.52601486 0.91555256 0.61984915
tennis racket 0.65177536 0.53689545 0.5525055 0.573654 0.56151986
couch 0.6498139 0.38750568 0.6247009 0.45276397 0.65844345
couch 0.648576 0.7118203 0.93397945 0.9443032 1.0
tennis racket 0.5951243 0.5360555 0.5618392 0.57430375 0.5713731
couch 0.5911245 0.5185718 0.7117647 0.5883615 0.7468791
spoon 0.37009642 0.42332482 0.2374861 0.43271923 0.25640646
clock 0.34671125 0.27331835 0.6637187 0.3924197 0.7133305
spoon 0.31410894 0.54265434 0.33580053 0.56690395 0.37781775
