banana 0.8005522 0.5929122 0.57894766 0.65568614 0.61819935
spoon 0.77947146 0.6408668 0.40827397 0.70954657 0.5238746
banana 0.5877707 0.5581064 0.9551334 0.58449197 0.9718712
banana 0.57659894 0.59094584 0.22863461 0.6248102 0.2526757
banana 0.5436768 0.58759266 0.21472871 0.6225311 0.23270366
banana 0.52186525 0.5888043 0.24843879 0.6207727 0.26233825
sandwich 0.48663545 0.5597611 0.9749824 0.58578855 0.9954035
banana 0.448787 0.6158365 0.6181615 0.6463847 0.6440006
banana 0.43855104 0.6313531 0.62837064 0.6609245 0.658708
sandwich 0.42938018 0.58759266 0.21472871 0.6225311 0.23270366
toaster 0.3942355 0.5762404 0.76939017 0.5913927 0.93773156
couch 0.37563565 0.41906175 0.7104885 0.57011634 0.7387509
banana 0.37341216 0.5597611 0.9749824 0.58578855 0.9954035
couch 0.37116098 0.3973352 0.97181916 0.5350723 0.9992192
toaster 0.30712256 0.6514482 0.040486466 0.6814005 0.09887722
