cake 0.9638318 0.59908026 0.27052337 0.8526494 0.3748604
cake 0.94939893 0.60598683 0.6234439 0.85601723 0.7159062
cake 0.94099665 0.60028267 0.37409958 0.8512905 0.4721184
cake 0.9367366 0.6004904 0.5278531 0.8513371 0.61093086
sink 0.89518094 0.42370436 0.9006158 0.82379436 0.970965
clock 0.7007069 0.53597814 0.29370078 0.6011497 0.31340912
clock 0.67711604 0.51651144 0.68398696 0.5582619 0.70344466
fork 0.6705824 0.5311646 0.7163425 0.54403394 0.72397333
cake 0.63204163 0.57054794 0.032176804 0.7661189 0.07126871
spoon 0.6072435 0.5539899 0.6165799 0.58934116 0.6618712
couch 0.550711 0.4933243 0.03225661 0.5609881 0.0652822
fork 0.52166003 0.5081827 0.7206364 0.52931076 0.7286363
banana 0.51314074 0.56949425 0.3976353 0.5987351 0.4502522
couch 0.48875287 0.491885 0.05801203 0.5545825 0.093564264
toaster 0.45102862 0.5782583 0.48669982 0.58872414 0.56280446
clock 0.44417942 0.5229759 0.033799857 0.56195813 0.04581561
knife 0.4218703 0.5069036 0.6068174 0.53211313 0.6241551
chair 0.4085137 0.907173 0.0 0.9962034 1.0
couch 0.35302386 0.45746773 0.25596347 0.59841466 0.34242263
chair 0.30097538 0.89946985 0.5193256 0.99473816 1.0
