toaster 0.7798666 0.5532396 0.328838 0.64965665 0.47766113
spoon 0.68781644 0.50317806 0.7682889 0.59273577 0.88272876
microwave 0.6682617 0.56602883 0.66921586 0.9907328 0.9981769
clock 0.6651929 0.48493525 0.42479026 0.51659966 0.4402678
spoon 0.63924086 0.33402187 0.5834021 0.3501339 0.60226685
wine glass 0.55562645 0.1758665 0.6126735 0.20275404 0.62636137
spoon 0.5318494 0.3451019 0.17446598 0.35104233 0.21236897
couch 0.5184195 0.43827787 0.41371638 0.5183378 0.46613944
spoon 0.5129458 0.31623265 0.58339757 0.33290067 0.60241705
spoon 0.50976604 0.33876798 0.5200678 0.34816256 0.54079926
spoon 0.49709445 0.23785037 0.19450015 0.25127658 0.2153086
spoon 0.49144924 0.25246012 0.25897163 0.2705016 0.28248525
wine glass 0.48749188 0.326339 0.60315 0.3474635 0.62606204
spoon 0.4815625 0.3977661 0.52130586 0.41094226 0.5440369
spoon 0.47364163 0.3286364 0.5446932 0.3483903 0.56336945
couch 0.46563596 0.44208136 0.4164269 0.51513433 0.44722766
spoon 0.4611094 0.31826678 0.5202053 0.3458401 0.54526836
spoon 0.4439207 0.326339 0.60315 0.3474635 0.62606204
spoon 0.4201747 0.3241032 0.177123 0.34079853 0.21194912
microwave 0.41913873 0.7496343 0.7415169 0.99473965 0.99793166
wine glass 0.41380754 0.25246012 0.25897163 0.2705016 0.28248525
couch 0.3946308 0.50944805 0.48519874 0.5506352 0.5347874
spoon 0.38234925 0.17463468 0.59112257 0.20366661 0.622773
spoon 0.3640104 0.25453117 0.19659767 0.27169478 0.21474728
wine glass 0.35552162 0.17918275 0.24047682 0.20671946 0.2534026
wine glass 0.34845716 0.25453117 0.19659767 0.27169478 0.21474728
book 0.34442967 0.0 0.78980315 0.03006934 0.82200444
wine glass 0.34393287 0.17463468 0.59112257 0.20366661 0.622773
wine glass 0.33321714 0.18097146 0.58986145 0.20301487 0.60395426
wine glass 0.33232927 0.33402187 0.5834021 0.3501339 0.60226685
wine glass 0.32918015 0.39384022 0.54484177 0.4110482 0.563161
spoon 0.3266228 0.23862234 0.5947837 0.25193772 0.6268491
wine glass 0.32452244 0.23879175 0.58663476 0.26757345 0.5977483
spoon 0.31782132 0.39302057 0.17997554 0.41543138 0.20070574
spoon 0.30929816 0.24264532 0.59622484 0.26766717 0.62525946
book 0.3010118 0.0 0.76856476 0.07733164 0.8524433
