cake 0.9192078 0.6763371 0.17527616 0.8257138 0.24381992
cake 0.9147553 0.6703197 0.25172105 0.82096565 0.32045373
cake 0.8996326 0.7584148 0.3398026 0.9379806 0.39898714
cake 0.8487305 0.7810051 0.42146358 0.9921835 0.5019526
spoon 0.7281181 0.67535657 0.44513798 0.7133249 0.49787366
cake 0.6727802 0.6653819 0.14362533 0.80743897 0.1802675
microwave 0.62525576 0.6170505 0.44598138 0.7102789 0.6134317
cake 0.613166 0.6621037 0.12025742 0.7947799 0.15552254
clock 0.60220855 0.63765365 0.20247911 0.66047436 0.21419643
spoon 0.58669555 0.6247749 0.14359862 0.6541041 0.19675851
cake 0.58257365 0.6361867 0.03875542 0.7541572 0.0684532
tennis racket 0.5720418 0.5230498 0.604454 0.56187946 0.61219496
banana 0.55350465 0.88146365 0.97463745 0.9172644 0.99979264
cake 0.5433404 0.65371835 0.09780893 0.78053546 0.12544018
clock 0.52594745 0.62660086 0.13232838 0.6445831 0.14454637
tennis racket 0.5087307 0.6132035 0.600315 0.64578897 0.6087494
spoon 0.46465972 0.46767738 0.6849229 0.4831416 0.7041772
spoon 0.45956627 0.46152154 0.6647555 0.48486048 0.6847909
cake 0.4340912 0.6412867 0.039956518 0.7583534 0.11375455
tennis racket 0.42699522 0.5961265 0.59386736 0.6428086 0.60252196
cake 0.41243893 0.8684811 0.8956294 0.9994686 0.99944484
tennis racket 0.39695197 0.52006936 0.6104219 0.56206304 0.6194961
spoon 0.39515084 0.45975402 0.752716 0.47860745 0.7826416
sandwich 0.38420764 0.67638355 0.4573258 0.6914688 0.4679245
toaster 0.3707192 0.72784966 0.80220294 0.8037844 0.88727295
couch 0.36582074 0.6062446 0.1933699 0.661387 0.22320771
tennis racket 0.34616688 0.60654306 0.63006663 0.6515004 0.64114344
sandwich 0.3411027 0.88146365 0.97463745 0.9172644 0.99979264
spoon 0.3367591 0.5502881 0.68006295 0.5708687 0.7124129
tennis racket 0.33328274 0.519153 0.6200911 0.5619438 0.62797976
wine glass 0.32895207 0.5207156 0.96940637 0.56296986 0.9800786
wine glass 0.32870188 0.5400585 0.98230505 0.59128237 0.9991063
couch 0.3247854 0.6103398 0.13090523 0.6446248 0.15522926
