toaster 0.7597927 0.5651418 0.36556047 0.65718776 0.4742359
microwave 0.6874554 0.54071945 0.57220757 0.6269811 0.72800446
spoon 0.6479889 0.32475603 0.41742563 0.34606653 0.44499314
clock 0.64300686 0.20592523 0.50421315 0.25959417 0.53170913
wine glass 0.63039076 0.54240507 0.71992856 0.5750536 0.739116
wine glass 0.543907 0.33991277 0.4990865 0.36871886 0.5121784
wine glass 0.5171912 0.16010238 0.34448797 0.1771176 0.35494798
spoon 0.51516 0.3496063 0.45205256 0.3672638 0.46729353
spoon 0.49673286 0.3448855 0.41706687 0.3667326 0.44700986
wine glass 0.4925739 0.3441772 0.53978777 0.36684978 0.5480722
book 0.46751517 0.10861481 0.12310653 0.15652166 0.14074714
wine glass 0.45861438 0.3337097 0.52104694 0.36775264 0.5386484
wine glass 0.45539176 0.4035974 0.42122468 0.42401865 0.43995902
wine glass 0.42060286 0.14557368 0.3580403 0.17587316 0.37245175
wine glass 0.39401168 0.39956653 0.4979 0.424077 0.5156628
wine glass 0.38885844 0.21723925 0.41648299 0.2587243 0.42578214
wine glass 0.3849258 0.3496063 0.45205256 0.3672638 0.46729353
wine glass 0.37604946 0.3330631 0.5089737 0.3679203 0.5207387
spoon 0.34806648 0.12968618 0.6516217 0.18089157 0.6942842
wine glass 0.3160703 0.5254416 0.6953653 0.56765425 0.72210073
