cake 0.9443658 0.53385913 0.4780406 0.680915 0.5920422
couch 0.8437258 0.48143244 0.5936067 0.5608462 0.645857
wine glass 0.73543465 0.3633638 0.5957962 0.38451225 0.62370723
cake 0.6970863 0.7679835 0.0006681375 1.0 0.09741787
clock 0.687994 0.5012751 0.20746611 0.57196826 0.24879918
cell phone 0.64706326 0.53772265 0.7418556 0.57501465 0.829119
toaster 0.5541333 0.5600529 0.4233496 0.5758121 0.48847878
microwave 0.53344274 0.5478209 0.30640385 0.67507696 0.4326339
spoon 0.50219774 0.401188 0.53542656 0.41038784 0.55655885
tennis racket 0.44120678 0.53464794 0.81851673 0.5969019 0.853505
wine glass 0.41106087 0.35484767 0.62465245 0.38530612 0.6370241
spoon 0.37571782 0.4117124 0.5288218 0.4198507 0.5608742
wine glass 0.30785203 0.35863322 0.520268 0.38324028 0.5324085
