tennis racket 0.9037301 0.5316615 0.16215588 0.67557967 0.22109587
tennis racket 0.8661159 0.531071 0.2355988 0.6772873 0.29660824
tennis racket 0.861864 0.52951646 0.3311384 0.6619271 0.3861055
tennis racket 0.7223695 0.5280448 0.2769674 0.66263366 0.31837618
tennis racket 0.6223511 4.0534884e-05 0.20489438 0.05777231 0.28068417
tennis racket 0.6167197 0.012618549 0.2778483 0.08491509 0.33904967
wine glass 0.5696914 0.30132228 0.79195833 0.3277591 0.8326912
wine glass 0.5673001 0.29345137 0.84296304 0.32645464 0.8863293
tennis racket 0.4130444 0.04168985 0.33436668 0.10858949 0.38694564
wine glass 0.33561677 0.30099282 0.73389083 0.33495244 0.7700587
