spoon 0.7789202 0.52233183 0.24288298 0.5444056 0.30898654
couch 0.7673956 0.31850302 0.33474797 0.37979233 0.3967599
sandwich 0.7024035 0.5203716 0.32889897 0.5284472 0.34654844
tennis racket 0.6629907 0.3526884 0.7173018 0.38000217 0.73315805
toaster 0.63067186 0.5716718 0.7425472 0.602348 0.8972957
spoon 0.5709778 0.35844502 0.48361588 0.3804535 0.5284669
microwave 0.5599046 0.66972804 0.913442 0.999158 1.0
spoon 0.55617625 0.52616763 0.320344 0.5463464 0.38038582
couch 0.527415 0.5156281 0.7565535 0.5567218 0.7993483
wine glass 0.51372695 0.4571818 0.5849007 0.4689933 0.60940766
banana 0.5124401 0.52032846 0.34819147 0.52794117 0.36493182
spoon 0.46162495 0.3674193 0.54310775 0.37967926 0.572044
wine glass 0.43224326 0.44792458 0.5493394 0.47006598 0.57654804
sandwich 0.42664862 0.52032846 0.34819147 0.52794117 0.36493182
spoon 0.3849448 0.3624357 0.43298683 0.38065022 0.47270355
wine glass 0.34355327 0.45791462 0.62964255 0.46908292 0.6446713
wine glass 0.32147822 0.5149756 0.6372016 0.54239565 0.67929983
