cake 0.90101296 0.49639928 0.37698454 0.9502438 0.53241104
couch 0.74457747 0.43013355 0.5314512 0.5930639 0.6668453
couch 0.64628685 0.42838758 0.30368683 0.47869405 0.33462802
couch 0.6459116 0.4361745 0.34103498 0.4795017 0.3678858
couch 0.63810325 0.42966112 0.21663478 0.4794778 0.24620986
couch 0.63295907 0.4288562 0.26005524 0.4811408 0.29842794
spoon 0.49947008 0.47172713 0.00047790632 0.5294751 0.11296035
clock 0.4569388 0.53663915 0.58386403 0.5825125 0.6155564
chair 0.36438686 0.46988598 0.69073343 0.98896533 1.0
parking meter 0.33467677 0.47023463 0.6971108 0.9885077 1.0
clock 0.3075234 0.44972482 0.27139023 0.4817965 0.28876796
