wine glass 0.64257556 0.31746963 0.39159277 0.3417674 0.42476875
microwave 0.58463585 0.38717076 0.5986608 0.8121791 0.8570017
wine glass 0.5611067 0.30347443 0.33924612 0.34151942 0.36506894
clock 0.55136925 0.32266527 0.88625973 0.362334 0.94242054
wine glass 0.510485 0.54158926 0.34762016 0.56945515 0.39127797
couch 0.5030305 0.28667167 0.8798135 0.36429772 1.0
wine glass 0.47692603 0.52586865 0.17481498 0.56551504 0.21963406
wine glass 0.4488084 0.2993268 0.23494792 0.34291515 0.2630635
wine glass 0.44472077 0.30285174 0.26379085 0.34245592 0.29277605
wine glass 0.43179765 0.2970601 0.16417365 0.34214553 0.20607826
wine glass 0.42071375 0.3037511 0.28974724 0.34227198 0.308663
wine glass 0.32609585 0.30320817 0.31112567 0.34140724 0.32942787
wine glass 0.30393755 0.29902264 0.2091641 0.34320113 0.23690179
