cake 0.93448454 0.7132787 0.4931746 0.9933547 0.6213128
cake 0.9203399 0.68959993 0.39603344 0.96944624 0.5147259
cake 0.91979945 0.6621846 0.20811993 0.90208745 0.3201542
cake 0.91908777 0.67472017 0.2973871 0.93366075 0.41615716
cake 0.71297586 0.52886575 0.12575507 0.71792614 0.21483946
spoon 0.6695287 0.50335294 0.45330155 0.5205536 0.47810298
couch 0.50312203 0.4532132 0.21580692 0.5038642 0.2513476
toaster 0.49224102 0.51759964 0.5855754 0.5289063 0.6533684
clock 0.47473395 0.49876702 0.80510664 0.5413213 0.8223336
tennis racket 0.47180006 0.48893234 0.788699 0.5375334 0.80610067
toaster 0.46399873 0.5156127 0.39295995 0.533943 0.4794277
clock 0.4547312 0.48132336 0.82298166 0.5407377 0.8420834
clock 0.44276416 0.49386486 0.67325705 0.53109425 0.68764335
cake 0.43813866 0.51832795 0.052653946 0.5508688 0.07791961
microwave 0.43408054 0.5128278 0.28502506 0.54677504 0.3912233
couch 0.42600667 0.4202862 0.6150588 0.52209026 0.69350696
sink 0.42022815 0.41134167 0.9642264 0.7541157 1.0
couch 0.41283575 0.41903687 0.5903728 0.5236794 0.7019105
tennis racket 0.36858144 0.48132336 0.82298166 0.5407377 0.8420834
couch 0.34854755 0.47841746 0.6730883 0.52605605 0.6885493
cake 0.31945747 0.5255013 0.12706889 0.67550457 0.18197434
cake 0.3179183 0.534531 0.088576995 0.6764966 0.16514638
cake 0.31162333 0.52891773 0.13318835 0.5552423 0.17382689
couch 0.30287242 0.4583071 0.30013174 0.48362318 0.32351792
