wine glass 0.73089075 0.47380924 0.6328105 0.4977854 0.66808015
wine glass 0.6478871 0.4733925 0.5967871 0.49749345 0.6347041
wine glass 0.5997897 0.47360772 0.56026447 0.4967649 0.5954429
wine glass 0.59099054 0.531671 0.5543113 0.5567942 0.5816434
knife 0.5797445 0.79935515 0.16931087 0.85269725 0.30146977
clock 0.5383808 0.39873666 0.56896317 0.43256432 0.5834674
spoon 0.5153286 0.41681382 0.6187563 0.43269607 0.6524697
tennis racket 0.49030715 0.7710647 0.15388785 0.825615 0.18334588
wine glass 0.43112764 0.5324174 0.59127134 0.5574405 0.6100774
book 0.37754115 0.48473936 0.33308017 0.5493011 0.35862052
banana 0.37285897 0.6674254 0.4845182 0.69099975 0.51447123
wine glass 0.3697259 0.53256196 0.58233577 0.55656046 0.5966278
banana 0.34646344 0.677971 0.51113075 0.6920463 0.53589886
toaster 0.31967956 0.7324621 0.19730794 0.94454163 0.5374239
