cake 0.9509248 0.53209275 0.4971626 0.89395684 0.64840883
cake 0.92469496 0.52550274 0.6190675 0.85498726 0.7525032
cake 0.9240517 0.54081064 0.36753523 0.93941873 0.51293325
cake 0.907561 0.5122429 0.72736967 0.81701016 0.8549769
cake 0.80497503 0.5061397 0.80749315 0.7902078 0.93745583
spoon 0.7625047 0.4839166 0.72810215 0.52376413 0.80545837
microwave 0.71246594 0.48261473 0.3598907 0.5178258 0.5327771
microwave 0.6573467 0.4219502 0.64469385 0.50288725 0.7036648
sandwich 0.60847354 0.48382547 0.30158982 0.49679685 0.31292495
sandwich 0.57657 0.47672495 0.2903666 0.48823208 0.30102944
knife 0.4005119 0.4329881 0.54711473 0.46003202 0.56653154
clock 0.34943438 0.46196154 0.54963243 0.5038086 0.5712317
banana 0.33013442 0.47672495 0.2903666 0.48823208 0.30102944
bowl 0.31718475 0.47672495 0.2903666 0.48823208 0.30102944
banana 0.31378207 0.48382547 0.30158982 0.49679685 0.31292495
