wine glass 0.6470842 0.36332527 0.32970098 0.37404492 0.35543326
wine glass 0.63481224 0.73436713 0.92100245 0.7774391 0.99631125
wine glass 0.62829876 0.3628931 0.37484428 0.37388223 0.39572877
clock 0.57069606 0.17413807 0.957503 0.28437373 1.0
wine glass 0.5677508 0.46868473 0.32974747 0.47859466 0.35381827
wine glass 0.55419487 0.5109242 0.5095252 0.5218359 0.53015053
clock 0.5353013 0.28467917 0.59361714 0.3215987 0.6418092
wine glass 0.5307678 0.46892658 0.35562754 0.47804865 0.37597835
tennis racket 0.5112019 0.35037872 0.9476803 0.41975638 0.98027754
clock 0.488749 0.2892682 0.31410164 0.3215208 0.36146095
spoon 0.4466396 0.515333 0.29022595 0.52321285 0.31511706
spoon 0.44295916 0.51249397 0.3274421 0.52074575 0.35347113
tennis racket 0.43540207 0.33966166 0.973722 0.414196 1.0
wine glass 0.43172774 0.41808462 0.37166232 0.42722023 0.39824766
spoon 0.41862515 0.46868473 0.32974747 0.47859466 0.35381827
wine glass 0.41253042 0.51324064 0.48788884 0.5212588 0.50600165
wine glass 0.40430862 0.5117645 0.46342188 0.5212786 0.48226604
wine glass 0.39176226 0.73198396 0.8557901 0.7636561 0.89188343
wine glass 0.38705224 0.55834764 0.51818305 0.57059926 0.5403395
wine glass 0.38611764 0.51249397 0.3274421 0.52074575 0.35347113
wine glass 0.37622225 0.36073136 0.6417621 0.37525278 0.67889166
spoon 0.37427282 0.5117645 0.46342188 0.5212786 0.48226604
wine glass 0.3733372 0.36787596 0.47256014 0.37543705 0.49284598
clock 0.36816788 0.201914 0.9220664 0.30098388 0.9687085
tennis racket 0.35929522 0.11215835 0.9690289 0.14070661 0.98212475
wine glass 0.3526157 0.47049224 0.38387656 0.4784972 0.39871424
spoon 0.34984517 0.51324064 0.48788884 0.5212588 0.50600165
wine glass 0.34479192 0.35899356 0.50970894 0.3744097 0.5365703
tennis racket 0.33960667 0.17413807 0.957503 0.28437373 1.0
wine glass 0.33197188 0.46912545 0.51362306 0.47772932 0.5387695
wine glass 0.33193085 0.46737483 0.4158788 0.47649243 0.43701002
wine glass 0.33170226 0.4689251 0.48934948 0.47697273 0.5141727
wine glass 0.3217224 0.41780975 0.5971951 0.42702731 0.6186222
wine glass 0.31733784 0.3605556 0.42696542 0.372971 0.44934332
spoon 0.30844155 0.4202893 0.46663785 0.42721894 0.4868251
tennis racket 0.3062955 0.116274476 0.9524579 0.14379466 0.96661985
tennis racket 0.30571312 0.42204136 0.094005354 0.47146642 0.12616959
spoon 0.30540612 0.4689251 0.48934948 0.47697273 0.5141727
