clock 0.8976014 0.50352585 0.33743852 0.56244504 0.3979701
microwave 0.8380607 0.55271846 0.59942806 0.79483634 1.0
knife 0.70146984 0.48497814 0.78447986 0.5260605 0.81075406
tennis racket 0.6926963 0.48811004 0.86111295 0.5678487 0.8902089
knife 0.52508515 0.48727992 0.81745666 0.5249317 0.8353128
wine glass 0.44410053 0.50352585 0.33743852 0.56244504 0.3979701
tennis racket 0.4372281 0.5155632 0.00020852608 0.5879783 0.04104604
knife 0.3856699 0.4966484 0.80360395 0.5248558 0.8190399
clock 0.3479967 0.48194063 0.5353035 0.5612258 0.57169914
tennis racket 0.33488953 0.51671076 0.051990684 0.587314 0.09276274
wine glass 0.3102631 0.32584146 5.3607277e-05 0.34877124 0.025390897
knife 0.30613527 0.4887412 0.8372656 0.50796306 0.8502869
