cake 0.9635291 0.5589724 0.40320197 0.9571199 0.5707922
sink 0.9567627 0.3376461 0.15278551 0.73304766 0.28972155
cake 0.95205945 0.54192144 0.5609086 0.8814223 0.6614161
cake 0.9508391 0.55690485 0.20891178 0.9589675 0.36494815
cake 0.8974007 0.47368678 0.9000573 0.6424053 0.9949
couch 0.63825524 0.4114455 0.7803759 0.49935812 0.8483173
fork 0.6096026 0.47670522 0.3023199 0.491223 0.31763354
fork 0.5719874 0.45357746 0.30309898 0.47741306 0.31617635
parking meter 0.55608493 0.5477819 0.80421835 0.639545 0.886308
sandwich 0.53467876 0.49883333 0.41235098 0.51812255 0.42640075
clock 0.52033776 0.47452465 0.8113885 0.5006511 0.8270881
sandwich 0.49219263 0.48680422 0.40119588 0.5068 0.41526228
sandwich 0.4830536 0.4785132 0.41098878 0.49534094 0.42322788
cake 0.47448704 0.46190932 0.872693 0.5047545 0.92209345
toaster 0.46195692 0.49105528 0.5763388 0.5119189 0.7248673
sandwich 0.45927554 0.48421982 0.42175183 0.50722814 0.43624124
sandwich 0.4327123 0.5030118 0.42660233 0.5207035 0.4356567
cake 0.41748425 0.5477819 0.80421835 0.639545 0.886308
cake 0.40522367 0.4619822 0.82669866 0.49996617 0.8655869
spoon 0.39365703 0.5186925 0.3969939 0.55394095 0.43749073
sandwich 0.39183378 0.50364345 0.40092385 0.5247304 0.41420108
toaster 0.3365043 0.4959894 0.6451704 0.51540923 0.72536236
banana 0.30719933 0.4785132 0.41098878 0.49534094 0.42322788
