cake 0.9537347 0.66983527 0.08685574 0.98270196 0.29303294
cake 0.930682 0.6481216 0.58618134 0.9351343 0.8214628
cake 0.9218534 0.6625503 0.3579475 0.96652 0.56177306
clock 0.7958058 0.59063435 0.0950553 0.6318549 0.1498773
couch 0.71130997 0.5283752 0.07543101 0.63224405 0.18990333
wine glass 0.6778184 0.5601991 0.43033075 0.5911694 0.46755815
wine glass 0.661619 0.50415957 0.7252305 0.52129626 0.74637306
wine glass 0.54654235 0.4567021 0.6948613 0.47635686 0.7264664
wine glass 0.5309834 0.49963564 0.7109309 0.52109975 0.7253514
wine glass 0.5145466 0.49766466 0.69083756 0.520343 0.7060152
wine glass 0.43801677 0.500897 0.6349319 0.52126855 0.65535223
wine glass 0.42245156 0.49870524 0.67408407 0.5210074 0.6914919
spoon 0.41405997 0.44196862 0.60970694 0.47020727 0.64973813
wine glass 0.36878654 0.5045839 0.65875715 0.5202525 0.6748986
wine glass 0.33507824 0.45729923 0.6646752 0.47574145 0.6951293
wine glass 0.32421696 0.5031883 0.6072536 0.5214005 0.6347891
wine glass 0.3203267 0.441207 0.60996693 0.4748196 0.6493144
spoon 0.31255963 0.43773445 0.7077937 0.47343186 0.7600293
spoon 0.3116708 0.46255243 0.6415366 0.47389555 0.68155676
