couch 0.9112552 0.5999765 0.7921136 0.7610949 0.92331415
microwave 0.88420653 0.66568327 0.00019080192 1.0 0.18417042
spoon 0.8655076 0.88187426 0.7901086 0.99556726 0.9502893
cake 0.85624444 0.577239 0.5824654 0.8229933 0.6245229
tennis racket 0.81734693 0.6418991 0.75272447 0.7344519 0.7811801
clock 0.6469943 0.6932017 0.8265923 0.7557622 0.8872231
toaster 0.61383796 0.8140589 0.69248974 0.9918431 0.9991821
couch 0.6132466 0.48379883 0.4313755 0.54421365 0.47264165
clock 0.58769697 0.509139 0.44238502 0.5443216 0.46127963
spoon 0.5603382 0.6394173 0.36079645 0.653446 0.3829298
tennis racket 0.53159547 0.66051215 0.7267084 0.725536 0.7514843
sandwich 0.41430283 0.62876743 0.35554767 0.6435941 0.36574876
spoon 0.4049705 0.64829504 0.0 0.7305449 0.030353941
