microwave 0.9525008 0.37985927 0.0704396 0.5687296 0.23788573
banana 0.69317514 0.5029783 0.28295246 0.5249678 0.31520882
microwave 0.68664074 0.48828906 0.28582957 0.5378297 0.4642332
toaster 0.6671046 0.5032746 0.58737105 0.51523167 0.69183457
cake 0.65594554 0.5107483 0.86426485 0.62459284 0.92962635
banana 0.6439882 0.52112967 0.29151595 0.5443645 0.3257208
banana 0.6312328 0.52183163 0.32510462 0.5427307 0.3561529
tennis racket 0.59601295 0.4814166 0.7036742 0.50835013 0.7216402
tennis racket 0.5863348 0.4589235 0.42229235 0.49129835 0.4340662
cake 0.5816489 0.6008903 0.55934024 0.85502505 0.72905
knife 0.5811312 0.4608992 0.24266872 0.4817153 0.2658601
banana 0.5746472 0.52153134 0.25869545 0.5439899 0.29193357
cake 0.5144463 0.63108534 0.47319853 0.93543524 0.6630301
couch 0.50720316 0.46919146 0.72968245 0.51899296 0.7957921
knife 0.5001628 0.46111766 0.2597209 0.4811537 0.2736565
sandwich 0.48254886 0.5029783 0.28295246 0.5249678 0.31520882
cake 0.48133653 0.4969304 0.8208927 0.50859857 0.88203204
cake 0.45887983 0.6013941 0.4836118 0.84794647 0.7282772
cake 0.4567459 0.50805724 0.90367484 0.6059606 0.95416546
cake 0.43638706 0.50724334 0.9250075 0.59994096 0.9553675
knife 0.40298823 0.4491364 0.2695857 0.48095635 0.28686526
cake 0.38769555 0.62075186 0.3435198 0.9848672 0.6636985
cake 0.38519052 0.50606483 0.82866395 0.62247723 0.9311672
cake 0.3784628 0.6698008 0.33798212 0.99862856 0.5823528
cake 0.352242 0.6205716 0.34942237 0.9612516 0.6680126
sandwich 0.33469608 0.47010484 0.5191078 0.47951284 0.53169435
wine glass 0.32355726 0.375439 0.6571724 0.39398938 0.66935813
