cake 0.9678477 0.6075599 0.16035795 0.97853535 0.30452374
cake 0.96516013 0.6066086 0.73814255 0.97975427 0.88075966
cake 0.95920914 0.6060127 0.55733216 0.9815921 0.6797075
cake 0.95905954 0.60414153 0.3651569 0.98151964 0.5042074
clock 0.7429947 0.5041599 0.6010905 0.6141779 0.64332837
tennis racket 0.66462576 0.5188703 0.40936673 0.5728662 0.41718894
tennis racket 0.6410287 0.5105224 0.42122912 0.5711386 0.43245018
sandwich 0.5651245 0.57071066 0.33044642 0.5842434 0.3447572
clock 0.53456616 0.52713126 0.56063545 0.5673754 0.5859128
sandwich 0.5326076 0.56293213 0.29571232 0.58259803 0.31197128
cake 0.5019749 0.53481567 0.13186577 0.62767994 0.20679137
spoon 0.49190843 0.5813123 0.28505582 0.6056143 0.34552783
wine glass 0.49016836 0.5845129 0.54462504 0.61961806 0.56347156
cake 0.4761806 0.5318979 0.13369514 0.62486255 0.17299394
banana 0.46023098 0.5610408 0.3088694 0.5802501 0.3226249
sandwich 0.40122497 0.5744949 0.28724387 0.5858095 0.30027494
sandwich 0.39596137 0.57727087 0.29959536 0.58682084 0.31358284
sandwich 0.3607259 0.5610408 0.3088694 0.5802501 0.3226249
bowl 0.35510558 0.5537587 0.36398017 0.5863962 0.39795142
cake 0.3525515 0.55660653 0.17061587 0.59937465 0.2067615
