cake 0.87882733 0.6285741 0.401466 0.9997538 0.5936495
cake 0.8785881 0.56535035 0.8676044 0.8996771 1.0
clock 0.82149506 0.52779233 0.10670981 0.61812496 0.16633578
tennis racket 0.81669897 0.5606562 0.17141831 0.662452 0.21530005
sandwich 0.79481757 0.6751125 0.070555344 0.70981455 0.11731605
sandwich 0.7919815 0.64540833 0.08391298 0.67880183 0.12524274
cake 0.78444153 0.66732264 0.0 0.9998387 0.4575106
clock 0.7735955 0.4881437 0.9557512 0.57016784 1.0
spoon 0.76169026 0.6567557 0.14392671 0.71613884 0.23384678
sandwich 0.7114119 0.6223853 0.062150832 0.6521092 0.10497128
cake 0.6535395 0.5627453 0.2284257 0.6436042 0.40842673
sandwich 0.64009917 0.6806157 0.038052585 0.70812815 0.07292228
sandwich 0.53123283 0.6449116 0.03837071 0.68483526 0.092978805
spoon 0.51490706 0.5107066 0.61177796 0.5472025 0.7204917
toaster 0.51224136 0.55415845 0.5330848 0.5680754 0.6067559
sandwich 0.49887228 0.64191216 0.03608044 0.68393 0.12434234
banana 0.4831297 0.64071405 0.27078247 0.66181886 0.33087417
couch 0.3871681 0.34450912 0.85833794 0.56589067 1.0
bowl 0.37367395 0.6386584 0.208192 0.6599983 0.24855609
spoon 0.3523264 0.6561352 0.1434598 0.6906915 0.23327579
banana 0.34164193 0.6540153 0.29586262 0.6647327 0.31225824
bowl 0.31995884 0.6411733 0.24218771 0.667705 0.27355677
tennis racket 0.31130803 0.5080122 0.6506527 0.52220404 0.6640663
