sink 0.974398 0.4019989 0.44700733 0.8097096 0.58977336
microwave 0.96033186 0.63031447 0.6740645 0.9926368 0.92299163
couch 0.748987 0.49835902 0.24849685 0.6328485 0.3409839
tennis racket 0.7328533 0.56566143 0.2506506 0.64394474 0.26820233
cake 0.63565487 0.61397415 0.17768656 0.6553317 0.2251245
cake 0.60214514 0.6253991 0.11104339 0.8787463 0.2053794
couch 0.6014334 0.43833408 0.22266948 0.49252748 0.2518496
spoon 0.53415257 0.5837066 0.6727254 0.6047315 0.707357
chair 0.47775817 0.5207185 0.042813364 0.6007112 0.117217585
wine glass 0.45894834 0.58149683 0.212187 0.60363 0.22155623
couch 0.45359096 0.46417937 0.039374676 0.54934585 0.11216244
clock 0.40897337 0.588881 0.26846522 0.6486601 0.29972732
wine glass 0.38822952 0.5711535 0.2272651 0.60313094 0.23985498
clock 0.37517136 0.46458554 0.2308889 0.4919267 0.24376091
chair 0.37343565 0.5383886 0.0 0.7092716 0.1156672
spoon 0.35314327 0.56226605 0.6703852 0.6044909 0.71036667
tennis racket 0.35011074 0.619721 0.98691297 0.7679386 0.99939275
tennis racket 0.34851745 0.5346263 0.3322107 0.5724024 0.3404406
sandwich 0.34835303 0.5804723 0.32937837 0.6101492 0.34787375
couch 0.34297535 0.47895297 0.039447308 0.5448627 0.08921178
tennis racket 0.3331487 0.5479656 0.33263028 0.58127373 0.34108764
wine glass 0.32927534 0.5732885 0.21750891 0.60243857 0.23219138
cake 0.3133262 0.5346958 0.24612147 0.5957347 0.27243114
tennis racket 0.30317265 0.588881 0.26846522 0.6486601 0.29972732
