microwave 0.89127916 0.46527946 0.14951792 0.7728312 0.51184714
fork 0.8151099 0.81025094 0.7437696 0.8503731 1.0
knife 0.77180165 0.3992831 0.48322123 0.43452013 0.5121303
knife 0.64468205 0.3994555 0.4324658 0.4355811 0.4597631
spoon 0.5917271 0.750058 0.8031848 0.7949495 0.8760537
wine glass 0.5831691 0.6670593 0.91135603 0.74959445 0.9949655
knife 0.5242993 0.40178975 0.46608782 0.43467984 0.48131713
knife 0.48179662 0.39704493 0.47870788 0.43422648 0.4957935
spoon 0.4249275 0.6667338 0.90935075 0.7497178 0.9938449
wine glass 0.3965947 0.6882555 0.9571883 0.77506405 1.0
