cake 0.97368413 0.6425375 0.63942116 0.8141669 0.74590975
cake 0.94913954 0.6648253 0.4958809 0.86128134 0.62438947
cake 0.9280802 0.5487917 0.35340238 0.88203514 0.48043674
couch 0.9194165 0.39713052 0.32951024 0.5761511 0.4033884
cake 0.9160534 0.62463504 0.755721 0.74814796 0.8429817
wine glass 0.9157708 0.8974068 0.65248144 1.0 0.71660244
cake 0.81288886 0.5458119 0.4714398 0.8163161 0.5778985
clock 0.54734415 0.8469903 0.72306526 0.96754265 0.8040656
fork 0.5258181 0.84684104 0.5622535 0.89008474 0.6038126
wine glass 0.45998043 0.56275946 0.37308115 0.59167236 0.39030343
spoon 0.45882788 0.34291536 0.27355957 0.36835173 0.29465806
wine glass 0.44422033 0.80600494 0.88422394 0.9625376 0.93875694
knife 0.42685103 0.84684104 0.5622535 0.89008474 0.6038126
sink 0.42201906 0.38379216 0.07064022 0.81384355 0.09912069
clock 0.41655284 0.5217332 0.34441194 0.5718476 0.3944554
knife 0.40467802 0.8432431 0.561875 0.9029243 0.6371201
wine glass 0.35239547 0.7719633 0.58988243 0.92831147 0.6329339
toaster 0.34479645 0.5577308 0.47600573 0.58880734 0.51258814
fork 0.33728775 0.85608274 0.55180717 0.88733506 0.5916102
couch 0.32470983 0.77075523 0.6820494 0.9648516 0.8448603
