cake 0.8835953 0.7309577 0.32758808 0.8588948 0.47877997
cake 0.7622973 0.7503529 0.8294313 0.93447065 0.9704088
cake 0.63507044 0.6625827 0.8295874 0.8728867 0.96391183
wine glass 0.58775413 0.54452544 0.59425026 0.57038707 0.60712916
tennis racket 0.5708627 0.66951525 0.7263494 0.726665 0.7405563
sandwich 0.55989283 0.7038188 0.6311143 0.7177543 0.6460324
spoon 0.5445809 0.7012015 0.6005932 0.75329816 0.6504346
sandwich 0.53813106 0.70821124 0.60945994 0.7206669 0.6227706
tennis racket 0.51500934 0.16228655 0.70789826 0.23499683 0.73905146
wine glass 0.49405137 0.5461432 0.5812713 0.57017815 0.59364057
wine glass 0.43488428 0.5454869 0.5152132 0.5669444 0.5259096
wine glass 0.43301934 0.5434665 0.6057257 0.5701324 0.6179858
sandwich 0.42935106 0.6996543 0.61644644 0.7119242 0.62779576
cake 0.37431422 0.7968269 0.2962768 1.0 0.39512992
cake 0.36636123 0.7203684 0.5037546 0.8458624 0.6314751
clock 0.35645705 0.16228655 0.70789826 0.23499683 0.73905146
sandwich 0.35339797 0.7080148 0.6194779 0.72154737 0.6347727
wine glass 0.3268708 0.5442941 0.52798647 0.5678093 0.5406379
clock 0.3057582 0.11760364 0.39979753 0.15510881 0.42895302
wine glass 0.30031517 0.53374285 0.5002245 0.56622636 0.50923645
