tennis racket 0.6965397 0.4066637 0.3463323 0.46541378 0.37571472
wine glass 0.6650051 0.8635188 0.4639162 0.9145834 0.51447797
tennis racket 0.60010755 0.41392282 0.37303695 0.46557668 0.40300977
tennis racket 0.59956264 0.4186727 0.2882537 0.46599242 0.31917393
tennis racket 0.5565303 0.7538344 0.5779221 0.79875964 0.63116926
tennis racket 0.5459802 0.40923336 0.45166716 0.46819267 0.48247698
tennis racket 0.5439683 0.89650047 0.42334414 0.96424353 0.464314
couch 0.53304803 0.52028257 0.78256595 0.6070834 0.8602159
tennis racket 0.5186155 0.54077035 0.97345793 0.5975364 1.0
tennis racket 0.5127842 0.37835732 0.2578931 0.43179217 0.2975955
tennis racket 0.5074851 0.75733 0.5274398 0.7989076 0.58082634
tennis racket 0.50553805 0.37847874 0.41274694 0.46829286 0.46176702
tennis racket 0.4818747 0.4090197 0.481315 0.46786845 0.5125635
tennis racket 0.47188318 0.105568826 0.34400502 0.18737364 0.43157083
tennis racket 0.45057535 0.5007686 0.26213795 0.53325254 0.30436227
tennis racket 0.45024586 0.38231784 0.31961876 0.40974534 0.3452979
tennis racket 0.43179992 0.40531942 0.31893942 0.46641412 0.35028693
tennis racket 0.39390534 0.90085983 0.5142293 0.9614556 0.5609074
tennis racket 0.39214823 0.6059312 0.31944957 0.6476732 0.34026206
tennis racket 0.39202383 0.49947712 0.2576059 0.5534656 0.3081141
tennis racket 0.38599125 0.88226634 0.32328117 0.9653303 0.38559926
tennis racket 0.38486946 0.4218074 0.3187666 0.46479535 0.347613
tennis racket 0.3477791 0.44018486 0.41048816 0.46901175 0.453189
tennis racket 0.34655708 0.9059938 0.3684104 0.96541834 0.41302687
clock 0.34612626 0.5707611 0.79743725 0.6054207 0.843871
tennis racket 0.33043215 0.42079124 0.25688088 0.46585223 0.28883135
tennis racket 0.31615672 0.65341836 0.32064512 0.67539257 0.35160837
tennis racket 0.30523023 0.7721068 0.6298024 0.7947323 0.6750113
tennis racket 0.3035511 0.728412 0.5293664 0.7596523 0.56846863
