cake 0.9644101 0.7510113 0.5198509 1.0 0.7498626
sink 0.91292596 0.32785237 0.20383927 0.69623375 0.37902573
spoon 0.87455016 0.61822665 0.5040702 0.68953985 0.5724173
clock 0.8407445 0.58361876 0.46457526 0.6914362 0.5011633
tennis racket 0.8009654 0.1214584 0.12816685 0.21978329 0.15013573
tennis racket 0.78071034 0.122954406 0.07509313 0.2055678 0.09986802
spoon 0.7588295 0.59648716 0.14564799 0.637509 0.2003809
couch 0.7571778 0.17802311 0.2418327 0.28495085 0.33904597
sandwich 0.7514655 0.62231565 0.11070546 0.65199596 0.13468914
tennis racket 0.739395 0.122584626 0.10408438 0.2150649 0.12651084
tennis racket 0.7250618 0.1471516 0.15208516 0.22646621 0.17463896
couch 0.70503545 0.48455128 0.69219494 0.562199 0.7582338
couch 0.6839086 0.4226453 0.37131667 0.69379604 0.5783631
cake 0.68091273 0.6992679 0.6506808 0.9986526 0.8364574
tennis racket 0.6739847 0.092492394 0.01746276 0.1904825 0.039692666
tennis racket 0.62752324 0.10357178 0.047645867 0.19704427 0.07080874
cake 0.56494147 0.5896167 0.8337882 0.74838513 0.9985098
wine glass 0.56383693 0.6211747 0.57806045 0.6808081 0.6001088
toaster 0.55305606 0.661092 0.0 0.8116479 0.09681147
couch 0.52551454 0.33681783 0.6276852 0.37536374 0.6502149
tennis racket 0.50983495 0.11079244 0.03807715 0.19346505 0.051688198
spoon 0.5068633 0.647439 0.60708773 0.6790693 0.67061985
tennis racket 0.4764916 0.1162019 0.005350632 0.18332967 0.019524291
tennis racket 0.46029785 0.61910796 0.0829674 0.65459925 0.10202965
spoon 0.45994225 0.27359065 0.00041395985 0.3350806 0.037084788
wine glass 0.4365956 0.41730148 0.0513203 0.48443937 0.09154455
tennis racket 0.42811278 0.12311282 0.0001989454 0.18345702 0.011667548
spoon 0.3916414 0.3066752 0.00058431365 0.33483908 0.034902357
tennis racket 0.38408718 0.5618813 0.09000752 0.65240884 0.11499845
couch 0.3804831 0.33040118 0.61065686 0.3785426 0.64331234
toaster 0.36791903 0.66048545 0.00093326345 0.71210986 0.08803846
cake 0.3557318 0.6980589 0.65307903 0.83087176 0.8276627
spoon 0.35487083 0.2836848 0.039788138 0.31175917 0.060333144
cake 0.3546331 0.5880169 0.8749631 0.74949765 0.9970837
wine glass 0.34212232 0.61677414 0.5622361 0.6686598 0.5823624
wine glass 0.31853628 0.61364985 0.06384997 0.6552584 0.08307673
wine glass 0.3017234 0.45697534 0.16443042 0.48589337 0.1834708
spoon 0.3002768 0.30961695 0.037092626 0.3378132 0.066964775
