chair 0.83860326 0.5407462 0.8444479 0.7556089 0.9313236
microwave 0.8044438 0.50404257 0.12577203 0.73162156 0.22005919
toaster 0.64457136 0.53772616 0.35754097 0.56957716 0.5049706
toaster 0.57693905 0.5392129 0.5170838 0.5545961 0.59012324
tennis racket 0.55296755 0.73655736 0.49830633 0.76954365 0.5187232
spoon 0.5319802 0.52061623 0.5116323 0.53789866 0.5342617
tennis racket 0.52590674 0.7865925 0.29331845 0.8224154 0.31792504
tennis racket 0.5077908 0.7857557 0.3651757 0.82276106 0.3874816
tennis racket 0.48743364 0.78482616 0.46380123 0.81765395 0.48316845
tennis racket 0.46688095 0.6413238 0.29590857 0.67472285 0.31807446
spoon 0.46369419 0.5162786 0.4669954 0.5404453 0.50419635
microwave 0.45836207 0.5230785 0.2171416 0.5722209 0.3643869
sandwich 0.45587555 0.49380502 0.1491548 0.5057549 0.1760528
sandwich 0.44628665 0.52104175 0.18857661 0.5386911 0.201525
tennis racket 0.44365343 0.7357002 0.3294891 0.77371097 0.3520035
tennis racket 0.4374271 0.7367411 0.3645345 0.7693719 0.3842727
tennis racket 0.4193991 0.7346233 0.43333647 0.7684766 0.45203748
tennis racket 0.41009042 0.6926896 0.4014701 0.7206842 0.4207417
tennis racket 0.40966305 0.7833039 0.5018941 0.8170139 0.52363205
sandwich 0.40567335 0.49418 0.16705333 0.50455004 0.18194576
tennis racket 0.3969888 0.73552054 0.46423784 0.7697799 0.48406652
tennis racket 0.39391044 0.6432748 0.35908926 0.67531693 0.3811041
wine glass 0.39040744 0.5129622 0.44904375 0.53902864 0.46017963
tennis racket 0.3718192 0.7380659 0.39994156 0.7699607 0.41944104
tennis racket 0.36356798 0.69078636 0.43153083 0.72132283 0.45239484
spoon 0.36241814 0.49872166 0.14002505 0.5284748 0.19369134
tennis racket 0.36103904 0.785819 0.32967132 0.82386684 0.35188568
tennis racket 0.35000226 0.685792 0.36555132 0.72183263 0.3871521
tennis racket 0.33364162 0.73612523 0.5336006 0.7700559 0.5545837
tennis racket 0.32559243 0.7358951 0.29725677 0.77363247 0.3181101
tennis racket 0.32280284 0.78357506 0.5328582 0.81667936 0.5503523
tennis racket 0.3205962 0.6452825 0.39796802 0.6745769 0.4208437
tennis racket 0.32022282 0.6886673 0.33045724 0.7240491 0.35364214
