clock 0.7284 0.7048722 0.7298234 0.80889976 0.77335566
toaster 0.7078343 0.6145049 0.26378262 0.6384516 0.3896072
clock 0.6143032 0.52077293 0.46619964 0.5575036 0.4803121
spoon 0.60520977 0.5603865 0.2013323 0.5964223 0.25841388
toaster 0.5157979 0.55345976 0.35021266 0.5608533 0.41021875
sink 0.5034316 0.4187369 0.5196479 0.7892682 0.5628347
couch 0.40505558 0.5658692 0.703338 0.8171097 0.799536
tennis racket 0.35584137 0.54859614 0.13996166 0.6168198 0.16108137
clock 0.35218394 0.54729944 0.14017716 0.6131824 0.16129997
microwave 0.33949208 0.41907087 0.5267487 0.78925985 0.56295735
cake 0.3284183 0.7119551 0.08005052 0.97598696 0.19728634
