clock 0.90778846 0.83544254 0.35635468 0.8958353 0.43317008
cake 0.8066923 0.5463278 0.26400548 0.65449965 0.46876207
chair 0.74617964 0.5824011 0.0016902628 0.9999561 0.48617786
cake 0.7125871 0.5298014 0.103262015 0.6233502 0.2979239
clock 0.6744643 0.42221224 0.9406865 0.48825186 1.0
toaster 0.64059824 0.4004795 0.0009337407 0.4176287 0.17949168
clock 0.63542837 0.3712349 0.2263041 0.39241832 0.25998268
couch 0.63213295 0.23529382 0.8746182 0.48855692 1.0
couch 0.5848055 0.23660125 0.82730055 0.48703766 1.0
couch 0.5697712 0.347477 0.20405278 0.39310643 0.2794472
couch 0.5519745 0.4040681 0.3574283 0.4600349 0.4591002
sandwich 0.521862 0.44541878 0.4989022 0.4668184 0.52862376
cake 0.46854258 0.55413723 0.66499776 0.8089068 0.92126
microwave 0.41361693 0.408481 0.58902115 0.47159052 0.9391601
sandwich 0.41193992 0.43866545 0.45544523 0.45637447 0.4853452
sandwich 0.4022262 0.4487835 0.46487936 0.46728954 0.4973866
banana 0.36842155 0.4486288 0.43016443 0.4669892 0.4633327
cake 0.35499042 0.6578796 0.36428404 0.8452549 0.4863287
toaster 0.35483325 0.4022645 0.04162811 0.41653123 0.17584422
