tennis racket 0.6173525 0.5812258 0.87092584 0.6393636 0.90734106
tennis racket 0.5616377 0.2900427 0.37666467 0.35363138 0.44908175
tennis racket 0.55118906 0.5527083 0.3630944 0.59696144 0.40745836
tennis racket 0.47335944 0.29135415 0.3106002 0.35203663 0.3721015
tennis racket 0.4628182 0.4632162 0.3409043 0.5109712 0.39343318
tennis racket 0.45645905 0.6010935 0.7828297 0.6465964 0.8153783
tennis racket 0.45592856 0.5616175 0.933833 0.6148405 0.9576258
tennis racket 0.45531684 0.5523604 0.40741503 0.59481287 0.45293412
tennis racket 0.44373995 0.46278235 0.3902844 0.5110886 0.4392295
tennis racket 0.4239135 0.59519756 0.80874646 0.64527345 0.8364564
tennis racket 0.41902655 0.58203465 0.82354105 0.61701816 0.8447861
wine glass 0.41445994 0.40480492 0.5214096 0.44901255 0.5718312
tennis racket 0.39342567 0.28808933 0.25902227 0.34891188 0.3126863
tennis racket 0.35778424 0.6187729 0.8357476 0.6431833 0.859648
wine glass 0.34538913 0.4149545 0.7915755 0.45362052 0.8269133
tennis racket 0.340058 0.58295107 0.83998907 0.61399806 0.86269253
wine glass 0.3356029 0.31621432 0.59577334 0.3685972 0.6416991
tennis racket 0.32787165 0.6066864 0.31125975 0.67114097 0.3582196
tennis racket 0.3277421 0.6123136 0.2626176 0.6751944 0.31769654
tennis racket 0.32450613 0.5818467 0.859274 0.64022326 0.8821873
tennis racket 0.32025367 0.6245911 0.55780274 0.6580311 0.5835647
tennis racket 0.31787166 0.58069915 0.85835105 0.6126556 0.8833566
tennis racket 0.31346425 0.57782423 0.95722264 0.6144414 0.9780647
tennis racket 0.31228268 0.5852834 0.5266864 0.6283777 0.5553025
tennis racket 0.3099486 0.59843475 0.39931273 0.66810435 0.43657365
tennis racket 0.30840397 0.6334823 0.3595583 0.66837114 0.39869177
