cake 0.7722434 0.5881142 0.17680863 0.9225828 0.33022624
tennis racket 0.75682116 0.39435577 0.4378678 0.49214947 0.47792122
cake 0.75401855 0.55331105 0.124867454 0.83299714 0.31270164
cake 0.7484174 0.5320569 0.0047085676 0.70545256 0.12614551
tennis racket 0.6304793 0.72186327 0.647742 0.891873 0.6900297
tennis racket 0.6008982 0.41770512 0.7192727 0.47540337 0.74145603
tennis racket 0.5833275 0.5082945 0.550252 0.6036375 0.58587754
tennis racket 0.573365 0.49755624 0.49297377 0.5980941 0.5345605
spoon 0.5455866 0.47558144 0.9352949 0.5059083 1.0
tennis racket 0.5134357 0.5543187 0.584426 0.6286798 0.630645
wine glass 0.50442255 0.45404157 0.38723752 0.48809108 0.40455645
tennis racket 0.5033154 0.44327158 0.74963385 0.47605044 0.7634847
wine glass 0.49929106 0.4547774 0.366503 0.48847082 0.39282295
clock 0.499126 0.38662142 0.16837765 0.4534223 0.21069692
wine glass 0.48032823 0.45234478 0.40337303 0.48766404 0.42365983
microwave 0.46056068 0.46686968 0.66529405 0.7168802 0.91894895
couch 0.43747512 0.29149035 0.06474794 0.45484355 0.28271368
tennis racket 0.43117705 0.55426264 0.5848506 0.6456493 0.6306406
tennis racket 0.39056578 0.5339339 0.6430425 0.61155725 0.70324177
tennis racket 0.38925883 0.534317 0.5187907 0.6561419 0.5673508
tennis racket 0.38190997 0.44347507 0.70980734 0.4736641 0.7245597
spoon 0.37937358 0.74968344 0.5461621 0.8643661 0.6542261
couch 0.37291944 0.29726556 0.0008177962 0.3939742 0.09231103
tennis racket 0.3453889 0.52880466 0.5192619 0.62440014 0.5667251
cake 0.3187484 0.5362796 0.0 0.60032517 0.04597754
