microwave 0.7549734 0.44733873 0.2675475 0.5989867 0.400576
tennis racket 0.70241755 0.5045746 0.16813914 0.6299168 0.1959158
tennis racket 0.6931994 0.5058749 0.19745432 0.63225 0.22613911
microwave 0.56861997 0.8085486 0.83195806 0.9899805 1.0
cell phone 0.5550615 0.44364923 0.26721624 0.5945521 0.40074608
banana 0.5520392 0.61500746 0.23976497 0.65218294 0.2628407
toaster 0.5307677 0.6244384 0.6623705 0.654872 0.8183338
microwave 0.52890503 0.81489897 0.79465556 0.99561375 0.99817276
banana 0.5001869 0.62802184 0.20077978 0.6575238 0.21750034
wine glass 0.48828208 0.21311162 0.6044206 0.24821381 0.6208282
banana 0.46865898 0.60974467 0.2250736 0.6511117 0.26203895
wine glass 0.4647294 0.3177818 0.50730336 0.35165566 0.5200403
wine glass 0.46058658 0.31208062 0.62053704 0.34824726 0.63452816
tennis racket 0.43666217 0.5287022 0.59720546 0.5904934 0.6264532
banana 0.41838202 0.6282646 0.21566483 0.65764946 0.23892307
spoon 0.38453725 0.62902194 0.042224094 0.6642912 0.20490813
banana 0.38327003 0.60989976 0.22628468 0.6375792 0.24496895
sandwich 0.3404543 0.62802184 0.20077978 0.6575238 0.21750034
