microwave 0.90169615 0.4948913 0.14937742 0.73393124 0.3382014
tennis racket 0.6918889 0.44856578 0.7617163 0.5476658 0.7944154
microwave 0.64883685 0.5290717 0.54923844 0.9240676 0.7833389
knife 0.5907705 0.4467485 0.82663727 0.49224144 0.8381382
spoon 0.56891763 0.5270417 0.7663459 0.5543179 0.79346186
knife 0.50931287 0.4444266 0.84558886 0.49206457 0.8750184
microwave 0.50786334 0.52658033 0.55924875 0.5720446 0.77163
wine glass 0.43987492 0.5278488 0.7934002 0.55744714 0.8210457
spoon 0.39050937 0.5278488 0.7934002 0.55744714 0.8210457
knife 0.36320242 0.44248745 0.8423426 0.49138847 0.85464776
